155
0
5
0
19
0
18
0
0
0
0
1
0
0
0
5
0
37
7
9
262
157
0
1
12
113
0
0
23
1
65
102
0
0
29
5
35
48
0
4
56
83
120
76
0
89
0
35
0
0
85
36
943
32
178
110
4
32
3
0
0
34
3
6
16
238
0
0
23
76
0
69
122
46
2
16
2
0
91
129
39
167
37
0
9
332
164
1
267
17
934
0
13
0
122
98
591
368
0
1
0
0
0
32
0
8
0
604
689
683
6
0
12
20
7
4
70
0
0
38
617
273
127
0
53
24
29
593
0
9
92
0
0
0
0
0
0
0
0
1
0
0
0
0
2
22
34
103
0
7
0
8
8
0
1
0
0
57
13
0
34
84
70
0
12
369
8
0
0
69
123
7
63
59
45
0
3
0
10
26
4
0
0
107
0
0
1
15
69
0
25
0
0
191
197
133
7
0
11
276
33
25
0
13
95
43
0
2
0
236
37
3
0
0
0
61
184
13
137
152
11
2
1
55
0
1
0
8
2
1
111
0
0
31
0
898
0
0
37
68
257
0
0
93
0
242
8
0
37
0
239
646
60
0
0
22
8
0
1717
627
0
99
8
6
11
200
8
58
221
0
129
251
114
7
8
0
0
18
0
77
3
0
0
0
0
0
2
9
192
0
0
527
0
3
0
0
0
14
0
0
64
0
0
22
57
1
12
309
1
0
0
0
61
1
0
0
12
0
7
0
340
0
0
2
268
9
0
113
3
5
228
88
154
62
21
2
2
0
100
956
14
27
19
2
0
4
22
57
0
0
0
21
162
0
273
0
0
163
6
0
0
504
268
45
8
0
0
11
32
178
0
112
110
4
0
13
29
42
67
1
34
0
149
1
0
0
0
5
7
51
45
19
147
0
21
0
0
6
4
1
36
8
3
4
0
42
55
9
14
0
8
0
1
0
4
370
184
85
0
12
0
0
68
210
0
0
7
1
0
0
17
133
0
0
0
6
11
0
287
1
0
296
0
159
53
47
0
0
4
0
142
8
241
24
0
112
0
18
0
48
1669
39
3
60
89
0
1134
0
95
26
0
2
3
1
160
1
1
41
9
0
0
4
0
0
6
130
1
213
0
91
28
19
2
201
20
0
0
1
19
326
39
1
0
14
4
19
26
5
8
0
0
0
6
1
147
14
92
0
28
156
15
1
2
50
15
169
19
12
5
28
0
3
344
5
21
0
5
0
76
0
9
290
0
44
0
0
266
0
2
0
19
481
3
0
0
0
2
11
0
15
14
12
1
118
532
0
0
0
0
10
0
0
0
0
192
0
17
381
0
21
0
1
0
0
3
0
8
0
2
4
0
112
0
134
0
145
78
5
4
45
2
2
6
29
15
0
1
9
41
0
6
0
5
0
0
0
0
25
2
0
17
2
121
0
0
0
32
19
43
12
10
1
0
0
1
16
176
17
0
18
35
4
1
81
28
0
0
14
20
3
40
45
14
0
103
25
0
0
400
237
1
0
0
1
0
172
0
39
0
0
0
3
131
7
135
12
24
0
69
0
0
2
0
1
8
5
19
2
9
4
19
177
77
94
83
2
0
30
34
9
21
0
0
0
235
30
0
0
7
0
2
143
0
396
0
0
175
2
9
0
2
126
0
0
312
1
36
64
8
51
21
166
0
2
875
0
0
0
0
8
0
0
0
29
3
0
190
0
64
1
0
0
1
46
7
101
19
0
0
135
3
50
12
16
28
0
0
2
6
125
3
3
0
68
3
266
4
0
1
3076
52
37
0
24
0
0
0
1
222
0
1
0
73
1
126
67
10
122
0
0
0
8
55
33
0
4
0
0
28
0
0
239
0
0
0
1
0
0
0
0
0
60
0
0
0
0
0
0
0
0
0
32
11
8
80
34
9
29
23
498
151
9
233
1
4
0
0
0
0
0
0
0
0
0
1773
8
0
0
0
0
0
0
5
0
4
0
100
6
0
1
202
0
514
25
0
0
164
76
24
4
484
37
0
11
163
10
5
12
6
107
33
46
0
0
10
3
44
38
31
0
230
0
0
1
1107
0
17
0
36
17
27
0
1
1
11
1
0
7
187
0
0
0
10
0
12
0
159
70
0
0
0
0
4
0
1
438
1
0
71
0
0
0
0
14
0
69
0
0
304
788
26
13
37
0
0
0
101
812
0
189
1
0
17
0
5
0
29
0
27
0
0
1
9
23
0
163
1
0
25
5
0
0
81
1
0
17
89
15
102
7
0
0
7
0
6
0
1
2
35
0
0
262
0
0
0
0
0
0
20
15
6
0
0
13
2
3
0
0
0
0
0
57
0
0
0
0
0
183
23
0
0
21
0
0
11
0
22
0
0
0
0
0
0
0
0
26
65
6
0
1
40
47
10
0
1
155
7
0
0
0
320
8
0
1
15
109
0
19
1121
30
32
0
8
16
1
56
6
1079
3
1
379
0
1
0
67
0
33
1
86
140
12
2
274
10
7
212
9
0
0
563
0
15
24
6
74
3
6
2
4
0
31
29
34
3
0
0
31
1
52
101
14
27
2
0
37
0
20
84
1
1
103
0
0
0
144
109
408
5
42
29
3
166
225
0
0
0
0
0
0
0
0
0
0
0
43
0
0
1
53
19
88
32
6
5
17
11
0
0
0
19
0
19
21
5
37
35
0
0
21
20
15
0
0
2
50
0
0
13
34
0
0
0
0
3
0
0
12
2
4
9
15
72
56
14
0
1
0
0
0
0
0
0
0
0
0
0
0
0
0
0
0
0
0
0
0
0
0
0
0
0
0
0
0
0
0
0
0
0
0
0
0
0
0
0
0
0
0
0
0
0
0
0
0
0
0
0
0
0
0
0
0
0
0
0
0
0
0
0
0
0
0
4
0
0
0
0
0
0
0
0
0
0
0
0
0
0
0
0
0
2
0
0
1
0
0
0
0
0
2
2
0
0
0
0
0
0
0
0
0
0
0
0
0
0
0
0
0
0
0
0
0
0
0
1
0
0
0
0
0
0
0
0
0
0
0
0
0
0
0
0
0
0
0
0
0
0
0
13
0
0
0
0
0
0
0
0
0
0
0
0
0
0
0
0
0
0
0
0
0
0
0
0
0
0
0
0
0
0
0
0
0
0
0
4
0
0
0
0
0
0
0
0
0
0
0
0
1
0
0
0
0
0
0
0
0
0
0
0
0
0
0
0
0
0
0
0
0
0
0
0
0
0
0
0
0
0
0
1
0
0
0
0
0
1
0
0
0
0
2
0
0
1
0
0
0
0
0
1
0
0
0
0
0
0
0
0
0
0
0
0
0
0
0
0
0
0
0
0
0
0
0
0
0
0
0
0
0
1
0
0
0
0
0
0
0
0
0
0
0
0
0
0
0
0
0
0
0
0
0
0
0
1
0
0
0
0
0
0
0
0
0
0
0
0
0
0
0
0
0
0
0
0
0
0
0
0
0
0
0
0
0
0
0
0
0
0
0
0
0
0
0
0
0
0
0
0
0
0
0
0
0
0
0
0
0
0
0
0
0
0
0
0
0
1
0
0
0
0
0
0
0
0
0
0
0
0
0
0
0
0
0
0
0
0
0
0
0
0
0
0
0
0
0
0
0
0
0
0
0
0
0
0
0
0
0
0
0
0
0
0
0
21
0
3
0
0
0
0
0
0
0
0
0
0
0
0
0
0
0
0
0
0
0
0
0
0
0
0
0
0
0
0
0
0
0
0
0
0
0
0
0
0
0
0
0
0
0
0
0
0
0
0
0
0
0
0
0
0
0
0
0
4
1
0
0
0
0
0
0
0
0
0
0
0
0
0
0
0
3
0
0
0
0
0
0
0
5
1
0
0
0
1
0
0
0
0
0
3
0
0
0
0
2
0
1
0
1
2
0
0
0
0
2
0
0
0
0
0
0
0
0
0
0
0
0
0
0
0
0
0
0
17
0
0
0
0
0
2
2
0
0
30
0
0
0
0
0
0
1
0
0
0
0
2
0
0
0
1
0
0
0
0
1
4
1
0
2
12
2
0
0
0
0
0
0
0
2
0
0
0
0
0
5
0
0
0
0
0
34
0
1769
0
0
0
0
1
0
0
0
1
0
2
0
0
0
0
0
1
0
5
8
0
0
0
0
0
0
0
0
0
0
0
0
0
0
0
0
15
0
0
0
0
1
0
0
0
0
0
0
0
0
0
0
0
1
0
0
2
0
0
0
0
2
0
0
0
0
0
1
0
0
0
0
0
0
0
0
0
0
0
0
0
0
0
0
0
0
0
0
0
0
98
0
0
0
0
2
0
0
0
0
0
0
0
0
0
0
0
0
0
0
0
0
0
0
0
0
1
2
159
9
0
21
38
93
0
120
12
74
142
0
12
47
0
11
9
3
26
62
2
357
6
4
4
3
15
11
21
15
59
0
0
8
2
29
6
0
113
14
30
0
0
10
8
0
14
4
15
27
471
0
0
0
53
0
0
0
0
0
0
0
0
135
10
6
75
2086
25
11
30
0
2
3
317
128
0
1
0
21
260
0
5
1
14
0
5
0
0
2
0
3
35
0
0
0
0
82
43
158
79
80
168
93
198
0
5
0
0
0
0
2
0
0
0
172
0
36
182
1
0
0
19
0
1
0
23
229
57
13
35
0
0
74
166
2
26
4
855
0
820
35
0
0
5
0
0
1
11
55
8
23
2
9
169
20
3
0
1
5
80
103
36
33
0
44
50
57
56
35
0
0
46
65
2
239
1
0
13
405
3
3
155
76
4
128
597
176
30
187
0
67
36
151
16
46
2
10
15
0
118
8
11
0
75
0
0
32
743
8
90
5
23
48
3
7
0
1
143
19
104
0
0
24
3
1
369
7
18
1
18
0
0
45
17
4
29
1
32
18
27
114
35
1
4
28
24
2
0
29
0
8
0
14
70
92
46
49
0
0
0
36
3
564
78
902
0
0
22
0
48
1
3
7
0
290
0
0
0
0
0
0
971
230
7
0
16
3
22
562
16
0
0
12
8
0
1
1
29
1
98
37
172
26
5
19
7
106
0
18
0
0
0
23
0
0
53
0
0
21
0
0
0
0
9
0
46
0
5
24
23
1114
55
97
87
0
403
1
18
1
9
836
0
43
0
4
0
0
2
535
242
223
99
2
5
0
13
0
0
48
0
0
0
0
2
0
99
0
0
13
733
47
0
618
10
0
0
52
2
59
25
3
18
0
0
154
73
1
10
56
8
0
42
93
1
3
80
25
0
301
32
1
8
539
58
0
43
3
129
0
0
0
4
2191
38
0
1
0
12
0
33
3
0
0
42
51
246
61
44
572
2805
0
0
0
581
59
2
1421
85
35
1276
0
0
13
1
3
69
0
1
0
13
4
260
5
2
2
0
0
0
7
0
0
0
4
0
0
0
0
0
0
135
0
0
0
0
0
0
1
0
0
0
0
0
0
0
0
0
0
0
0
0
0
0
0
0
0
0
33
0
0
24
0
0
0
0
246
0
0
159
5
0
1
0
15
1294
0
0
69
0
0
6
0
3
0
0
14
93
0
17
5
1
0
26
106
22
118
38
12
0
0
109
8
16
62
32
0
0
2
2
61
9
113
26
23
3
0
15
0
4
8
0
88
0
0
0
10
188
191
997
0
48
91
48
44
0
9
0
0
4
6
0
1
3042
9
19
31
0
0
0
0
0
0
0
0
0
0
0
0
0
0
0
19
0
25
15
4
52
48
0
0
3
50
2
10
0
2
34
207
1
1
1
100
0
8
9
10
127
90
0
2
15
0
133
147
1
112
48
1249
141
5
1
0
0
0
13
24
23
316
0
17
16
149
25
0
0
13
41
17
0
12
39
13
20
25
45
1
0
8
0
0
0
0
0
0
0
0
0
0
0
0
0
0
0
0
0
0
0
0
0
0
0
0
0
3
15
4
2
0
8
7
3
504
131
0
75
108
8
0
7
5
0
0
0
0
0
0
0
0
0
0
0
0
23
0
0
0
0
0
2
236
650
10
48
1489
1
0
4
4
11
18
0
11
424
12
0
0
15
0
23
1
0
0
42
45
48
1
1
0
31
0
83
9
0
282
2
1
0
0
60
4
74
28
0
0
0
1
180
0
5
0
1
24
25
897
12
0
137
69
0
123
0
35
95
86
0
0
5
52
1
195
196
1
0
241
4
17
43
5
221
56
20
14
1
0
1058
7
30
0
0
0
0
5
23
19
220
2
0
2
1
52
401
12
5
43
78
16
0
0
0
14
2
21
2
4
57
0
5
7
0
0
0
0
0
0
0
0
0
0
0
0
0
0
0
47
23
978
12
0
0
0
0
0
0
0
0
0
0
0
0
0
0
0
0
107
12
203
0
0
0
9
13
0
219
7
18
51
2
0
0
6
5
85
59
0
32
217
110
56
5
0
2
0
2
19
74
32
193
53
32
1
0
318
37
145
2
29
347
0
0
33
67
0
0
0
0
12
16
106
0
7
9
3
10
0
0
4
0
7
0
0
0
10
43
12
156
0
62
0
6
2
1
5
1
284
44
88
1543
22
391
5
108
4
281
37
0
16
20
0
34
197
94
1
0
0
0
0
0
0
0
0
0
60
0
0
0
0
771
6
60
0
0
0
0
0
0
0
0
0
0
0
0
0
0
0
0
0
0
0
0
0
0
0
0
0
0
0
0
0
0
0
0
0
0
0
0
0
0
0
0
0
0
0
0
0
0
0
1
0
0
0
0
0
0
0
0
0
0
0
0
0
0
0
0
0
0
0
1
0
0
0
0
0
0
0
0
0
0
1
0
0
0
1
0
1
1
0
0
0
0
1
0
0
0
0
0
0
0
0
0
0
0
0
0
0
0
0
0
0
0
0
0
0
0
0
0
0
0
0
0
0
0
0
0
0
0
0
0
0
0
0
0
0
0
0
1
0
0
0
0
0
0
0
0
0
0
0
0
0
0
0
0
0
0
0
0
0
0
0
0
0
0
0
0
0
0
0
0
0
2
8
0
0
0
0
0
0
0
0
0
0
3
0
0
0
0
0
0
0
0
0
0
0
0
0
1
0
0
0
0
0
0
0
0
0
0
0
0
0
0
0
0
0
0
0
0
0
0
0
0
0
0
0
2
0
0
0
4
0
0
0
0
0
0
0
0
0
0
0
0
0
0
0
0
0
0
0
0
0
0
0
0
0
0
0
0
0
0
0
2
0
0
0
0
0
0
0
0
0
0
0
0
0
0
0
0
0
0
0
0
0
0
0
0
0
0
0
0
0
0
0
0
1
0
0
0
0
0
0
0
0
0
0
0
0
0
0
0
0
0
0
0
0
0
0
0
0
0
0
0
1
0
0
0
0
0
0
0
0
0
0
1
0
0
0
0
0
0
0
0
0
0
0
0
0
0
0
0
0
0
0
0
0
0
0
0
0
0
0
0
0
0
0
0
0
0
0
0
0
0
0
0
0
0
0
0
0
0
1
0
0
0
0
0
0
0
0
0
0
12
0
0
0
0
0
0
0
0
0
0
0
0
0
0
0
1
0
0
0
0
0
0
0
0
0
0
0
0
0
0
0
3
0
0
0
5
0
0
0
0
0
1
0
0
0
0
0
0
0
0
0
0
1
0
0
0
0
0
0
0
0
0
0
0
0
0
0
0
0
0
0
0
0
0
0
0
0
0
0
0
1
0
0
0
0
0
2
0
0
0
0
0
0
3
0
0
0
0
3
0
3
0
0
0
3
0
0
0
0
0
0
1
0
0
33
0
0
0
0
0
0
47
0
0
0
0
0
0
1
0
0
1
0
0
0
0
0
3
0
3
10
48
7
0
0
0
0
0
0
0
0
0
0
7
0
0
0
5
1
0
1
0
0
0
0
0
0
0
0
0
0
4
6
4
3
7
0
8
0
0
0
0
0
0
0
0
0
0
0
0
0
0
11
0
0
0
0
0
0
0
0
0
0
0
0
1
0
0
0
0
0
0
1
0
0
0
0
0
0
0
0
0
0
0
0
0
0
0
0
0
0
0
0
0
0
0
0
0
0
0
0
0
0
0
0
0
0
0
0
0
2
3
0
0
0
0
0
0
0
0
0
111
15
0
0
0
0
15
0
0
0
297
0
428
17
0
0
6
0
2
4
9
46
2
7
0
3644
4
0
2
17
0
0
2
0
29
2286
1
2
67
14
0
159
5
6
0
22
2
16
2110
0
127
70
8
55
186
38
70
127
30
36
0
41
2
1
11
3
2
20
0
221
0
1
1
18
0
1
5
34
3
0
0
2
1
0
10
37
9
11
11
22
2
102
1
11
5
100
1
5
5
2
0
0
1
173
0
0
153
0
0
0
23
0
512
2
38
169
48
2593
171
10
284
39
32
85
18
58
83
1
2
62
80
551
6
4
0
0
0
1
2
45
0
9
6
30
0
102
115
0
0
0
18
0
1
1
149
0
2
10
0
0
0
0
0
0
4
22
0
0
0
53
68
0
2631
0
0
0
0
0
0
0
0
20
0
0
0
18
0
0
0
0
34
0
0
0
0
0
0
0
0
54
0
0
0
0
0
0
9
0
0
0
0
0
0
0
68
0
0
0
0
0
0
0
0
0
35
425
0
0
0
0
0
39
0
16
2
11
278
2
0
322
63
1
3
209
0
0
1
3
1
7
3217
5
0
0
7
0
78
27
16
34
19
2
2
0
5
83
3
11
0
0
3
7784
0
5931
2
13
64
1
1
2
1
10
3
6
214
47
61
1
0
4
20
2
0
4
7
23
3
392
0
0
0
2
3
0
0
7
3
2
5
5
27
0
19
5
5
0
210
0
5
0
17
38
6
61
4
0
63
27
252
0
30
127
1
0
104
7
289
7
0
0
33
1
3
44
163
23
9
9
11
13
0
1
19
10
0
0
9
49
94
0
54
0
126
35
1
0
0
106
0
0
191
0
0
0
2
1
88
2
2
5
0
0
2
0
23
2
36
1
39
0
4
94
12
3
4
113
246
7
1
0
29
147
0
0
3
0
0
41
12
1
96
0
27
1
13
1
4
9
5
2
67
35
0
29
1
72
0
4
0
5
20
0
0
0
155
113
0
5
57
0
1
0
4
1
0
0
8
7
4
1
48
1
4
1831
2
1
0
11
1
7
3
0
58
1
32
0
0
3
3
130
27
1
1
0
0
0
0
0
11
1
0
140
3
4
0
5
1
0
12
1194
154
4
0
8
0
0
0
0
0
51
0
0
0
0
0
0
0
0
17
0
0
2
6961
30
1
1986
3
21
35
4
71
99
0
0
0
130
1
0
42
0
21
120
6
2
0
2
0
0
0
121
0
0
0
67
2
76
13
0
0
0
91
2
155
14
5
0
349
1
5
1
111
2
0
8
0
2
1
11
8
10
0
0
1
0
0
0
0
0
0
0
0
9
0
0
177
1
4
14
308
44
1
173
3
82
195
0
0
0
0
23
4
1
0
4
0
52
0
20
24
18
7
33
0
18
119
0
46
49
2
39
68
3
0
1
0
47
0
9
0
3
0
48
2
5
9
89
6
146
0
0
5
333
62
211
0
363
7
0
0
4
1
0
60
0
18
169
26
60
84
6
426
6263
0
143
99
1
0
249
35
0
1583
0
17
8
2
21
185
0
5
36
175
0
1
0
2
8
2
0
4
0
25
5
0
25
2
55
4
13
0
5
0
37
0
0
0
0
31
17
0
0
0
1
0
6
2
89
5
0
13
24
8
0
1
6
1
1
134
0
0
21
0
1
0
153
40
4
0
0
0
0
8
0
1
114
9
0
0
666
21
76
4
396
6
0
7
0
1
528
125
96
1
58
117
116
59
12
103
118
11
13
2
0
17
334
0
81
83
26
7
0
4
0
15
5
3
94
0
88
0
1291
3
230
4
8
190
0
0
19
10
2
315
193
6
16
87
967
0
159
1
2
0
1
98
0
144
0
43
9
61
10
3
1
227
23
56
15
0
4
0
33
24
10
14
1
24
0
0
0
0
0
0
0
0
9
0
0
22
56
2
12
1
0
33
14
48
209
14
15
178
9
105
188
20
17
87
0
7
29
3830
164
0
90
0
0
1
69
6
183
3
87
3
12
10
0
1
4
28
83
0
0
60
527
0
320
1
6
109
7
4
17
41
10
3
22
307
0
2
1
2
0
0
0
338
7
291
0
1145
0
1
0
11
10
208
0
9
1
80
1
0
0
4
23
163
13
14
0
40
0
62
2
0
0
16
0
0
0
355
0
31
11
0
0
10
0
71
0
1
30
2
13
138
32
51
7
8
5
0
70
2
1
3
1
69
1
30
701
21
0
28
41
34
27
0
2
165
0
72
16
30
4
1
58
0
0
0
2
8
1
20
75
177
41
12
38
237
138
0
17
7
19
0
0
0
0
0
30
6
2
5
0
21
73
37
117
51
0
0
20
0
2908
2
1
16
0
5
131
155
65
102
14
907
9
3
0
0
1
8
92
0
0
103
0
27
28
1
0
1
1
7
12
17
0
53
53
0
35
0
0
0
150
0
1
0
0
4
177
1
0
53
39
4
3
0
20
12
46
1
1
4
15
2
0
196
3
2
0
6
31
0
71
2
0
34
18
0
1
0
2
171
0
10
2
2
255
114
0
28
0
3
33
3
8
0
10
0
6
15
0
84
0
0
0
0
57
9
0
1
73
25
18
14
9
416
1
37
1
1
37
30
215
24
15
62
6
26
0
17
13
0
227
12
6
117
0
54
3
78
0
152
170
10
90
0
282
3
99
89
0
1
0
0
0
0
0
2
0
0
0
402
35
34
93
34
38
90
16
24
1
0
45
9
5
18
1
1
58
190
48
10
26
561
0
4
388
1
5
0
10
27
0
0
0
43
3
0
57
14
7
0
8
0
8
0
0
0
0
0
0
0
0
6
0
6
0
0
0
48
0
0
1
0
146
78
111
22
15
19
0
0
0
18
1
8
24
0
0
5
30
2
0
7
0
2
36
50
0
0
3
0
2
62
153
30
0
0
2
41
0
1
3
0
0
0
0
0
5
330
12
5
0
0
7
0
1
0
203
1
0
0
58
1
36
0
0
0
0
0
0
17
0
0
0
0
0
0
0
0
0
0
0
0
0
0
0
0
0
0
0
0
0
0
0
0
0
0
0
0
1
45
33
0
8
47
1
3
0
0
0
17
4
17
25
8
0
5
3
10
13
9
21
0
83
57
42
3
262
0
173
87
208
0
1
0
0
7
169
38
1
5
0
2
224
0
24
13
1
0
3
3
0
6
2
69
0
0
0
0
0
2
0
8
4
0
0
0
9
3
0
0
11
50
0
0
1
5
33
7
2
194
232
65
307
10
0
0
0
0
122
185
0
7
2
0
0
20
2
255
24
1
110
129
2
8
2
11
4
0
1
6
17
8
3
3
9
11
0
10
2
0
5
0
28
280
0
3
85
387
11
0
0
3495
39
30
0
62
22
1
0
239
0
0
1
29
72
3
1
26
27
0
55
496
0
0
10
1
2
0
8
25
18
0
18
13
16
331
301
2
8
9
0
0
328
0
39
15
22
52
33
7
1
0
15
8
8
0
269
7
1
13
176
1
8
1
0
0
1
0
0
0
0
0
0
7
8
5
176
1
13
11
32
1
69
20
19
9
476
205
0
199
35
72
338
51
0
0
34
1
0
23
4
0
9
11
3
9
0
12
0
0
181
52
8
0
0
0
0
0
4
22
0
16
745
15
70
0
230
43
107
0
20
20
0
0
0
0
0
0
0
0
0
0
0
0
0
0
0
0
0
0
0
0
0
0
0
0
0
0
0
0
0
0
0
0
52
0
0
0
0
0
0
5
0
0
0
1
0
0
1
0
0
0
0
1
0
0
0
0
0
0
0
0
0
0
0
0
0
0
0
0
0
0
0
0
0
0
0
0
0
1
0
0
0
0
0
0
0
0
0
0
0
0
0
0
1
0
0
0
0
0
0
0
0
0
0
0
0
0
1
0
0
0
0
0
0
0
0
0
0
0
0
0
0
0
0
0
0
0
0
0
2
0
0
0
0
0
0
1
0
0
0
0
0
0
0
0
0
0
0
0
0
0
0
0
0
0
0
0
0
0
0
0
0
0
0
0
0
0
0
0
0
0
0
0
0
0
0
0
0
0
0
0
0
0
0
0
0
0
0
11
0
0
0
0
0
0
0
0
0
0
0
0
0
0
0
0
0
0
0
0
0
0
0
0
0
0
0
0
0
0
0
0
1
0
0
0
0
0
0
0
0
0
0
0
0
0
0
0
0
0
0
2
0
0
0
0
0
0
0
0
0
0
0
0
0
0
0
0
0
0
0
0
0
0
0
0
0
0
0
0
0
0
0
0
0
0
0
0
0
0
2
0
0
0
0
0
0
0
0
0
0
0
50
0
0
0
0
0
0
0
0
0
0
0
0
0
0
0
0
1
0
0
0
0
0
2
0
0
0
2
0
0
0
0
0
0
0
0
0
0
0
0
0
0
1
0
0
0
0
1
0
0
1
0
0
0
0
0
0
0
0
0
0
0
0
0
0
0
0
0
0
0
1
0
0
0
0
0
0
0
2
0
18
0
0
0
0
0
0
0
0
0
0
0
0
0
0
0
0
0
1
2
1
0
2
0
0
0
0
0
0
0
0
0
0
3
0
0
0
4
5
0
0
0
0
4
0
0
0
0
0
0
0
5
0
0
9
0
0
62
0
0
0
0
0
0
0
0
0
0
0
0
9
0
0
0
0
0
2
241
2
0
49
1
0
0
0
2
253
0
0
2
0
1
2
0
3
0
4
3
0
2
0
1294
0
298
0
0
0
0
0
0
20
0
0
0
0
0
0
0
0
0
0
0
0
11
0
0
0
0
3
0
2
0
0
0
1
0
1
0
141
0
0
2
0
0
0
0
0
0
0
3
0
0
0
0
15
0
0
0
0
0
0
0
0
0
62
0
0
0
0
0
0
1
0
0
0
0
0
3
7
0
0
0
0
0
0
0
0
5
0
5
0
0
0
0
2
0
0
0
0
0
0
0
32
0
2
0
0
0
1
1
2
0
0
0
0
0
0
0
0
3
40
0
1
0
0
2
1
0
0
0
0
0
0
0
0
0
0
0
3
0
0
5
33
1
0
0
0
18
234
2
20
3
1
2
11
17
55
92
12
528
0
161
1065
78
2
0
456
69
0
3
0
0
9
17
9
0
31
0
10
0
8
6
22
205
12
223
0
0
17
838
0
41
84
2
6
21
2
4
138
32
550
29
33
4
4
0
308
5
22
13
145
3
0
0
99
1
0
4
135
376
39
62
59
3
137
4
0
0
0
165
30
67
24
0
8
0
27
0
79
1754
0
0
370
7
0
1
0
1
54
0
1
0
9
7
39
2
1
3
2
42
8
2
25
55
8
0
11
1
401
1
0
222
228
0
4
181
0
206
99
1
34
11
115
0
0
0
30
2
11
753
0
96
0
0
3
0
20
0
15
54
0
0
15
56
0
761
0
0
2
5
7
0
54
16
69
71
20
0
7
16
80
12
34
57
7
16
22
160
44
3
12
60
0
14
53
21
66
22
9
57
6
10
7
29
0
0
30
150
94
34
201
258
7
2127
127
20
28
31
235
348
57
102
0
1
14
0
0
1
10
39
0
20
5
0
21
6
0
20
254
54
263
256
91
228
63
132
628
2
0
2
44
10
79
0
0
9
120
0
383
7
36
3
281
43
53
201
0
0
16
169
0
44
11
14
65
5
0
230
14
16
14
0
0
0
2
0
0
237
10
214
455
0
30
4
71
0
0
2
1
108
0
133
16
0
12
0
612
104
7
437
0
0
0
31
147
34
2
0
0
0
0
0
0
0
0
0
4
0
0
0
0
0
8
12
8
0
0
22
3
1302
2
1
0
0
0
0
49
0
3
0
270
0
130
470
21
75
4
1
0
58
58
1170
3
1
0
0
0
0
0
0
0
0
0
0
25
46
190
133
0
183
1
144
159
30
1
0
424
26
1
2
84
1
0
61
42
11
1
2
108
3
36
7
21
0
0
0
0
8
10
33
0
22
13
800
0
1
0
15
24
1
63
0
77
0
0
0
9
0
37
2
6
27
0
0
72
0
55
0
74
1
185
8
3
3
11
1692
72
24
149
0
0
3
46
34
10
11
9
9
64
142
607
0
11
0
175
0
1
1
77
522
2
1
38
0
0
0
0
91
8
0
78
10
2
0
7
11
0
4
392
1
0
40
0
105
130
7
36
183
10
0
11
9
0
0
13
20
1
0
6
43
277
0
18
0
18
40
1530
0
0
10
4
58
10
1
5
19
55
23
310
0
10
0
8
6
140
2
0
118
40
0
36
5
0
0
0
129
11
19
5
0
291
13
89
206
0
0
0
0
0
0
0
0
0
0
0
0
0
0
0
0
0
0
0
2
0
0
1376
3
0
3
5
16
42
0
6
0
0
0
3
37
193
0
0
594
0
0
0
0
0
0
0
0
0
47
0
21
112
2
3
665
0
0
584
422
55
0
338
40
563
29
22
5
0
0
63
26
1
170
0
66
74
0
477
63
0
0
0
0
0
0
0
0
0
0
1
0
0
0
0
1
0
0
0
0
0
0
0
0
0
0
0
0
0
0
0
0
0
0
0
0
0
0
0
0
0
0
0
0
0
0
0
0
0
0
0
0
0
0
3
0
0
0
0
0
0
2
0
0
7
0
0
5
0
0
4
0
0
0
0
5
0
0
0
0
0
0
0
0
0
0
7
0
0
0
1
0
0
0
0
0
0
0
0
0
0
0
0
0
0
0
0
0
0
0
0
0
0
0
0
0
0
0
2
0
0
0
0
0
0
0
3
0
0
0
0
0
0
0
0
0
0
0
0
0
0
0
0
0
0
0
0
0
0
0
0
0
0
0
0
0
0
0
0
0
0
0
0
0
0
0
0
0
2
0
0
0
0
0
0
0
0
0
0
0
0
0
0
0
0
0
0
0
0
0
0
0
0
5
0
0
0
0
0
0
0
0
0
1
0
0
1
0
0
0
0
0
0
0
0
0
0
0
13
0
0
0
0
0
0
0
0
0
0
0
0
1
0
0
0
0
0
0
1
0
0
0
0
0
0
0
0
0
0
0
0
0
0
0
0
0
0
0
0
0
0
0
0
0
0
0
0
0
0
0
0
0
0
0
0
0
0
0
0
0
0
0
0
0
0
0
0
0
0
0
0
0
0
0
0
0
0
0
0
0
0
0
0
0
0
0
0
0
0
0
0
0
0
0
0
0
0
0
0
0
0
0
0
0
2
0
0
0
0
0
0
0
0
0
0
0
0
0
0
0
0
0
0
0
1
0
0
0
0
0
0
0
0
0
0
0
0
0
0
0
0
0
0
3
0
0
0
0
0
0
0
0
0
0
0
0
0
0
0
0
0
0
0
0
0
0
0
0
0
0
0
0
0
0
0
0
0
0
0
0
0
0
0
0
10
0
0
0
0
0
2
0
0
0
0
0
0
0
0
0
0
0
0
0
0
4
0
0
0
0
0
0
0
0
0
0
0
1
0
0
0
0
0
0
0
0
0
1
0
0
0
0
0
0
0
24
0
0
0
0
0
0
0
16
1
0
0
0
0
0
0
0
0
0
0
0
0
0
1
0
47
1
29
32
0
0
0
7
52
0
0
0
1
0
0
0
0
0
0
0
0
2
162
187
9
0
4
1
0
1
2
7
0
0
2
0
4
0
0
55
0
0
0
0
0
6
0
0
0
2
14
0
0
0
0
0
0
0
0
0
0
0
0
1
0
0
0
0
0
0
0
0
0
0
0
0
0
0
0
0
0
0
0
0
0
0
0
0
0
0
0
0
0
0
1
0
0
86
2
11
0
69
1
0
12
1
156
5
0
103
40
268
2
4
3
12
1
1
138
18
0
0
0
0
0
0
636
0
0
0
0
0
0
0
0
0
0
0
0
0
0
0
0
164
0
0
0
0
0
0
0
0
0
0
0
0
0
0
18
0
0
0
0
0
0
0
0
0
0
0
0
0
0
0
29
0
0
3
251
6
278
3
1
0
11
41
531
31
0
1
0
3
0
0
0
0
0
0
0
62
0
0
0
0
0
15
3
6
18
1
59
53
0
175
32
0
0
0
0
405
18
0
0
22
4
14
61
31
106
0
83
3
282
3
11
45
9
4
91
129
21
73
0
0
75
37
0
131
11
26
4
6
15
145
31
0
20
66
93
0
71
68
10
42
0
1
10
18
59
123
10
15
23
8
100
25
3
0
4
5
26
23
0
0
156
0
0
1
0
0
5
0
0
1
0
1
0
90
0
1
0
0
0
118
0
3
0
38
3
0
0
79
0
0
221
3
0
0
6
0
1170
30
0
2
5
0
0
0
0
9
10
0
1
0
49
0
100
80
173
8
4
51
0
0
0
7
0
0
9
0
0
323
0
72
17
0
79
190
14
5
0
4
9
10
2
0
0
31
13
46
9
0
0
0
0
0
0
22
0
0
38
223
26
2
19
0
2
32
0
52
0
2
105
0
11
22
9
21
0
119
82
0
12
4
19
0
49
0
8
0
14
3
14
6
2
16
45
44
42
2
157
0
54
63
42
9
116
24
69
0
165
98
865
0
0
0
4
156
0
99
0
0
0
131
0
64
23
0
0
0
41
14
53
0
0
0
11
12
115
0
5
13
18
28
10
1
7
17
0
0
2
0
84
50
6
0
5
16
0
20
107
12
18
46
37
3
22
0
60
63
0
12
97
87
0
111
78
1
53
354
15
42
0
0
0
0
40
1
12
18
49
6
3
107
206
0
31
48
0
9
69
0
34
100
25
277
838
4
188
75
0
0
15
0
0
22
678
1
6
1
34
5
0
2
66
121
209
132
3
190
1
9
0
5
133
57
0
1744
38
1010
374
5
117
66
0
0
39
244
495
1
53
2
0
0
202
151
41
1
87
0
2
21
119
0
0
7
185
229
0
1
10
9
0
7
4
0
10
0
1
104
0
69
70
58
111
149
35
0
19
7
36
0
145
0
0
11
0
70
10
0
199
10
280
0
0
0
50
0
33
8
386
0
73
0
85
89
0
0
0
0
267
125
0
30
1
148
14
5
911
0
3
306
1
3
4
1
19
10
0
0
152
159
3
0
139
2
0
172
0
0
0
0
0
0
2
1
4
2
0
22
19
23
35
0
15
4
28
16
66
68
0
0
15
90
8
0
0
5
36
0
0
0
18
0
0
0
0
0
0
0
0
0
0
3
0
0
0
0
0
0
0
0
0
0
0
0
0
0
0
0
0
0
0
0
55
0
0
0
0
0
0
0
0
0
0
0
0
0
0
0
0
0
239
0
0
0
0
33
86
0
0
0
27
18
1
0
2
15
299
1
16
0
0
0
10
0
1
1
9
0
1
0
0
0
0
0
0
0
0
338
0
0
4
377
0
101
17
2
0
2
0
3
6
1
10
0
0
0
0
1
25
7
158
0
0
26
21
13
9
0
2
9
4
2
3
9
4
0
6
7
5
16
15
6
2
4
0
0
0
0
0
81
176
62
0
0
0
0
0
14
449
0
9
11
0
2
3
13
14
0
0
0
11
15
0
47
0
0
0
0
7
0
589
0
0
0
0
0
0
0
0
0
0
11
72
2
3
471
196
23
2
42
0
91
171
176
0
0
0
0
0
20
0
0
0
0
3
0
4
10
199
0
0
0
0
0
0
0
0
0
0
0
0
0
0
0
0
0
0
0
0
0
0
0
0
0
0
0
0
0
0
0
0
0
0
0
0
0
0
0
0
0
0
0
0
0
0
0
0
0
0
0
0
0
0
1
0
0
0
0
0
0
0
0
0
0
0
0
0
0
0
0
0
0
0
0
0
0
0
0
0
0
0
0
0
0
0
0
0
0
0
0
0
0
0
0
0
0
0
0
0
0
0
0
0
0
0
0
0
0
0
0
0
0
0
0
0
0
0
0
0
0
0
0
0
0
0
0
0
0
0
0
0
0
0
0
0
0
0
0
0
0
0
0
0
0
0
0
0
0
0
0
0
0
1
0
0
0
0
0
0
0
0
0
0
0
0
0
0
0
0
0
0
0
0
0
0
0
0
0
0
0
0
0
0
0
0
0
0
0
0
0
0
0
0
0
0
0
0
0
0
0
0
0
0
0
0
0
0
0
0
1
0
0
0
0
2
0
0
0
0
0
0
0
0
0
0
0
0
0
0
0
0
0
0
0
0
0
0
0
0
0
0
0
0
0
0
0
0
0
0
0
0
0
0
0
0
0
0
0
0
0
0
0
0
0
0
0
0
12
0
0
1
0
0
0
0
0
0
0
0
0
0
0
0
0
0
0
0
0
0
1
0
0
0
0
0
0
0
0
0
0
0
0
0
0
0
0
0
0
0
0
0
0
0
0
0
0
0
0
0
0
0
0
0
0
0
0
0
0
0
0
0
0
0
0
0
0
0
0
0
0
0
0
0
0
0
0
1
0
0
0
0
0
0
0
0
0
0
0
0
0
0
0
0
0
0
0
0
0
0
0
0
0
0
0
0
1
0
0
0
0
0
0
0
0
0
0
0
0
0
0
0
0
0
0
0
0
0
0
0
0
0
0
0
0
0
0
0
0
0
0
0
0
0
0
0
0
0
0
0
1
0
0
0
0
0
0
0
0
7
0
0
1
0
0
0
0
0
0
0
1
0
0
0
0
0
0
0
0
0
0
0
0
0
0
0
0
0
0
0
0
0
0
0
0
0
0
0
0
0
0
0
0
0
0
0
1
0
0
0
0
0
0
0
0
0
0
0
0
3
0
0
1
0
0
0
0
0
0
0
0
0
3
0
0
0
0
0
0
0
0
0
0
2
0
0
0
6
0
0
61
0
0
1
2
0
0
0
0
0
0
0
0
11
1
19
0
11
0
0
0
0
0
0
0
3
8
0
0
0
0
0
0
0
0
0
1
3
4
0
3
0
0
0
0
0
0
0
0
0
1
0
0
5
0
3
0
0
0
0
0
0
0
0
0
0
0
0
1
0
0
0
0
36
0
0
0
0
0
0
0
0
0
0
0
0
0
0
0
0
0
0
0
0
0
0
0
0
0
0
0
0
0
0
0
2
0
1
1
0
0
0
0
0
3
0
1
0
0
0
0
0
0
0
0
0
0
0
0
0
0
2
0
0
0
0
0
0
0
0
0
0
0
0
0
0
3
0
0
0
17
1
0
119
55
129
19
12
167
7
404
355
241
0
33
27
137
5
0
20
0
2
1
0
10
16
37
119
4
27
72
60
0
22
2
8
454
73
0
8
0
11
6
42
64
77
0
9
0
971
5
19
42
0
34
87
0
6
0
2
3024
14
0
53
60
34
201
58
1
11
11
0
0
16
24
64
382
18
5
315
63
95
2
0
3
0
0
11
36
0
0
0
0
0
0
0
58
33
0
11
0
0
0
0
1
0
0
29
6
13
0
0
5
9
0
2
2
113
0
4
27
66
0
2
8
93
40
3
3
0
0
0
0
0
0
48
24
507
426
52
0
0
41
53
0
12
2
4
36
51
7
55
0
34
0
10
0
2
0
11
160
0
371
0
0
0
0
21
165
11
0
395
1
14
24
43
0
0
33
0
372
29
151
154
8
0
0
0
158
3
11
0
0
22
0
20
1
4
2
0
104
0
0
0
55
0
0
0
0
0
7
47
12
15
31
3
4
0
0
0
5
10
4
14
47
68
164
5
11
1
8
96
0
47
25
58556
20
12
55
0
0
47
6
1262
28
0
0
133
176
2
0
15
20
0
86
30
0
8
2
2
0
0
0
140
6
0
0
0
0
2
0
0
0
0
0
0
0
0
0
0
0
0
0
0
0
0
0
0
2
136
18
4
86
3
0
0
259
0
33
0
0
0
0
7
0
0
755
24
170
11
114
1
42
1
213
2
15
6
110
2
80
0
0
0
292
0
0
0
356
27
5
3861
21
0
32
30
46
4
84
14
15
1
5
21
25
97
3
2
227
8
27
0
0
24
253
15
0
37
32
61
15
1
20
0
81
0
11
95
41
8
66
3
0
0
133
108
33
0
0
232
108
30
300
157
22
0
0
0
0
5
2
30
5
36
47
40
173
0
304
1
0
5
0
0
181
17
65
14
28
4
34
181
33
62
0
0
0
0
0
0
0
73
0
156
1
53
0
0
26
57
0
0
3
1
0
4
0
9
30
4
86
4
32
3
5
1001
12
58
4
0
3
0
0
0
49
0
11
0
440
0
3
1
22
46
0
4
1
27
0
2
0
237
0
0
0
244
0
0
0
0
0
64
0
1
5
134
13
72
14
163
3
0
0
101
0
0
4
0
0
7
31
0
0
0
39
203
11
6
13
527
19
0
575
129
79
304
5
9
145
59
18
25
0
139
71
0
29
17
9
0
87
105
6
21
0
87
24
6
0
0
0
250
8
4
2
0
11
2
3
0
0
0
0
0
2
0
0
0
0
0
0
0
7
0
9
35
374
328
28
12
9
45
26
10
29
363
115
0
0
83
90
0
192
0
0
168
98
145
0
44
4
15
0
58
0
33
90
1
5
1
0
52
1
0
0
0
0
0
0
1
0
0
0
0
0
0
0
0
0
0
0
0
0
0
0
0
0
0
0
2
0
0
1
1
13
128
11
0
0
229
33
61
2725
0
0
0
0
0
0
54
0
109
352
1
131
3
95
0
0
0
0
0
0
0
6
0
3
55
0
0
0
1
0
12
75
0
0
0
0
0
0
0
37
0
0
0
0
0
0
1
0
0
2
91
0
0
1096
2
2
0
0
0
2
0
15
0
37
9
1
0
0
75
65
10
0
0
4
7
0
0
2
1
0
0
0
0
0
0
1
0
43
3
1
0
1851
12
0
62
4
5
64
0
1
0
0
0
0
0
0
953
2
316
0
0
0
0
1
0
0
0
0
0
0
0
0
0
0
0
0
0
0
0
0
0
0
0
0
0
0
0
0
0
0
0
0
0
0
0
0
0
0
0
0
0
0
0
0
0
0
0
0
0
0
0
0
0
0
0
0
0
0
1
0
0
2
6
16
20
75
0
0
0
1
0
0
0
0
0
0
0
0
0
0
0
0
0
0
0
0
0
0
0
0
0
0
0
0
0
0
0
0
0
2
0
1
0
0
2
0
0
0
0
0
0
0
0
0
0
0
0
0
0
0
0
0
0
0
0
0
0
0
0
0
0
0
0
0
0
0
0
0
0
0
0
0
0
0
0
0
0
0
0
0
0
0
0
0
0
0
0
0
0
0
0
0
0
0
0
0
0
0
0
0
0
0
0
0
0
0
1
0
0
0
0
0
1
0
0
0
0
0
0
0
1
2
0
0
10
0
0
0
0
0
0
0
0
0
0
0
0
0
0
15
0
0
0
0
0
0
0
0
0
0
0
0
0
0
0
0
0
0
0
0
0
0
0
0
0
0
0
0
0
0
0
0
0
0
0
0
0
0
2
0
0
0
0
0
0
0
0
0
0
0
1
0
0
0
0
0
0
0
0
0
0
0
0
0
0
0
0
0
0
0
0
0
0
0
0
0
0
0
0
0
0
0
0
0
0
0
0
1
0
0
0
0
0
0
0
0
0
0
0
0
0
0
0
0
0
0
0
0
0
0
0
0
0
0
0
0
0
0
0
0
0
3
0
0
0
0
0
0
0
0
0
0
0
0
1
4
1
0
0
0
0
0
0
0
0
5
0
0
0
0
0
0
0
0
0
0
0
0
0
0
0
0
0
0
0
0
0
0
0
0
0
0
0
0
0
0
0
0
0
0
0
0
0
0
0
0
0
0
0
0
0
0
0
0
0
0
0
0
0
0
0
0
0
0
0
0
0
0
0
0
0
0
0
1
0
1
0
0
0
0
0
0
0
5
0
0
3
0
0
0
0
18
0
0
0
0
0
0
0
0
0
0
0
0
0
0
0
1
0
0
0
0
0
0
0
0
0
1
0
0
0
0
0
0
12
0
0
3
0
0
0
0
0
0
0
0
0
20
0
0
0
0
0
0
0
0
0
0
0
0
0
0
0
0
0
0
0
0
0
0
0
0
0
0
0
0
0
0
0
0
0
0
0
0
0
0
0
0
0
0
0
1
2
0
0
0
0
0
0
0
0
0
155
1
0
0
0
0
0
0
0
3
0
0
0
0
0
3
0
0
0
0
0
0
0
0
36
3
0
197
97
9
1914
10
10
27
0
5
26
0
1
194
0
1
0
1
10
0
38
27
0
1
15
16
0
0
17
1
476
0
326
0
33
0
19
5
0
7
0
1
1
73
0
54
389
0
5
3
0
171
89
12
19
138
54
47
0
9
0
53
5
0
27
1
3
25
0
6
65
1
0
86
0
0
4
42
0
74
55
2
20
0
30
0
56
342
1109
7
43
0
35
0
0
0
183
10
3
0
0
0
83
107
1
7
864
0
20
297
5
266
0
0
2
0
0
5
0
0
3
243
0
19
86
66
5
0
19
12
198
0
34
0
0
11
0
0
0
0
248
0
28
0
10
42
296
0
14
3
318
109
0
907
7
357
1
30
0
2
14
0
0
112
8
6
9
29
1
8
94
0
104
0
9
0
1
7
1
7
59
0
0
74
0
0
52
0
0
0
193
51
92
0
1
7
35
35
42
0
0
11
13
115
177
0
4
275
0
0
1
688
0
163
147
0
1
12
5
16
9
6
29
0
12
0
40
97
38
1
10
11
292
160
0
2
0
0
8
16
42
0
0
0
0
1
0
6
16
337
0
498
8
0
0
4
0
0
0
0
0
0
4
0
818
727
1
2
14
0
2
69
1
0
28
0
1
0
0
89
0
0
38
0
569
18
1289
710
0
11
221
0
11
55
51
13
1
1
0
23
515
8
342
45
136
16
12
74
29
5
13
23
4
0
0
588
0
4
115
243
231
289
38
221
86
5
0
0
95
3
20
0
0
7
0
14
8
0
87
0
26
0
297
80
0
0
100
1
3
0
0
0
0
0
0
0
0
9
226
11
53
0
0
25
14
34
43
37
2
0
0
34
1
46
95
63
6
6
34
65
31
0
17
0
139
17
678
3
0
2
0
35
0
18
393
83
1
137
68
53
0
0
85
4
1
0
0
0
0
0
0
1
0
4
0
0
0
153
13
1
127
0
105
0
16
2
0
0
0
10
0
0
0
0
0
5
0
0
0
0
1
0
0
0
3
0
84
473
66
20
18
352
1
11
35
10
205
37
7
0
10
0
0
5
238
17
18
232
0
109
0
0
0
1
0
2
295
0
0
944
6
152
8
104
0
0
1
0
9
20
0
0
16
0
416
8
30
6
0
14
55
9
0
639
173
6
16
12
5
13
1
3
40
0
0
2
0
34
4
28
0
81
38
83
225
0
0
165
0
16
4
0
0
76
419
0
2
53
0
66
302
0
2
91
1
1
0
226
1
5
121
27
38
3
1
295
17
10
0
7
245
2
157
190
207
3
7
0
0
0
22
0
19
146
8
11
1
0
30
40
0
9
2
6
0
1
0
0
0
0
0
0
2
1
4
1
15
67
0
0
0
0
0
0
0
0
26
2
21
2
0
0
0
0
0
1
72
139
4
1
0
0
0
0
0
1
0
0
0
23
6
3
7
2
0
1
37
10
2
1
1731
15
3
19
280
40
4
0
64
24
13
7
68
0
0
213
2
180
173
236
420
31
7
0
5
160
12
7
6
0
0
8
4
0
2194
0
69
0
1
0
21
2
9
6
0
3
45
5
22
71
7
4
0
0
9
184
0
0
5
1
0
1
0
1
7
0
0
1
0
14
0
0
4
2
11
6
0
0
0
266
71
0
21
0
0
1
0
16
7
0
9
0
2
0
8
9
3
40
7
0
0
0
202
9
0
2
0
2
1
726
0
0
0
3
0
44
9
29
17
0
0
0
0
16
862
113
43
0
10
5
58
216
8
0
5
15
0
10
439
24
0
0
0
0
0
0
0
10
0
0
0
0
0
0
0
0
0
0
1
0
0
0
4
1
0
0
0
0
0
0
0
0
0
0
0
0
0
0
0
0
0
0
0
0
0
0
0
0
0
0
9
0
0
0
0
0
0
0
0
0
0
0
0
0
0
0
0
0
0
0
0
0
0
0
0
1
0
0
1
0
0
0
0
0
0
0
0
0
0
0
0
0
0
0
0
0
0
0
0
0
0
2
0
0
0
0
0
0
0
0
0
0
0
0
0
0
0
0
0
1
0
24
0
0
3
1
0
0
0
0
0
0
0
0
0
0
0
0
0
0
0
0
0
0
0
0
0
0
0
0
0
0
0
0
0
0
0
0
0
0
0
0
0
0
0
0
0
0
0
0
0
0
0
0
0
0
0
0
0
0
0
3
0
0
0
0
0
0
0
0
0
0
0
0
0
0
0
0
0
0
0
0
0
0
0
0
0
0
0
0
0
0
0
0
0
0
0
0
0
0
0
0
0
0
0
0
0
0
0
0
0
0
0
0
0
0
0
0
0
0
0
0
0
0
0
0
0
2
0
1
0
0
0
0
0
0
0
0
1
0
0
0
0
0
0
0
0
0
0
0
0
0
0
0
4
0
0
0
0
0
0
138
0
0
0
0
0
1
0
0
0
0
0
5
0
0
0
0
3
0
0
0
0
0
0
0
0
0
2
0
0
0
0
0
1
0
0
0
0
0
0
0
0
31
14
0
0
0
0
0
0
27
0
0
0
0
0
0
0
0
4
0
2
0
0
2
7
0
0
0
0
0
0
0
2
0
0
0
0
2
0
0
0
0
0
0
0
0
0
0
0
0
0
0
0
0
0
0
0
0
0
0
0
2
0
0
0
0
0
0
0
0
0
0
0
0
0
0
0
0
0
0
0
0
0
0
0
0
0
0
0
0
0
0
0
2
0
0
1
0
0
0
0
2
0
0
0
0
0
0
0
19
0
0
1
0
0
0
0
0
0
0
0
0
0
0
0
0
0
0
0
0
0
7
0
18
126
18
2
22
0
208
12
38
849
106
6
1
0
21
3
3
6
222
1
0
4
39
86
16
11
243
0
337
0
151
0
19
0
10
70
50
336
7
0
15
49
7
46
0
8
128
24
65
109
14
106
936
5630
3
38
0
9
72
0
0
8
27
6
0
6
0
29
0
4
145
9
19
191
108
3
35
0
0
0
0
0
1
1
7
499
0
13
0
85
0
3
0
1
0
0
215
150
46
60
165
16
0
13
72
18
63
18
2
0
2
3
474
164
214
17
109
0
0
0
8
3
117
103
1023
0
12
21
39
0
23
751
39
24
26
3
3
1
0
0
0
145
0
0
0
7
2
0
2
0
9
16
0
0
2
521
20
1
3
0
0
60
24
108
0
28
15
1
753
20
2
36
103
0
0
0
20
0
14
0
0
0
0
0
0
2
0
0
0
0
0
0
0
0
0
0
0
0
0
0
0
0
0
0
0
0
0
0
15
95
2
1
20
0
71
5
0
41
5
7
150
3
40
1
0
0
0
0
0
0
2
0
0
0
15
15
106
113
0
0
0
0
16
6
1
58
5
487
0
27
1
9
14
14
1
35
0
0
36
202
0
0
0
0
192
0
56
21
0
17
0
4
56
6
2
35
296
25
0
49
17
10
0
43
0
0
4
0
0
0
124
30
5
18
50
209
0
157
419
0
19
1
0
0
0
0
0
0
0
0
0
0
0
0
0
0
0
0
0
0
0
0
0
0
0
0
0
0
0
0
0
0
0
4
0
0
0
0
8
0
1
10
2
0
7
105
7
7
0
373
156
3
704
3
1
0
14
1
3
2
0
21
0
1
0
8
2
6
62
5
30
0
68
0
49
0
276
12
52
68
1
0
412
120
1
3
3
2
63
10
9
63
157
27
1
0
28
297
31
3
0
13
11
0
3
0
4
42
187
0
10
0
0
0
0
12
418
2
57
0
0
4
1
178
14
0
6
0
1
1
67
59
0
36
521
69
0
90
0
5
0
0
0
58
1
0
4
21
0
0
0
63
74
6
116
146
2
0
0
74
0
0
8
170
6
0
0
0
576
12
94
0
0
341
66
2
2
134
0
0
0
29
22
331
129
3
1
0
2
3
0
85
24
0
74
60
0
0
185
92
0
70
0
16
13
62
0
29
189
46
0
32
34
0
10
1
236
3
32
36
0
119
49
0
15
3
0
10
0
0
1
0
0
0
11
2
165
16
37
634
7
0
0
1
1
110
0
24
13
1
9
72
9
116
6
28
7
3
17
35
0
105
2044
20
18
89
1
17
14
78
0
0
11
15
0
0
2
0
0
53
1
2
81
28
644
14
301
4
28
364
1
0
2
5
6
39
0
0
5
0
42
2
1
12
0
0
17
0
1
324
5
0
1
0
20
56
8
11
0
0
0
0
0
1
0
2
0
2
3
22
0
400
10
6
118
7
2
0
3
30
0
0
13
199
1
16
1
3
30
0
0
0
0
0
0
0
0
0
0
0
0
0
0
0
0
0
0
0
0
0
0
0
0
0
0
0
0
0
0
0
0
0
0
0
0
1
0
0
0
0
0
0
0
0
1
0
0
0
0
0
0
0
0
0
0
0
0
0
0
0
0
0
0
0
0
0
0
0
3
0
0
0
1
0
0
0
0
1
0
0
0
0
0
0
0
0
0
0
0
0
0
0
0
0
0
0
0
0
0
0
0
0
0
0
0
0
0
0
0
0
0
0
0
0
0
0
0
0
0
0
0
0
0
0
0
0
0
0
0
0
0
0
0
10
0
0
0
0
0
0
2
0
26
0
0
0
0
0
0
0
0
0
0
0
0
0
1
0
1
0
0
0
3
0
0
0
0
0
0
0
0
0
0
0
0
0
0
0
0
0
13
0
0
0
0
0
0
0
0
0
0
0
0
1
0
0
0
1
0
0
0
0
1
0
0
0
0
0
0
0
0
0
0
0
0
0
0
0
0
0
0
0
0
0
0
0
0
0
0
0
0
2
0
0
0
0
0
0
0
0
0
0
0
0
0
1
0
2
2
0
3
0
0
0
4
17
0
0
0
0
1
0
0
0
0
0
1
0
52
0
0
0
0
0
0
2
0
0
1
113
1
0
0
12
0
2
0
0
0
0
0
0
0
0
0
0
0
1
0
0
0
0
0
0
0
0
0
0
0
0
0
0
0
0
0
0
1
1
4
0
0
29
0
0
0
0
0
0
0
0
0
0
0
0
0
0
0
0
100
10
6
4
9
18
20
9
16
0
0
44
0
22
28
0
2
57
33
0
3
0
0
0
14
0
0
0
2
0
20
0
0
0
1
125
0
0
25
1
142
23
57
8
2
0
8
0
0
73
0
0
0
1
0
0
1
41
0
14
3284
550
8
0
1
0
0
18
0
77
0
0
5
0
0
7
0
0
0
0
3
7
59
2
7
6
1
101
57
25
0
123
72
7
17
0
0
0
0
92
16
15
10
7
0
4
0
1
0
0
201
4
2
151
19
9
19
133
212
143
318
1
7
3
2
194
54
3
0
16
88
60
18
10
0
0
3
0
20
223
72
9
29
17
755
5
3
950
1
422
4
1
35
0
0
15
4
14
15
6993
1
0
7
33
19
0
0
0
9
0
0
63
1
41
0
134
4
12
16
0
12
58
98
23
0
0
0
0
444
0
1578
26
125
117
24
104
194
77
74
15
82
18
0
0
8
1
186
237
37
117
0
71
95
0
6
11
411
7
342
237
17
30
221
0
93
0
5
159
64
0
5
15
0
33
8
0
11
77
41
0
0
30
0
1
0
38
0
10
43
0
2
5
0
105
4
22
0
9
11
18
6
54
42
35
19
32
14
118
10
2
9
30
0
0
3
17
301
1
0
0
112
0
0
0
5
0
0
1
0
0
20
0
28
679
14
46
0
2
116
0
107
26
0
3
59
0
29
124
10
0
0
18
775
2
38
0
0
14
29
289
0
112
0
48
0
76
0
1
42
65
0
0
5
56
54
1
31
224
0
5
0
0
0
34
111
0
16
0
0
0
0
990
0
51
3
0
0
0
0
37
0
1
0
0
0
117
0
0
0
0
0
0
0
0
0
0
133
0
0
6
0
0
0
6
15
0
0
0
0
0
4
0
43
1
0
0
0
0
0
75
0
0
0
1
35
0
0
0
0
2
0
8
0
0
0
108
0
0
0
373
0
0
0
25
0
20
0
22
520
6
19
50
0
12
38
60
0
0
304
15
1
0
0
1
4
0
50
4
320
0
38
132
0
22
0
2
1
5
241
8
0
45
2
0
0
0
2
0
0
6
0
0
0
58
20
216
0
0
0
0
6
0
7
0
0
0
0
21
0
2
0
1
4
0
0
1
0
0
0
270
0
0
0
0
0
0
0
63
15
0
35
1
51
52
0
0
0
0
14
1
5
96
6
23
72
17
3
14
312
0
2
1
2
421
0
68
1
3
7
0
1951
543
28
5
0
29
312
32
1
21
8
11
1
72
9
249
9
17
0
0
0
70
8
1
3
83
410
3
169
10
370
122
0
7
0
23
5
20
0
41
1276
135
140
26
8
9
34
0
2
1
81
22
0
33
0
0
0
0
1
11
260
110
1
3
0
0
1
55
1
9
7
90
13
0
30
106
1
5
19
7
10
92
5
0
0
8
0
0
0
10
5
0
0
6
448
411
144
130
17
24
0
206
7
77
5
15
0
10
28
1
1
31
0
46
42
35
15
0
13
0
319
0
0
0
400
10
43
3
154
24
4
207
0
19
0
54
5
0
299
161
395
7
52
10
0
7
23
0
0
8
32
0
29
2
0
133
4
4
4
2
0
0
0
0
14
0
27
6
9
0
0
108
31
38
9
0
0
0
0
3
2
17
0
1
0
1
8
0
3
0
2
67
0
0
0
0
0
133
167
1
2
10
0
41
0
0
0
0
0
0
0
0
0
0
3
0
9
64
33
177
22
9
321
22
1
3
0
18
100
37
1
12
136
10
0
1478
9
311
35
43
5
6
2
37
314
10
7
0
0
12
0
0
0
0
0
0
0
1
0
0
4
0
2
8
55
54
0
0
0
1
1
0
146
0
1
16
4
16
90
0
1
0
9
1
2
0
12
0
20
18
73
0
1606
340
8
15
0
0
0
505
9
0
0
0
0
0
15
4
1
2
0
1
46
0
0
0
214
0
0
107
36
6
0
0
0
0
0
0
0
0
113
123
1
31
377
71
20
4
87
0
89
0
0
1
1
6
69
5
1
7
11
7
0
0
0
101
87
11
85
3
0
0
2
0
0
0
4
240
1
7
18
114
116
0
0
2
0
2
169
0
1
162
9
1
0
408
434
37
58
1
0
0
5
0
1366
0
76
175
3
5
9
4
13
14
6
27
123
0
0
0
0
6
0
0
0
1
51
1
13
0
0
324
2
20
566
8
2
0
54
5
174
0
0
3
23
15
259
0
2
0
1
0
35
136
7
162
0
37
2
0
362
64
39
6
144
161
6
45
4
437
27
168
7
0
0
64
1
202
3
13
1
204
961
433
4
0
4
1
0
1727
0
0
0
0
0
0
0
0
6
119
34
0
39
13
26
0
3
665
387
243
502
128
0
7
1
333
1
99
0
13
0
0
0
0
0
0
0
0
0
0
0
0
0
0
4
0
0
0
0
0
0
0
0
0
0
0
0
0
0
0
0
0
0
0
0
0
0
0
0
0
0
0
0
0
0
0
0
0
0
0
0
0
0
0
0
0
0
0
0
0
0
0
0
0
0
0
0
0
0
0
0
0
13
0
0
0
0
0
0
0
0
0
0
0
0
0
0
0
0
0
0
0
0
0
0
0
0
0
0
0
0
0
0
0
0
0
0
0
0
0
0
0
0
11
0
0
0
0
0
0
0
0
0
0
0
0
0
0
0
0
0
0
0
0
0
0
0
0
0
0
0
0
0
0
0
0
0
0
0
0
0
0
0
0
0
0
0
0
0
0
0
0
0
0
0
0
1
0
0
0
0
0
0
0
0
0
0
0
0
0
0
0
0
0
0
0
0
0
0
0
0
0
0
0
0
4
0
0
1
0
0
0
3
0
0
2
0
0
0
0
0
0
0
0
0
0
0
0
0
0
0
0
0
0
0
0
0
0
0
0
0
0
0
0
0
0
0
1
0
0
0
0
0
0
0
0
0
0
0
3
0
0
1
0
0
1
0
0
0
0
0
0
0
0
0
2
0
0
0
0
0
0
0
0
0
0
0
1
0
0
0
0
0
0
0
0
0
0
0
0
0
0
0
0
0
0
0
0
1
0
0
0
0
0
0
0
0
0
15
0
0
0
0
0
0
0
0
0
0
0
0
0
3
0
0
0
0
0
1
0
0
65
0
0
0
0
1
0
2
0
0
0
0
1
5
0
1
0
0
0
0
0
0
11
0
0
0
0
6
0
0
0
0
0
0
0
8
0
0
1
2
0
0
7
0
0
1
0
12
13
0
0
0
0
0
0
14
0
0
0
0
6
1
0
0
0
1
0
0
7
1
0
0
0
0
0
2
1
0
248
0
1
51
0
0
0
0
0
36
0
0
1
0
0
0
2
0
0
1
0
0
0
0
0
0
0
0
0
0
0
0
52
0
0
0
0
0
0
0
0
0
0
0
0
0
0
0
0
0
2
0
0
0
0
0
0
0
1
0
0
3
1
0
5
0
3
0
7
0
7
5
20
0
0
0
2
0
0
0
0
13
0
0
0
0
0
0
0
0
0
37
212
0
108
43
2
0
0
0
0
97
0
33
0
17
1
0
12
21
0
0
0
145
2
71
0
2
2
0
2
2
2
0
1
0
4
0
15
2
4
0
22
1
11
0
30
17
2974
44
135
11
50
7
29
3
25
0
57
22
77
0
0
0
4
32
34
12
0
0
12
16
87
11
30
0
0
2
1
51
21
8
0
193
0
1
4
0
0
0
136
0
1
58
24
182
9
0
2
8
61
2
1
10
79
139
123
110
513
249
0
170
0
178
1
53
0
0
269
15
2
28
194
58
117
0
0
99
89
268
0
17
0
0
0
10
250
0
792
10
0
39
5
2
2
0
142
438
143
0
337
3
0
52
49
82
73
0
0
0
0
0
0
0
0
0
0
0
0
0
0
8
0
0
0
5
0
0
0
0
0
0
0
0
0
601
0
0
0
0
0
0
0
0
1
0
0
0
0
0
0
0
28
0
0
0
0
0
0
0
0
1
0
0
395
1
0
2
1
0
0
1
1
1
1
0
1
4
0
0
20
1
4
5
0
26
0
1
41
3
497
80
10
55
16
0
84
3
1
0
27
4
18
0
43
2
130
187
0
44
1
12
0
5
0
229
150
0
272
0
36
2
33
0
0
0
6566
0
35
0
66
43
89
1
2
7
24
67
9
26
15
0
0
12
0
21
0
1
312
1
73
0
0
0
0
22
6
4
5
0
3
0
95
6
29
8
332
25
23
3
17
74
0
4
136
0
62
46
252
61
80
17
1224
9
70
8
0
113
0
0
24
0
0
0
0
2
54
18
168
0
0
4
118
3
24
0
6
0
0
272
1
26
0
0
0
21
49
23
0
170
15
146
4
23
149
112
176
3
132
23
0
173
68
0
6
12
1
17
20
5
4
49
181
10
0
7
65
0
0
3
565
8
18
825
140
0
59
0
134
114
100
0
0
54
0
17
159
116
1157
7
52
168
14
45
113
2
792
33
117
0
3
0
3
1
33
1
5
53
0
18
0
4
225
0
17
132
1
16
41
0
0
0
0
0
0
0
0
0
263
15
9
146
0
0
50
136
53
0
0
0
38
24
0
59
3
51
24
0
0
44
38
0
0
0
0
6
48
12
0
0
1
3
28
21
38
28
56
2
4
0
18
4
3
0
10
2
0
0
0
0
0
0
0
0
0
0
0
0
0
3
0
0
0
0
0
0
2
0
0
0
0
2
0
1
0
0
0
0
0
0
0
0
0
0
0
2
0
1
0
0
1
0
0
0
0
0
0
0
0
0
0
0
0
0
0
0
0
0
0
0
0
0
0
0
0
0
0
0
0
0
0
0
0
0
0
0
0
0
0
0
0
0
0
0
0
0
0
0
0
0
0
0
0
0
0
0
0
0
0
0
0
0
0
0
0
0
0
0
0
0
0
0
0
0
0
0
3
0
0
0
0
0
0
0
0
0
0
0
0
0
0
0
0
2
0
0
0
0
0
0
0
0
0
0
0
0
0
0
0
0
0
0
1
0
0
0
0
0
0
0
0
0
0
0
0
0
0
0
0
0
0
0
0
0
0
0
0
0
0
0
0
0
0
0
0
0
0
0
0
0
1
0
0
0
0
0
0
0
0
1
0
0
0
0
0
3
0
0
0
0
0
0
0
0
0
0
0
0
0
0
4
0
0
0
0
0
0
0
0
0
0
0
0
0
0
0
0
0
0
0
0
23
0
0
0
0
0
0
0
0
0
0
0
0
0
0
95
0
36
0
0
0
0
2
1
0
3
8
0
0
0
0
0
0
2
0
0
0
1
1
0
0
2
0
0
0
0
0
0
28
0
0
5
0
0
0
0
6
0
0
1
2
0
0
0
0
0
0
0
1
0
2
0
0
0
0
1
0
0
0
7
0
0
0
0
0
0
0
0
0
0
0
0
0
0
0
0
0
0
0
15
0
0
384
21
18
12
1
101
129
30
61
0
0
5
0
0
2
44
3
145
56
0
0
2
58
2
196
15
519
0
0
2
0
1
17
0
221
0
600
1
0
0
2
218
72
79
134
3
11
0
0
0
117
402
0
13
2
12
0
119
30
65
4
62
25
123
116
45
0
0
3
6
0
0
2
4
1
5
78
106
1
0
278
0
0
117
0
12
30
0
0
38
67
0
55
0
0
95
0
11
0
826
9
3
56
28
34
0
17
13
51
0
52
45
190
0
0
0
31
0
0
22
34
0
50
0
6
0
0
0
2
0
0
0
0
26
24
130
0
27
0
0
0
0
0
0
0
3
9
6
33
13
1
16
48
0
14
24
1
21
9
99
10
6
0
4
44
271
46
12
1
49
5
42
0
0
246
128
0
344
0
6
3
70
0
100
0
1
42
43
40
30
0
0
0
0
0
0
0
0
0
63
0
0
0
0
7
378
0
7
0
9
1
76
85
0
1
0
0
0
2
96
9
16
53
1
23
102
21
199
25
1
0
0
1
0
0
0
285
0
0
32
0
142
0
0
0
1
0
0
1
3
36
7
62
2
0
4
0
0
8
11
0
3
47
0
9
0
29
3122
25
17
0
0
0
15
0
49
89
3
8
18
6
8
0
364
0
13
3
7
0
0
28
545
15
3
0
7
0
0
41
6
49
11
30
0
1
1
51
0
0
1
24
0
0
2
24
1
0
52
19
208
3
0
2
0
0
65
199
0
18
97
33
16
31
19
5
1
0
0
0
0
1
1
1
28
0
35
0
0
0
0
60
31
0
0
0
0
0
0
0
0
0
0
46
0
0
0
0
0
0
0
0
0
0
4
29
35
0
0
0
0
0
0
0
2
19
0
6
0
0
0
0
0
0
0
0
0
0
0
0
0
0
0
0
0
0
129
0
0
0
0
0
0
0
0
0
0
0
0
0
0
0
0
0
122
34
4
10
0
41
16
5
127
4
0
31
1019
0
4
3
4
1
21
169
26
2
74
0
40
6
112
19
3
22
2
293
0
131
0
44
22
466
62
1
0
0
301
1
180
27
0
9
143
23
21
13
5
278
169
5
111
834
60
13
0
11
0
0
0
11
107
4
0
362
0
51
1
51
38
0
40
0
2
438
27
31
104
182
635
99
14
0
0
10
0
0
0
16
182
131
3
44
2
2
18
55
68
1
0
20
4
66
0
0
36
6
1
0
6
5
11
105
108
3
4
0
17
0
5
0
11
5
9
3393
0
19
22
0
0
4
0
0
1
3
8
0
6
696
183
4
0
0
13
11
42
251
525
35
142
53
52
15
23
0
1
31
89
27
7
1
10
0
19
0
0
0
0
0
0
0
0
0
0
0
0
5
0
0
119
0
9
72
0
0
236
0
306
21
0
0
0
18
16
22
0
168
4
13
23
103
1
4
1
1
0
8
5
0
0
3
34
0
43
0
4
0
267
8
0
0
0
0
49
0
0
0
0
16
0
2
51
43
62
2
37
252
0
0
8
0
0
2
2
4
1
94
0
4
1
0
3
7
2
53
0
0
0
0
1
0
0
0
115
0
6
19
0
0
20
110
0
13
454
10
53
2
19
0
663
48
292632
8
65
0
47
248
0
23
5
1
0
0
0
0
0
0
0
0
0
0
0
0
0
4
0
0
0
0
0
0
0
0
0
0
0
0
0
0
0
0
0
0
3
0
0
0
0
0
1
0
0
0
0
0
1
0
0
0
0
0
0
0
0
0
0
0
3
0
0
0
0
16
0
0
0
0
0
0
0
0
0
19
0
0
0
0
0
0
0
0
0
0
0
0
0
0
0
0
0
0
0
0
0
0
0
0
0
0
0
1
0
0
0
0
1
0
0
0
0
0
0
0
0
0
0
0
0
0
0
0
0
0
0
0
0
0
0
0
0
0
0
0
0
0
0
0
0
0
0
0
0
0
0
0
0
0
0
0
0
0
0
0
1
0
0
0
0
0
3
0
0
0
0
0
0
0
0
0
0
0
0
0
0
0
0
0
0
0
0
0
0
0
4
0
0
8
0
0
0
0
7
0
0
0
2
0
0
0
0
0
0
8
1
0
0
0
0
0
0
0
0
0
0
0
1
0
0
0
0
0
0
4
0
0
0
0
0
1
10
42
3
0
1
0
0
0
0
0
0
0
0
0
0
0
0
1
0
0
0
0
0
2
0
1
0
0
3
0
0
0
9
0
0
0
0
0
0
0
0
0
1
0
0
0
0
21
0
0
0
0
0
0
0
0
0
12
0
0
0
0
0
0
0
0
0
404
0
0
0
0
0
0
0
0
0
0
0
0
4
0
0
894
578
0
0
0
0
0
242
0
0
0
2
3
7
0
0
1
0
0
0
4
0
0
0
0
7
0
5
0
0
0
0
0
20
23
0
24
0
0
0
0
0
0
0
0
0
0
0
0
339
0
0
0
92
0
2
0
0
0
8
5
0
3
0
0
9
0
0
0
0
0
0
0
0
0
153
0
0
88
0
0
0
0
6
0
0
0
0
18
0
0
0
0
2
0
1
0
57
0
0
0
0
0
0
2
0
2
0
0
0
0
0
0
6
0
98
0
0
301
0
0
0
0
0
0
0
0
1
5
0
16
14
45
0
23
31
10
1
0
9
47
27
0
0
2
24
0
0
0
0
48
16
563
2
3
6
86
36
11
0
214
18
2
69
322
0
0
411
60
6
1
10
30
75
3
0
0
7
0
1
1
1
2
1
18
0
3
6
1
53
0
0
0
9
3
66
0
0
9
209
0
11
2
0
0
189
5
3
0
45
27
14
0
62
28
281
152
15
0
11
12
0
23
39
65
82
0
0
108
98
0
11
292
0
361
6
37
6
0
31
0
0
36
3
0
0
48
1
1
0
0
0
0
0
211
8
7
2
6771
0
16
0
1349
11
4
31
0
0
31
1
0
414
146
11
4
7
7
1
0
508
0
0
9
58
3
4
1
195
58
271
2
0
350
0
232
93
3
56
4
19
325
21
38
61
0
0
0
96
0
136
0
1
14
79
9
0
42
1
0
61
0
164
0
5
23
39
524
20
105
0
0
92
51
72
31
98
1
19
22
34
17
447
0
5
0
0
352
78
102
3
16
2
82
55
11
1
36
2
0
344
5
23
49
27
987
41
1618
93
6
11
24
5
55
7
0
231
49
32
59
307
1
0
352
4
0
0
37
42
33
153
2
0
90
0
138
45
22
122
17
0
0
11
1015
1
0
0
6
1
0
0
0
0
0
0
56
0
109
0
8
0
0
17
206
0
30
4
11
0
67
15
0
84
95
2
166
25
0
8
11
0
10
0
0
0
263
13
2
361
13
23
108
1
279
273
0
3
26
0
0
0
25
0
0
0
0
0
3
0
0
0
0
22
0
16
0
52
0
0
3
381
47
9
37
0
11
5
0
53
0
0
0
0
0
14
0
0
1
24
73
43
0
25
0
61
470
17
0
38
16
8
0
16
55
29
0
0
0
76
1
227
3
0
0
0
0
70
941
9
0
49
4
1
0
397
89
7
57
0
16
0
0
44
4
3
0
6
46
1
53
2
32
305
22
0
46
12
0
0
0
418
4
1
0
1
308
72
12
0
0
0
0
21
0
0
8
0
0
1
3
42
0
2
2
882
0
0
0
192
74
145
0
0
0
15
18
159
0
0
0
51
0
0
0
30
0
0
0
147
0
0
28
141
10
0
3
0
25
10
365
23
184
30
0
104
5
0
0
2
3
0
15
59
0
5
79
0
0
9325
0
6
1
0
0
0
0
0
0
0
1
0
0
0
0
5
0
20
56
3
3
65
6
9
4
1
11
14
245
22
0
78
0
4
1
0
48
2
1
2
0
1
244
3
3
70
54
329
128
19
6
23
3
53
0
43
6
0
145
36
1
0
0
2
0
5
0
0
34
130
2
0
0
0
7
0
0
3
0
36
64
21
16
45
8
13
7
0
5
11
17
0
4
22
0
54
0
0
6
8
0
0
4
0
0
0
0
0
121
14
6
4
0
0
0
491
10
1
0
3
2
44
0
0
0
4
0
26
0
43
151
80
9
0
3
69
62
8
15
5
199
18
0
86
0
0
59
7
7
69
39
50
160
0
1
0
34
42
0
123
6
38
21
11
0
100
142
5
7
6
995
516
1
0
2
112
1
103
39
4
12
3
27
0
17
15
23
18
1
14
1
4
13
34
17
16
0
3
0
1
0
158
0
4
0
0
18
2
1
0
0
177
0
1
0
0
86
3
0
0
0
0
0
0
0
68
0
0
0
0
1
0
0
57
25
12
0
0
6
10
15
0
46
12
22
0
4
6
90
0
0
0
29
81
0
0
0
0
2
614
0
0
4
0
0
1
13
0
0
0
0
21
0
67
0
0
0
0
7
0
0
3
1
0
0
0
0
0
0
0
0
11
0
0
0
0
0
0
0
0
0
0
131
0
0
0
0
0
0
0
0
56
0
0
0
0
0
0
0
41
0
0
0
0
0
0
0
0
0
0
0
0
0
0
0
0
0
0
0
0
27
0
0
2
0
57
0
0
0
0
0
0
0
0
0
0
0
0
0
0
0
0
0
0
0
0
0
0
0
0
0
0
0
4
0
0
0
0
0
0
0
0
0
0
0
0
0
0
0
0
251
0
0
0
19
1
3
0
0
2
19
48
33
38
36
3
0
0
13
180
0
4
23
15
37
130
0
6
69
0
16
16
34
45
26
3
70
77
0
0
0
61
59
1154
0
101
16
3
9
1
387
8
0
0
128
42
46
9
1
10
19
0
58
97
14
0
0
10
18
21
27
0
1194
0
0
0
0
38
0
0
0
0
0
0
6
0
0
11
0
0
0
0
0
0
0
74
0
0
0
0
0
7
0
0
0
4
0
0
0
0
52
0
418
0
6
154
109
88
78
17
9
2
382
10
113
37
0
621
0
0
0
0
0
0
26
0
235
3
2
0
1
0
0
24
0
0
5
1184
0
292
0
0
0
59
0
0
1
0
0
44
23
7
5
29
28
120
1
43
0
0
8
13
21
0
1
1
18
1
0
42
6
116
4
0
668
286
13
3
0
0
21
0
0
0
4
16
17
206
21
12
0
120
27
52
39
73
108
127
7
0
8
21
0
11
44
0
266
22
52
1
38
42
540
7
0
16
0
13
61
9
0
21
0
11
8
150
12
85
39
1073
209
25
122
30
108
552
51
51
0
0
222
1
21
2
1
0
186
1
25
77
8
1
1
37
3
0
224
0
120
36
66
406
76
0
17
0
4
83
1
32
29
6
14
0
6
0
49
106
9
0
4
3
5
0
59
0
0
48
1
399
21
2
1
0
1
89
430
0
0
0
0
0
0
0
0
0
0
0
0
0
10
333
57
5
31
0
0
0
0
0
0
0
0
0
5
0
49
21
0
0
0
0
0
0
0
0
0
0
0
0
0
0
0
0
0
0
0
0
0
0
0
0
0
0
0
0
0
0
0
0
0
0
0
0
0
0
0
0
0
0
0
0
0
0
0
0
0
0
0
0
0
0
0
0
0
0
0
0
0
0
7
11
0
0
0
20
0
25
171
3737
6
1
0
156
0
0
38
33
13
0
2
0
4
0
1
0
190
0
1
3
6
54
3
33
4
1
0
23
2
0
1
0
12
60
0
10
3
19
2
0
104
11
5
22
0
302
0
0
159
1
64
28
0
20
2
2
6
1
0
223
0
0
0
4
335
3
4
0
0
0
34
8
9
6
16
0
0
17
6
12
0
0
10
196
284
14
0
0
0
0
1
0
69
32
0
0
16
0
5
4
4
2
0
1
0
9
3
0
1
3
0
0
0
0
0
0
7
0
6
7
11
0
9
1
0
10
28
0
6
0
21
0
0
0
0
0
0
0
0
0
0
0
0
0
0
0
0
0
0
0
0
0
0
9
0
60
0
0
0
3
10
1
0
0
13
0
180
35
163
0
0
20
4
1
66
10
0
0
0
1
21
26
171
7
17
0
1
9
0
1
0
23
0
9
123
0
4
35
6
2
3
2
4
2
1
5
7
3
0
3
8
0
10
6
3
0
7
72
0
0
0
2
0
0
0
0
0
1
18
0
0
0
0
8
67
41
0
248
5
0
200
11
1
16
3
355
1
86
23
3
0
14
3
6
0
1
176
579
3
234
19
16
0
81
0
3
1
0
0
0
0
0
0
0
0
0
0
0
0
0
0
17
12
5
0
0
21
65
0
114
5
5
152
397
21
13
0
9
5
0
33
2911
5
675
352
784
6
21
80
2
50
0
0
351
23
0
7
0
122
268
21
6
5
0
14
66
2
63
15
113
11
1
168
20
41
1
28
104
0
1
2
0
30
71
7
33
16
3
89
6
3
448
15
16
0
0
0
0
7
4
30
75
202
41
61
0
8
4
89
89
4
407
1
1
0
150
81
423
10
115
0
1
10
0
0
0
0
0
0
0
0
0
0
0
0
0
0
0
0
0
0
0
0
0
0
0
0
0
0
0
1
0
0
0
0
0
0
0
0
0
0
0
0
0
0
0
0
0
0
0
0
0
0
0
0
0
0
0
0
3
0
0
0
0
0
0
0
0
0
0
0
0
0
0
0
2
0
0
0
0
0
0
0
0
0
0
0
0
0
0
0
0
0
0
0
0
0
0
0
0
0
0
0
0
0
0
0
0
0
0
0
0
0
34
0
0
2
0
0
0
0
1
0
0
0
0
0
0
1
0
0
0
0
0
0
0
0
0
0
0
0
2
0
0
0
0
0
0
0
0
0
0
0
0
0
0
0
0
2
0
0
0
0
0
0
0
0
0
1
0
0
0
0
0
0
1
0
5
0
0
0
0
0
0
0
0
0
0
0
0
0
0
0
0
0
0
0
0
0
0
0
0
0
0
0
0
3
0
0
0
0
0
0
0
0
0
0
0
0
5
0
0
0
0
0
0
0
0
0
0
0
0
0
0
0
0
0
0
0
0
0
0
0
0
4
0
0
0
0
0
0
0
0
0
0
0
0
0
0
0
0
0
0
0
0
0
0
0
0
0
0
0
0
4
1
0
0
0
0
0
0
0
0
0
0
0
0
0
0
0
0
0
0
0
0
0
3
0
1
1
0
0
0
0
0
0
0
0
0
0
0
0
0
0
0
0
0
0
0
0
0
0
2
0
0
0
0
0
0
0
0
0
0
0
0
0
0
0
0
0
0
0
0
0
0
0
0
0
0
0
0
2
0
0
0
0
0
0
0
0
0
0
0
0
0
0
0
0
0
0
0
0
0
0
0
0
3
0
0
0
0
0
0
0
0
0
0
1
0
0
0
0
0
0
1
0
0
0
0
0
0
0
0
0
14
0
0
1
0
0
0
0
0
0
0
0
0
1
0
0
5
1
2
8
0
0
0
0
0
0
0
0
0
0
0
0
0
0
8
0
0
0
0
0
0
0
0
0
0
1
0
0
0
2
0
0
0
0
0
0
0
6
0
0
0
0
0
1
0
0
0
0
48
0
5
0
0
0
0
1
0
0
1
0
0
0
1
0
2
0
1
40
1
0
15
65
0
0
0
0
0
0
3
0
0
0
0
0
0
0
0
0
0
2
0
0
0
0
0
0
0
8
0
0
0
0
0
0
0
0
0
0
0
0
0
21
1
0
0
0
0
0
1
0
0
0
0
10
3
0
0
0
0
0
0
0
6
0
0
0
0
0
0
44
0
0
1
0
222
0
0
0
0
0
0
0
0
0
0
0
0
36
0
0
3
0
1
0
0
3
0
0
0
0
1
0
0
0
0
0
0
0
0
0
0
0
0
0
0
1
0
0
0
0
0
0
0
0
0
0
0
0
0
0
0
0
0
0
0
0
0
0
0
0
0
0
0
6
0
0
0
0
0
0
0
0
0
0
0
0
0
0
0
0
0
0
0
0
0
0
0
0
73
0
0
0
0
0
0
0
0
0
0
0
0
1
0
0
0
0
0
0
0
0
0
0
0
0
0
0
0
0
0
0
7
0
0
0
0
0
0
0
0
0
0
0
0
0
0
0
0
0
0
0
0
1
0
0
0
0
0
0
0
0
0
29
80
297
22
28
0
0
27
0
228
14
21
41
0
590
7
213
67
0
1
0
65
0
1
0
64
34
0
0
0
219
1
44
94
23
47
0
347
1005
0
1275
0
0
67
18
90
0
100
23
69
250
251
11
0
119
28
0
0
13
3
11
3
7
110
22
1
49
0
174
1
0
13
40
1
5
0
0
19
98
5
45
0
11
93
49
1
126
8
87
82
0
21
19
2
11
0
50
0
2
3
46
0
253
0
43
1
2
1
0
92
0
0
27
0
17
38
57
7
5
1
12
86
16
0
84
0
0
12
0
0
21
3
0
0
3
103
1
65
2
6
0
15
78
430
0
0
25
0
1
2
41
0
0
11
6
5
3
0
3
69
2
0
173
0
5
2758
1
1422
0
17
0
1
16
178
395
16
11
135
8
0
152
2
34
133
0
1
3
270
4
283
1
9
1
4
149
54
12
73
2
46
0
0
82
18
0
31
1
2
19
1
0
6
3
0
0
0
0
0
0
49
2
0
0
0
0
0
13
0
0
0
0
3
3
53
4
1
21
1
0
5
4
81
0
251
4
154
2
0
194
3
20
0
53
21
16
3
1980
0
28
0
36
0
4
11
66
14
52
14
2
0
141
0
1
0
8
0
46
0
228
0
124
12
1
20
106
44
0
0
20
20
11
109
5
24
4
80
0
0
12
0
0
0
0
187
0
0
0
21
0
0
46
5
0
0
1
10
0
0
0
1
1280
83
59
5
0
8
0
14
18
5
0
132
15
10
0
10
14
0
99
9
0
6
96
37
23
5
51
11
30
186
0
6
359
0
221
4
0
0
31
382
11
0
6
12
23
190
11
14
0
88
413
0
0
0
0
57
51
32
0
8
28
0
30
0
1
18
8
6
150
26
3
26
11
405
0
2
0
64
248
0
8
6
2
577
0
16
135
68
1
191
0
22
0
4
38
81
0
8
397
118
2
69
36
22
0
0
1
1
16
18
0
8
0
43
23
4
5
26
30
165
0
2
89
26
32
22
0
1
1
0
0
0
0
1
0
1
10
81
2
0
0
10
0
0
0
1
0
6
445
0
13
3
0
0
328
0
54
25
34
658
660
0
101
112
0
139
216
151
16
0
5
1
0
30
327
21
1
21
32
6
16
0
8
39
1
49
0
0
28
708
98
62
25
5
9
8
78
504
20
158
143
0
76
0
0
1
562
301
331
0
0
189
9
11
8
6
0
9
0
40
8
0
0
1
0
50
899
49
3
67
94
0
762
4
73
1
52
530
0
0
0
186
207
0
1
3
399
1
0
37
153
51
1
29
31
0
39
41
11
132
0
0
26
1
46
14
12
0
9
303
23
1
0
2
314
6
2
1
1
75
10
34
814
24
68
0
3
0
0
5
26
0
0
0
20
33
25
3
249
95
0
7
2
155
0
0
3
62
0
0
0
25
1
71
160
135
0
223
38
1
3
24
86
23
0
38
79
33
6
315
41
0
114
0
0
14
5
0
0
9
74
0
130
67
67
0
0
32
0
0
0
0
43
0
94
0
0
0
0
0
0
0
739
0
0
0
0
0
0
0
0
0
0
0
0
0
0
0
0
0
0
0
0
0
0
0
0
0
0
0
0
3
0
0
1
0
0
0
1
58
14
18
124
2
3
10
66
478
46
221
0
3
1
1
0
0
0
1
0
8
0
0
10
0
2
4
12
418
0
569
127
118
4
5
0
1283
5
0
0
12
12
10
140
1
0
97
296
4
12
0
0
0
0
0
0
0
0
0
16
9
0
1
0
1294
59
0
0
0
0
0
0
0
0
0
0
0
0
0
2
4
0
0
57
1
3
1
42
63
1
100
0
84
22
268
0
8
229
3
187
69
53
76
14
0
16
8
0
2
10
0
0
0
0
0
0
0
95
0
116
0
1
0
1
0
18
4
24
0
0
0
3
0
211
0
19
0
4
253
1
8
1
170
0
1
0
7
146
2
0
157
0
0
44
10
14
10
114
664
45
0
4
177
10
60
6
29
6
2
2
12
0
0
2
1
0
8
83
30
116
442
0
134
4
236
1
0
109
10
5
159
14
6
1
60
54
9
0
32
32
100
1
552
67
0
0
8
69
14
139
2
0
732
49
0
0
0
47
32
0
25
10
0
45
0
5
95
571
605
4
18
5
339
27
23
257
12
0
0
1
15
392
63
0
0
1
4
0
36
17
32
27
84
1
46
228
408
3
2
0
0
0
44
0
2951
0
707
413
0
0
0
0
0
0
0
0
0
0
0
0
0
0
0
0
0
0
0
0
0
6
0
0
0
0
0
0
0
0
0
0
0
0
0
0
0
0
0
0
0
0
0
0
0
0
0
0
0
0
0
0
0
0
0
0
0
0
0
0
0
0
0
0
0
0
0
0
0
0
0
0
0
0
0
0
0
0
0
0
0
0
0
0
0
0
0
0
0
0
0
0
0
0
0
0
0
0
0
0
0
0
0
0
0
0
0
0
0
0
0
0
0
0
0
0
0
0
0
1
0
12
0
0
0
2
0
0
0
0
0
0
0
0
0
0
0
0
0
0
0
0
0
0
0
0
0
0
0
0
0
0
0
0
0
0
0
0
0
0
0
0
0
0
0
3
0
0
0
0
0
0
0
0
0
0
0
0
0
0
0
0
0
0
0
0
0
0
0
0
0
0
0
0
0
0
0
0
0
0
0
0
0
0
0
0
0
0
0
0
0
0
0
0
0
0
3
0
0
0
0
0
0
0
0
0
0
0
0
0
2
0
0
0
0
0
0
0
3
0
0
0
0
0
0
0
0
0
0
0
0
0
22
0
0
0
0
0
0
0
5
0
0
0
0
0
0
0
0
0
0
0
0
0
0
0
0
0
2
0
0
0
1
0
0
0
0
0
0
0
0
0
0
0
0
0
0
0
0
0
0
0
0
0
0
0
0
0
0
0
0
0
0
0
0
0
0
0
0
0
1
0
1
0
0
0
0
0
0
0
0
0
0
0
0
0
0
0
0
0
0
0
0
0
0
0
0
0
0
3
0
0
0
0
0
0
0
0
0
0
0
0
0
0
0
0
0
0
0
0
0
0
0
0
0
0
0
0
0
6
0
0
0
0
0
0
0
0
0
0
0
0
0
0
0
0
0
0
0
0
0
0
0
0
0
0
0
0
0
0
0
0
0
0
0
0
0
0
0
0
15
0
0
0
0
0
0
0
0
1
0
0
0
0
0
0
0
9
0
0
0
0
1
0
0
1
0
6
0
0
0
0
0
1
3
0
0
0
0
0
0
0
0
0
0
0
0
4
0
0
0
0
0
0
1
0
1
0
0
0
0
0
0
0
0
0
0
4
0
14
6
0
0
4
0
0
299
1
0
0
0
0
23
0
0
0
0
1
0
4
0
0
0
36
1
0
0
0
0
0
0
0
0
0
7
0
0
0
0
0
0
0
2
0
0
0
0
0
0
0
0
0
6
0
0
0
0
0
0
46
0
0
0
0
0
0
0
0
0
8
0
0
0
0
0
0
8
1
0
1
0
0
0
0
10
0
0
0
1
0
0
3
0
0
0
0
0
0
0
0
0
0
0
0
1
0
0
0
0
0
0
0
0
0
0
0
0
1
0
3
0
7
1
0
1
0
11
12
255
187
0
10
0
17
9
0
1
0
0
0
0
69
119
0
308
2
103
2
13
0
188
53
27
12
106
29
5
35
9
69
248
0
5
0
31
0
147
0
2
0
34
1
25
88
77
8
95
15
119
0
0
114
13
3
0
0
0
0
0
0
0
0
0
0
0
0
0
0
0
0
0
0
0
259
0
0
1
8
0
25
27
3
0
2
17
14
1
83
0
5
0
3
0
42
71
170
4
0
396
38
1
32
0
2
6
8
0
0
32
3
19
0
103
36
2
56
7
9
8
0
0
0
22
66
0
7
19
17
47
31
0
2
2
0
1
1
0
0
0
127
0
1
0
0
44
1
211
0
82
2
2
8
0
5
3
58
80
7
0
140
0
100
9
7
17
0
51
1
0
27
0
146
165
28
137
2
0
0
126
25
0
0
0
1
0
0
0
480
0
0
106
92
35
140
0
34
3
0
0
158
0
19
0
0
3
1
0
5
26
18
0
58
85
18
41
1
0
14
6
23
72
0
123
0
995
1
19
4
0
8
0
36
0
0
337
3
0
0
0
0
0
3
0
0
0
2
0
519
0
2
0
4
0
12
2
2
0
0
0
0
0
5
24
14
100
5
75
0
14
0
0
0
3
0
0
0
0
0
86
1
21
8
50
1
2
110
0
18
15
5
4
39
15
0
13
0
0
0
0
48
76
15
10
0
41
4
777
200
66
2
174
8
24
0
48
0
3
8
19
0
0
0
3
0
6
0
21
0
0
2
0
38
7
16
7
0
0
208
15
0
62
30
3
313
2
22
103
349
3
17
854
52
0
33
5
295
9
8
0
127
18
806
19
4
0
51
9
0
0
58
11
0
15
8
32
112
0
762
1
3
176
3
93
387
0
1
469
11
90
1769
0
21
0
347
24
85
10
29
6
2
115
1
13
0
61
21
1
2069
15
1
83
12
322
8
3
46
0
0
194
0
32
0
0
19
9
4140
0
0
0
1
0
22
168
45
0
0
0
30
295
0
8
1
2
0
1
0
3
57
0
354
0
0
0
36
20
64
0
0
0
5
0
0
7
3
0
82
0
57
105
8
0
32
46
87
61
22
19
35
0
2
0
74
1
0
63
73
0
87
0
0
0
0
0
0
0
0
0
217
0
0
0
0
0
0
2
2
183
0
6
40
1
0
4
260
1
70
0
1
36
11
1
0
1
27
0
1
0
628
0
10
0
2
454
20
443
1
82
1
46
38
39
4
2
346
1
29
0
12
7
22
7
122
51
1
0
5
0
0
0
0
71
0
31
1
484
9
3
0
2
0
10
0
0
0
1
1
6
91
0
44
0
26
0
0
0
0
30
4
29
8
2
2
18
22
0
0
0
31
1
0
0
0
0
0
1
160
35
0
0
71
0
0
90
224
3
271
4
7
0
43
13
0
1
2
15
0
5
2
0
1
0
0
0
32
215
1
1
0
32
0
72
33
0
0
0
0
0
0
0
22
183
5
1
0
9
0
0
0
0
55
0
3
0
0
1
1
1
71
13
3
156
8
0
160
1
97
41
4
2
6
0
0
10
1
0
204
92
5
62
13
0
8
130
38
1
13
4
31
147
49
2
0
1
154
42
41
114
8
0
169
0
1
0
0
0
0
0
0
0
1
0
13
1
6
64
8
0
23
2
18
23
1261
18
1
10
0
11
46
0
53
8
17
64
0
0
6
0
180
322
0
3
1015
3
0
44
18
0
2
0
26
7
0
56
621
198
32
0
0
0
27
0
22
248
1
48
30
2556
0
0
6
0
79
0
0
10
0
0
86
0
96
0
9
103
1
0
26
0
1
0
3
12
0
0
0
38
0
57
0
0
84
123
112
75
342
32
291
139
0
0
1
73
0
3
0
28
0
0
25
122
0
40
164
41
0
14
0
14
79
15
47
92
5
18
9
4
415
39
159
164
0
0
26
5
20
18
306
120
22
12
0
11
1
0
1
14
2
0
510
74
0
1
6
14
153
0
3
2
1
0
0
3
34
0
85
61
2
3
0
0
21
1
29
0
0
0
0
0
0
0
0
43
46
4
7
19
3
36
0
189
0
0
78
529
24
6
0
172
46
410
1
1
0
0
0
4
16
7
0
77
13
43
2
7
1413
36
1
2
3
13
4
16
29
8
7
5
0
0
7
569
26
26
24
34
156
0
4
0
133
42
39
8
4
0
6
4
1
117
1
128
161
14
82
3
9
0
0
0
1
0
0
4
0
0
362
0
0
0
141
0
0
117
36
291
32
0
4
26
27
0
2
6
5
0
10
601
60
3
0
1
0
0
0
0
0
0
28
0
112
0
1
47
129
0
40
4
15
38
0
22
20
0
237
22
20
0
9
0
0
6831
148
0
0
2
19
3
226
663
19
0
0
32
106
25
23
1
0
843
0
0
0
0
0
3
0
0
0
0
0
0
0
61
0
0
0
0
0
0
14
4
0
0
163
309
0
0
0
0
0
0
0
0
2
0
0
0
0
0
0
0
0
0
0
0
0
0
0
0
0
0
0
0
0
0
0
0
0
4
26
0
0
0
3
1
0
135
0
28
47
1
0
370
11
18
3
0
685
21
0
0
37
3
0
6
155
2
0
58
8
4
439
0
0
0
0
0
0
29
0
0
63
110
4
0
0
0
8
10
3
721
43
110
0
124
0
34
0
0
61
508
192
16
11
1
1
64
19
3
6
45
0
22
50
9
11
4
7
79
0
4
0
1
560
1
172
0
215
0
0
2
15
0
0
1
120
0
0
2
1
20
0
311
15
0
34
27
9
4
0
0
709
0
0
3
7
64
0
0
0
0
0
0
0
0
0
0
0
0
0
0
0
0
0
0
0
0
0
0
0
0
0
0
0
0
0
0
0
0
0
0
63
3
34
0
2
0
0
0
0
0
170
0
0
4
26
269
9
2
0
0
9
7
12
0
30
66
7
0
6
0
1
0
0
0
0
0
0
0
0
0
0
0
0
2
0
0
0
0
0
1
0
0
0
0
0
0
0
0
0
0
0
0
0
0
0
0
0
0
0
1
0
0
4
0
0
0
0
0
3
0
0
0
0
0
0
0
0
0
0
0
0
344
0
0
0
0
0
0
0
0
0
0
0
0
0
0
0
0
0
0
0
0
0
0
0
0
0
1
0
0
0
0
0
0
0
0
0
0
0
0
0
0
0
0
0
0
0
0
0
0
0
0
0
0
0
0
0
0
0
0
0
0
0
0
0
0
0
0
2
0
0
0
0
0
0
0
0
0
0
0
0
0
0
0
0
0
2
0
0
0
0
0
0
0
0
0
0
0
0
3
0
1
0
0
0
0
0
0
0
0
0
0
0
0
0
0
0
0
0
0
0
0
0
0
2
0
0
0
9
0
0
0
0
0
0
0
0
0
0
0
0
0
0
0
1
0
0
0
0
0
0
0
7
0
0
0
0
0
0
0
0
0
0
0
0
0
1
0
0
0
0
0
0
0
0
0
0
0
0
0
0
0
0
8
0
0
0
0
0
0
0
0
0
0
0
0
0
0
1
0
0
0
0
0
0
0
0
0
0
0
0
0
0
0
0
0
0
0
0
0
0
0
0
0
0
0
0
0
0
0
0
0
0
0
0
0
0
0
1
0
0
0
0
0
0
0
0
0
0
0
0
0
0
1
0
0
3
0
1
0
0
0
0
0
0
0
0
0
0
0
0
1
0
0
0
0
0
0
0
0
0
0
0
0
0
0
0
0
0
0
0
0
0
0
0
0
0
0
0
0
0
1
0
0
0
3
0
6
0
0
0
0
11
0
0
5
0
0
0
1
0
0
0
1
0
0
11
0
0
0
0
0
0
0
2
0
0
0
0
0
0
0
0
0
0
0
0
0
0
0
0
0
0
3
0
0
0
0
0
0
0
0
6
0
1
0
1
0
0
0
0
0
0
156
0
0
0
0
0
0
0
0
0
2
0
0
0
0
0
87
0
0
0
0
0
0
0
0
0
0
0
5
0
1
1
0
0
0
0
0
0
0
0
0
5
0
0
0
0
0
0
0
0
0
0
10
0
14
0
0
0
0
0
0
0
0
0
0
1
0
0
0
0
0
0
0
0
0
0
2
0
4
0
0
0
0
0
0
14
0
0
0
0
0
0
0
0
0
0
0
0
11
10
11
4
34
76
7
242
459
28
104
1
0
28
14
89
27
95
44
614
0
0
97
1126
58
0
0
0
0
0
0
28
180
1
0
0
2
253
2
0
4
0
0
2
23
18
0
158
100
50
0
0
59
0
0
2
0
2
0
648
11
14
15
16
0
5
70
0
0
0
0
2
0
0
7
419
3
40
3
2
51
55
72
0
0
62
2
126
0
23
0
0
10
22
253
6
0
194
0
0
0
80
0
591
501
11
108
130
1
65
4
45
22
0
6
544
0
2
12
0
0
13
1
5
0
0
0
206
31
0
0
151
0
0
8
32
93
0
0
0
0
11
8
3
2
8
9
15
9
19
6
14
273
68
58
10
0
0
0
25
41
0
0
245
234
19
211
22
197
0
37
1141
10
7
0
5
30
4
89
0
19
0
5
16
3
0
0
138
1
0
9
40
182
0
126
44
36
2
0
0
137
15
0
137
0
322
28
3
51
11
24
1
0
239
0
0
0
0
0
73
6
479
86
79
111
131
1
106
3
0
16
192
131
8
135
0
0
275
0
278
4
3
0
23
0
0
0
0
56
0
178
0
11
0
36
219
0
0
0
0
15
16
27
0
0
0
0
8
42
2
21
375
40
0
261
0
126
3
33
910
2
3
75
24
0
0
0
0
0
0
2
0
0
0
28
31
3
47
118
7
52
30
30
3
23
6
0
0
14
1
0
5
3
83
0
5
24
22
41
375
78
23
0
0
1
0
32
13
382
10
2
50
81
14
12
0
5
88
10
1
1
0
37
22
2
1
28
0
0
2
51
0
11
54
0
46
24
7
1
8
0
23
169
0
0
0
1
0
537
0
25
0
11
11
0
0
0
0
0
1
121
8
45
4
54
8
0
15
290
2
6
74
25
8
0
5
0
0
1
82
275
36
4
148
1
5
17
5
0
46
0
0
122
0
0
0
23
0
12
0
0
0
19
142
0
1
0
7
0
207
11
0
452
163
0
19
0
0
443
0
0
1
0
0
0
0
0
0
0
2
14
0
0
7
3
22
0
33
155
1
0
0
304
6
2
11
0
0
0
29
1769
6
177
1
29
194
4
0
10
9
15
0
0
39
0
397
0
10
1
0
0
26
3
22
2
6
19
0
3
2
10
0
3
42
21
1
121
21
42
27
2
14
0
0
0
3
74
288
87
96
48
349
1
0
0
65
15
0
0
1
0
0
78
33
47
3
5
1
0
0
81
118
30
14
7
179
126
0
0
5
21
75
7
36
0
28
565
18
0
1559
0
6
0
66
0
20
37
5
10
0
1
95
1
86
25
2
13
473
7
0
0
0
0
56
30
10
2
0
0
0
0
2
0
27
0
0
0
0
0
0
0
0
0
21
144
91
0
1
1
11
0
9
12
0
21
76
0
73
0
33
15
4
264
77
1
0
8
31
46
180
12
104
110
3
4
3
26
12
0
60
261
5
20
3
6
0
38
291
137
16
25
4
86
3
148
5
0
0
23
0
15
376
37
14
242
4
9
1
0
5
22
0
0
56
23
1
31
33
1
1
4
61
7
25
12
0
1
24
0
3
73
4
177
16
53
4
25
0
0
11
26
4
11
15
17
308
0
21
1
2
289
70
44
0
16
20
1
0
0
37
221
64
0
338
0
352
1010
152
0
0
1275
0
83
11
66
34
110
8
0
0
1
0
2
0
14
1283
0
28
131
74
232
17
5
0
20
0
0
30
3
532
329
6
0
45
18
0
1
15
10
1
140
291
18
12
0
9
127
1
0
29
1
19
48
86
0
0
11
0
0
171
0
7
0
0
1
4
15
169
0
0
0
34
15
46
0
0
4
307
34
13
136
0
93
2
0
3
5
4
0
11
137
155
0
0
26
0
170
0
0
71
10
14
77
62
5
19
9
0
0
114
10
0
0
1
0
3
0
5
10
1
0
1464
4
3
13
17
1
1
0
9
0
2
0
7
0
0
18
1
0
6
44
1
0
0
2
7
69
0
5
9
27
2
4
7
19
0
0
21
0
130
1
2212
0
56
20
1
561
53
2
0
4
23
115
3
1
41
151
1
6
0
20
20
23
0
0
1164
4
18
0
10
85
139
7
11
120
9
8
26
181
38
52
0
4
12
171
51
2
0
67
51
0
3
0
138
11
1
14
203
1
262
30
0
2
1
1
0
0
0
0
0
782
87
3
7
10
0
1
118
35
0
1
16
0
0
10
25
207
0
49
0
8
0
19
2
0
222
0
81
0
437
16
0
0
90
43
4
19
0
0
2
5
0
3
34
0
28
10
74
0
0
15
12
126
1519
97
93
0
2
0
2
11
14
2
0
11
1
49
57
16
4
25
0
42
1
0
0
0
0
0
0
1
1
0
11
0
121
6
44
62
9
8
1515
66
0
0
5
5
0
6
98
46
1
5
33
135
0
0
0
0
0
0
0
0
0
0
0
0
0
0
0
0
0
0
0
0
0
0
96
0
2
0
1
13
13
78
52
12
0
196
14
7
360
15
88
24
0
61
69
71
46
122
0
0
165
0
16
0
0
0
10
1
88
7
5
28
5
15
19
0
5
0
0
0
0
54
5
0
91
0
0
1
2
20
468
76
0
6
28
0
12
258
3
4
90
0
11
3
4
5
1
0
222
49
15
0
4
11
1
0
28
13
1
13
12
44
19
3
30
51
16
2
2
59
0
33
0
131
45
2
4
0
33
298
0
68
0
0
0
0
0
0
0
0
0
0
1
45
44
13
21
7
7
5
0
0
0
0
0
0
0
0
0
0
0
0
10
23
0
0
0
58
0
463
1
17
7
1
0
140
2
0
0
3
0
0
0
0
0
1
0
0
0
0
0
0
0
0
0
0
0
0
0
0
0
0
0
0
7
0
0
0
0
0
0
0
1
0
0
0
0
0
0
0
0
0
0
0
0
0
0
0
0
0
0
0
0
0
0
0
0
0
0
0
0
0
0
0
1
0
0
0
0
0
0
8
0
0
0
0
0
0
1
0
0
0
0
0
0
0
0
0
0
0
0
0
0
0
0
0
0
0
0
0
0
0
0
0
0
5
0
0
0
0
0
0
0
0
0
0
0
0
0
2
0
0
0
0
0
0
0
0
0
0
0
0
0
0
0
2
0
0
0
0
0
0
0
0
0
0
0
0
0
0
0
0
0
0
0
0
0
0
0
1
0
0
0
0
0
0
0
0
0
0
0
0
0
0
0
0
0
0
0
0
0
0
0
0
0
0
0
0
0
0
0
0
0
0
0
0
0
0
0
0
0
0
0
0
0
0
0
0
0
0
0
0
0
0
0
0
0
0
0
0
0
0
0
0
0
0
0
0
0
0
0
0
0
1
0
0
0
0
0
0
0
0
0
0
0
0
0
0
0
0
0
0
0
0
0
0
0
0
0
0
0
0
0
0
0
0
0
0
0
0
0
0
0
0
0
0
0
0
0
0
0
0
0
0
2
0
0
0
0
0
0
0
0
0
0
0
0
0
0
0
0
0
0
0
0
0
0
0
0
0
0
0
0
0
0
0
0
2
0
0
0
0
0
0
1
0
0
0
0
0
0
0
0
1
0
0
0
0
0
0
0
0
0
0
0
0
0
0
0
0
0
0
0
0
0
0
0
0
0
0
0
0
0
0
0
0
0
0
0
0
0
0
0
0
0
0
0
0
0
0
0
0
0
0
0
0
0
0
0
0
0
0
0
0
0
0
0
0
0
0
0
0
0
0
0
0
0
0
0
0
0
0
0
0
0
0
0
0
0
0
0
0
2
0
0
0
0
0
0
3
0
0
0
0
0
0
0
0
0
0
0
0
0
0
0
0
0
0
0
0
0
0
0
2
0
0
0
0
0
0
0
0
0
0
0
0
0
0
0
0
0
0
0
0
0
0
0
0
0
0
0
0
0
0
0
0
3
0
0
0
0
0
17
0
0
0
0
0
0
1
0
0
0
0
0
0
0
1
0
0
0
0
1
0
0
3
4
1
0
0
0
0
143
0
0
1
0
0
0
0
14
0
0
0
0
0
3
1
0
25
0
0
3
0
0
0
0
0
0
0
0
0
0
0
3
2
5
0
6
0
22
0
0
0
2
0
0
0
0
0
0
0
0
0
0
0
0
46
0
0
1
0
0
3
7
0
0
22
1
5
0
0
0
0
0
0
0
0
0
0
0
0
0
0
0
0
1
0
0
0
0
0
0
0
0
0
0
0
0
0
0
0
0
0
0
0
0
0
0
0
0
0
0
0
0
0
0
0
0
0
0
0
0
0
0
0
0
0
0
27
0
9
0
0
0
0
1
0
0
0
0
1
0
0
0
0
0
0
0
0
0
0
0
1
2
0
59
2
1
0
0
0
0
0
0
0
0
0
0
1
0
0
0
0
0
0
1
0
13
4
6
0
0
0
0
0
0
0
0
0
0
0
0
0
0
0
0
0
0
0
0
0
0
0
5
0
0
0
0
0
0
0
0
0
0
0
0
14
0
0
110
1
52
25
24
10
0
0
85
0
0
0
12
0
0
0
3
0
19
8
12
3
23
72
14
2
23
22
0
8
0
0
0
0
0
0
3
0
0
0
0
2
28
2
26
0
15
0
8
12
0
0
0
0
0
0
0
0
5
14
0
0
0
0
0
0
138
0
0
0
3
0
8
33
0
0
10
0
5
0
31
17
0
3
0
7
3
93
0
67
2
0
29
0
286
5
5
0
0
1
232
4
0
76
88
51
169
1
14
5
102
3
11
0
0
0
0
0
0
2
108
0
0
10
0
0
56
0
0
0
47
0
0
0
59
0
0
0
27
2
0
5
9
449
0
85
44
27
0
0
0
32
22
13
67
1
0
195
561
0
0
55
36
0
0
0
0
2
3
0
4
5
3
111
23
36
63
2
1
0
44
0
8
1
11
9
12
0
1
1
2
6
0
2
26
537
33
937
21
1057
970
301
1
1
0
0
162
0
4
348
1
102
862
1
154
61
77
0
6
33
0
172
0
3
21
0
2
3
0
1152
2
0
0
12
8
22
0
752
27
3
0
0
0
14
11
0
9
67
16
3
0
2
12
0
1
0
0
24
2
115
0
130
0
0
45
39
0
0
2
50
44
6
74
32
136
2
37
0
21
0
3
8
5
21
264
59
66
1
0
2047
11
0
0
0
0
0
17
122
27
0
228
242
1
8
24
8
34
13
0
0
6
0
0
90
143
52
10
46
4
9
93
28
24
1077
2
49
4
7
0
6
136
1
9
5
0
0
4
95
0
0
198
30
7
0
1
72
52
0
0
0
0
4
138
4
0
2
9
3
0
95
16
449
6
21
2
29
27
10
19
86
10
19
0
12
0
103
36
0
0
1
0
0
5
564
42
1
10
0
526
21
116
1
43
45
0
15
39
523
15
37
49
0
132
0
7
0
19
0
7
0
0
53
0
14
9
5
1
3
5
0
22
2
0
7
1
25
1
30
0
36
0
0
0
0
0
0
0
0
0
1
0
0
0
0
89
0
0
0
0
0
0
0
0
67
0
0
0
0
0
13
0
0
0
1
0
0
0
5
0
0
0
13
0
0
0
0
0
0
12
0
0
0
0
0
0
5
0
0
0
0
0
0
74
76
6
8
0
24
2
31
15
5
28
0
0
0
0
0
0
0
0
0
1
0
0
0
118
0
178
0
0
0
0
0
0
0
67
304
41
0
1
62
32
284
0
0
0
0
0
0
18
0
0
165
12
3
123
0
13
0
1
14
385
2
6
0
0
44
6
2
6
0
7
0
2
0
31
0
101
71
0
0
65
116
0
52
2
0
0
0
0
0
0
210
0
69
0
2
0
0
2
0
0
0
0
0
0
2
100
1
46
3
0
0
5
1
0
1046
1
19
4
16
14
0
200
2
4
0
0
0
80
0
6
0
0
0
468
0
0
0
39
11
0
6
5
273
0
90
4
17
6
0
0
40
0
0
0
9
0
0
0
0
5
180
142
5
1
22
35
48
4
0
0
10
0
0
29
256
12
52
5
59
20
45
6
0
33
49
0
0
0
32
0
0
0
2
1312
11
12
45
6
23
58
0
0
0
0
21
16
128
5
0
11
211
171
8
125
25
1
0
0
0
0
36
0
0
4
37
3
103
4
1
0
100
10
1
53
315
39
78
20
15
0
1
0
78
15
7
12
0
0
145
344
57
5
1
0
18
0
7
0
36
0
223
1
19
13
5
1
82
7
671
79
626
0
0
46
59
21
137
10
4
68
7
8
1
167
86
62
0
15
5
0
215
0
0
0
0
0
1
0
2
0
27
75
0
3
125
0
0
156
15
912
0
0
42
607
11
0
2
68
0
56
1
0
137
2
5
28
0
0
0
0
0
0
2
97
8
0
87
4
29
2
33
12
6
73
0
74
72
6
10
118
0
2
0
0
0
0
0
1594
18
5
14
10
33
96
46
109
0
1
0
0
54
220
2
46
1
0
0
77
33
41
50
0
458
35
132
45
0
4
0
769
1
0
21
61
47
24
6
0
11
171
0
64
4
0
0
6
185
14
113
587
0
27
0
1
15
6
33
28
30
14
0
14
10
27
4
0
7
16
0
0
0
9
33
0
2
1
0
0
0
7
5
0
0
2
10
0
42
3
35
5
25
46
43
2
0
1
4
34
46
3
35
15
0
0
0
0
0
0
0
0
0
0
2
13
1
40
95
4
2
0
0
15
53
14
32
96
0
4
18
0
68
63
80
0
0
60
6
34
6
0
33
0
5
0
0
27
23
104
5
46
41
4
0
0
10
8
0
26
5
7
1
0
0
11
397
4
0
0
3
0
5
22
39
22
10
0
44
0
69
207
64
179
29
0
8
3
404
0
130
17
5
16
16
0
0
0
4
6
72
7
14
0
20
581
46
0
0
1
18
43
1
50
0
8
0
0
0
0
0
0
0
0
0
0
0
0
11
11
370
3
0
0
13
0
0
0
0
0
0
1
0
0
0
0
1
0
0
0
0
0
0
0
0
0
0
0
0
0
0
0
0
0
0
0
0
0
0
0
0
0
0
0
0
0
1
0
0
0
0
0
0
0
1
0
0
0
0
0
0
0
0
0
0
0
0
0
0
1
0
0
0
0
4
0
0
0
0
0
0
0
0
0
1
1
0
0
0
0
0
0
0
0
0
0
0
0
0
0
0
0
0
0
0
0
0
0
0
0
0
0
0
0
0
0
0
0
0
0
0
0
0
0
1
0
0
0
0
0
0
0
0
0
0
0
0
0
0
0
0
1
0
0
0
0
0
0
0
0
0
0
0
0
0
0
0
0
0
0
0
0
0
0
0
0
0
0
0
0
0
0
0
0
0
0
0
0
0
0
0
0
0
3
0
0
1
0
0
0
0
0
0
0
0
0
0
0
0
0
0
0
0
0
0
0
0
0
0
2
0
0
0
0
0
0
0
0
0
0
0
0
0
0
0
0
0
0
1
0
0
0
0
0
0
0
2
0
0
0
0
30
0
0
0
0
0
0
0
0
0
0
0
0
0
0
0
0
0
0
0
0
0
1
0
0
0
0
1
0
0
0
0
0
0
0
0
0
0
0
1
0
0
0
0
0
0
0
0
0
0
0
0
0
0
0
0
0
0
0
0
0
0
0
0
0
0
0
0
0
0
0
0
0
3
0
0
0
0
0
0
7
0
0
0
0
0
0
0
0
0
0
0
5
1
1
0
0
0
0
0
0
0
0
0
0
0
0
0
0
0
0
0
0
0
0
0
0
0
0
0
0
0
0
0
0
0
0
0
1
0
0
0
0
0
0
0
0
0
0
0
0
0
0
0
0
0
3
0
0
0
0
0
0
67
0
0
0
0
1
0
0
0
3
0
0
0
0
0
0
6
0
0
1
45
28
0
0
0
0
2
0
0
0
0
0
3
0
6
0
0
0
0
0
0
0
2
1
0
17
0
0
0
84
0
3
0
0
0
0
4
0
10
0
0
0
0
2
0
150
0
0
0
4
2
12
0
1
25
0
108
0
0
1
0
0
0
0
0
0
0
0
0
0
0
0
0
26
0
0
0
0
0
0
0
0
0
0
0
0
0
1
1
0
0
0
0
1
0
0
1
0
0
0
0
0
0
0
2
0
0
0
0
0
0
0
0
0
0
0
0
0
0
0
0
0
0
2
1
97
0
0
0
0
0
0
0
0
0
0
1
0
0
0
0
0
0
2
1
0
0
53
0
0
0
0
0
17
0
0
5
35
0
0
3
0
8
20
14
0
0
0
11
26
93
0
153
0
31
0
0
0
0
2
3
15
151
0
222
56
0
13
0
3
1
11
0
61
25
3
0
51
0
2
0
0
0
0
0
20
0
1
0
0
0
0
0
0
0
27
1
291
0
0
0
0
7
0
230
0
0
33
0
0
0
0
15
6
0
33
0
67
0
125
0
0
0
9
0
2
4
0
10
0
0
0
6
0
2
12
0
0
1
10
0
0
0
11
0
6
1
14
0
113
0
0
0
0
36
702
22
0
1
0
1
0
10
0
0
0
0
0
0
112
0
17
0
0
0
0
20
0
1
0
50
0
116
0
0
0
1
1
0
0
0
0
0
0
0
0
0
0
0
0
107
0
2
0
0
1
1
666
112
246
63
152
3
0
0
0
0
0
0
0
0
0
0
0
6
166
2
9
0
1
0
3
240
0
0
0
0
0
0
0
0
0
0
0
85
0
0
0
0
0
0
0
6
2
0
0
14
210
0
62
11
16
5
4
0
13
43
5
3
0
19
2
26
23
148
41
0
340
0
106
0
9
0
0
126
10
207
35
4
0
90
0
6
12
22
0
0
0
0
81
0
7
0
0
0
0
0
9
0
0
719
2
114
57
7
32
29
0
0
0
21
0
0
0
0
37
0
26
36
2
10
1
0
0
0
76
8
1
7
33
4
3
32
36
254
21
20
6
0
25
0
0
0
0
0
0
8
0
1
0
2
0
0
202
17
0
0
0
0
0
0
0
0
0
0
0
0
0
0
0
0
0
0
0
1
0
0
0
0
0
0
0
0
0
0
0
0
0
0
0
0
0
0
0
0
0
0
0
488
88
0
0
3
825
0
1
2
3
172
0
76
0
6
80
16
0
0
0
0
25
0
0
0
2
1
30
1
85
0
1
0
202
50
0
1
10
0
1803
24
0
0
2
1346
74
16
0
1
2
42
0
0
0
115
0
0
2
177
107
0
3
45
3
0
0
0
0
0
187
0
431
456
11
3
34
126
1
24
0
3
58
20
1
123
0
16
0
0
8
15
183
0
1
0
13
0
10
1
25
69
71
0
66
40
61
5
1
0
68
3
0
1
418
15
7
7
0
87
2
9
4
4
25
2
5
168
1652
0
2
8
0
0
175
1
111
0
0
2
62
0
18
60
69
12
28
1
10
0
12
49
4
7
0
0
10
49
0
0
156
0
8
16
0
0
3
447
678
2
74
4
92
0
3
19
41
42
2
0
369
398
52
29
3
14
17
0
0
0
42
112
1
107
15
146
14
2
0
1
0
0
0
7
52
83
0
21
13
27
74
11
2
8
66
104
0
8
0
39
0
5
2
2
0
9
22
9
0
7
154
0
0
2
0
4
0
0
0
0
0
0
0
0
0
0
0
0
0
0
0
0
0
0
0
0
8
0
0
160
0
142
5
0
0
0
0
0
4
0
6
0
0
0
0
1
0
17
7
639
11
0
1
0
0
0
0
0
0
0
0
0
0
0
0
24
0
0
88
0
0
0
0
0
0
0
0
0
0
0
0
0
11
0
0
0
0
0
0
16
38
0
0
0
0
0
6
0
0
0
267
0
156
0
70
0
147
3
26
8
282
51
9
6
17
0
10
0
0
68
0
0
0
0
59
1
0
0
20
0
0
0
0
0
89
0
0
0
0
0
28
0
0
63
0
6
0
2
8
0
81
1
1
4
0
20
0
1
36
150
5
173
0
0
79
0
7
42
8
3
2
56
0
0
0
7
19
56
0
1
1741
13
4
42
6
0
6
5
1
0
0
0
747
0
144
3
0
28
44
1
3
2
0
2
2
0
4
3
1
0
20
0
14
19
7
3
82
12
11
0
4
0
2
0
0
4
0
0
0
0
57
1744
47
15
53
0
28
943
0
0
0
0
3
0
0
0
0
0
0
0
0
163
1
35
26
0
17
0
0
683
7
2
0
2
0
4
2
2
0
0
0
0
0
0
6
0
0
9
1
0
1048
7
608
13
0
4
0
50
108
3
0
0
0
0
0
228
0
0
0
0
257
230
947
6
0
0
0
0
0
2000
0
752
0
0
0
457
222
0
1
0
36
0
0
0
0
0
0
5
0
0
0
19
0
2
0
519
0
0
0
43
0
0
6
0
0
0
0
113
32
2
0
0
0
0
0
56
0
0
2
87
0
0
0
5
0
0
0
126
0
8
0
71
0
7
46
116
0
0
38
1
0
37
0
13
0
0
0
12
1910
64
0
2
9
30
38
0
0
2
2
1
91
0
0
1
7
1
0
2
10
0
0
0
0
0
6
0
14
19
125
6
0
8
34
2
40
0
14
0
51
14
0
0
0
0
0
0
0
44
0
5
0
0
0
20
0
8
240
8
1
14
0
84
107
22
41
0
23
0
0
10
35
1
25
0
0
153
13
3
346
0
0
0
82
4
6
0
361
36
0
1271
0
0
0
0
0
2
7
0
0
0
0
0
0
0
0
0
0
7
0
8
5
2
0
420
35
0
126
3
0
0
233
233
0
241
15
0
4
5
25
9
0
0
35
0
91
5
151
2
3
0
0
103
22
21
1
0
0
0
0
0
0
0
0
3
7
0
0
0
0
0
0
0
0
0
0
0
0
0
0
0
18
0
0
0
0
3
0
27
2
1
0
0
5
0
0
3
0
0
2
422
50
0
0
41
5
26
41
23
7
77
5
11
84
19
120
35
0
0
0
0
0
22
12
0
0
19
0
2
0
230
85
0
0
24
1
36
6
118
5
9
0
1
69
52
66
108
42
0
0
11
0
0
0
0
19
1
3
2
0
79
679
0
0
0
0
0
0
7
0
0
0
0
0
11
0
24
74
0
0
0
0
0
15
0
0
0
0
79
0
0
4
0
0
0
0
0
1
83
0
0
0
0
0
0
0
0
1
0
599
0
0
0
0
0
0
0
0
0
0
124
92
22
2
0
0
6
83
2
477
39
149
1
36
52
114
288
0
1
0
18
10
135
407
2
0
0
49
0
1
3
0
0
0
0
0
0
0
0
0
0
0
0
0
0
0
1
0
6
0
4
71
0
4
234
0
0
156
128
0
0
1
19
0
0
18
10
0
0
0
1889
5
25
13
84
0
40
27
0
0
4
0
0
2
0
0
0
4
0
0
0
0
27
27
88
14
0
0
0
73
34
13
2
0
0
0
0
14
7
0
1
4
1
0
1
2
0
85
0
365
15
0
0
0
0
0
54
0
0
0
8
89
0
0
0
48
2
2
2
0
0
2
0
20
0
172
15
0
26
1
0
2
37
0
0
0
0
0
0
0
0
0
0
0
0
0
0
0
0
0
0
0
0
0
0
1
0
0
0
0
0
0
0
0
0
0
0
261
0
0
0
6
4
0
55
16
0
77
218
83
7
19
10
0
0
0
8
37
1
1908
2
0
12
0
0
1
1
70
0
1
379
33
0
7
0
236
67
0
0
0
19
2
0
0
0
0
32
6
0
0
0
0
0
0
0
0
0
0
0
0
0
0
0
0
0
0
0
0
0
0
0
0
0
0
0
0
0
0
0
0
0
0
0
0
0
0
0
0
0
3
0
0
2
648
0
4
7
0
6
66
5
0
14
0
107
21
0
0
102
0
0
6
2
13
0
0
0
25
0
0
0
219
0
0
0
0
0
0
258
319
5
8
0
6
18
0
23
60
30
61
0
22
0
0
0
4
127
92
0
8
0
9
11
130
76
198
7
4
0
0
81
0
5
15
116
19
281
36
35
380
7
0
0
0
1
41
165
0
0
0
1
0
14
53
0
78
6
20
30
3
0
1
0
0
186
346
815
2
0
19
40
2
0
0
0
1
18
1
0
0
0
0
0
0
0
0
0
5
0
0
0
0
0
0
0
0
0
0
0
0
7613
28078
0
0
0
0
0
0
0
0
0
0
0
0
0
0
0
0
0
0
0
0
15
11
25
0
75
1
100
43
0
0
16
0
158
474
97
46
41
1
11
407
0
1
0
0
4
37
124
108
3
0
4
91
8
119
0
0
0
7
14
0
0
0
8
49
6
12
17
145
7
0
137
2
0
40
0
0
60
3
1
3
614
0
1
7
1
118
6
1360
468
0
1
3
30
12
0
0
46
0
0
2
24
0
0
12
0
0
0
0
0
0
0
0
0
2
0
0
0
5
0
0
1
0
0
0
1
0
0
0
17
10
0
0
0
0
0
0
0
2
19
3
1
21
25
2
23
174
182
360
45
50
44
2
66
9
64
1721
63
0
80
59
139
0
9
0
41
233
233
0
17
0
18
94
0
0
483
75
2
2
0
0
0
0
4
11
0
105
347
7
3
0
21
0
0
618
12
0
0
0
0
0
0
14
0
0
0
0
0
0
0
0
0
0
0
0
0
0
0
0
0
0
0
0
0
0
0
0
0
0
0
0
0
0
0
0
0
0
0
0
0
0
0
0
12
0
2
4
2555
6
0
20
50
4
169
0
0
0
0
0
3
1
45
21
0
16
9
40
62
21
9
0
127
0
1
3
25
0
0
0
0
0
0
0
0
10
60
150
0
2
99
20
0
98
123
25
168
1
0
0
0
0
0
0
0
0
0
0
0
0
1
0
0
0
0
0
10
0
0
0
0
0
0
0
0
0
0
0
0
0
0
0
0
0
0
0
0
0
0
1
0
0
0
0
5
0
1
0
0
0
0
0
0
0
0
0
0
0
0
0
0
0
0
0
0
0
0
0
1
0
0
0
0
0
0
0
0
0
0
0
0
0
0
0
0
0
0
0
0
0
0
0
0
0
0
1
0
0
0
0
0
0
0
0
0
0
0
0
0
0
0
0
0
0
0
0
0
0
0
0
0
0
0
0
0
0
0
0
0
0
0
0
0
0
0
0
0
0
0
0
0
0
0
0
0
0
0
0
0
0
0
0
0
0
0
0
0
0
0
0
0
0
0
0
0
0
0
0
0
0
0
0
0
0
0
0
0
0
0
0
0
0
0
0
0
0
0
0
0
0
0
0
0
0
0
1
0
0
0
0
0
0
0
0
0
0
2
0
0
0
6
0
0
0
0
0
2
3
0
0
0
0
0
0
0
0
0
0
0
0
0
0
0
0
0
0
0
0
3
0
0
0
0
0
0
0
0
0
1
0
0
0
0
0
0
0
0
0
0
0
0
0
0
0
0
0
0
2
0
0
0
0
0
0
5
2
0
0
0
0
0
0
0
0
0
0
0
0
0
3
0
0
0
0
1
0
0
0
0
0
0
0
0
0
0
0
0
11
0
0
0
0
0
0
0
0
0
0
0
0
0
0
0
0
1
0
0
0
0
0
0
0
1
0
0
0
0
0
0
0
1
0
0
0
0
0
0
0
0
0
0
0
0
0
0
0
0
0
0
2
0
0
0
0
0
0
0
0
0
0
0
0
0
0
0
0
0
0
0
0
0
0
0
0
0
0
0
0
0
0
0
0
0
0
0
0
0
0
0
0
0
0
0
0
0
0
0
0
0
0
0
0
0
0
0
0
0
0
0
0
0
0
17
0
0
0
0
0
0
0
0
0
0
0
0
1
0
0
0
0
0
0
0
0
0
0
0
0
0
0
0
0
0
1
0
0
0
0
0
0
0
0
0
0
2
0
5
0
0
10
0
63
0
0
0
0
0
0
1
0
0
86
0
0
0
0
0
0
0
0
10
3
5
0
0
0
5
0
0
0
0
0
0
0
0
0
302
0
0
0
49
0
3
0
1
0
0
1
14
0
0
0
0
0
0
1
28
0
4
0
1
0
0
0
0
0
0
0
0
0
0
0
0
1
0
0
0
44
10
0
0
0
9
0
0
0
0
0
0
6
0
0
0
0
0
0
0
0
0
0
0
0
0
0
0
0
3
0
0
0
0
0
0
2
3
0
0
0
0
0
0
0
0
0
0
0
0
1
0
0
0
0
0
0
0
0
0
0
1
0
0
23
0
0
7
1
0
0
0
0
0
0
0
0
0
0
0
4
0
0
0
0
0
0
0
0
0
0
0
0
0
0
0
0
0
0
0
0
0
0
0
0
0
0
0
2
0
0
0
0
0
1
0
0
0
0
12
0
0
0
0
0
0
0
1
1
0
0
0
0
1
1
2
0
0
0
0
0
0
0
0
0
0
0
0
0
0
0
0
0
1
0
35
0
0
0
1
0
0
4
0
2
54
2
0
0
0
0
0
0
0
36
31
121
44
26
1318
97
64
0
209
44
0
103
0
0
0
36
0
0
22
0
0
0
13
114
25
16
0
18
0
0
30
1
31
0
2
0
0
42
38
11
172
4
0
4
55
296
0
8
0
89
15
31
4
77
6
30
140
54
6
26
0
0
7
0
0
370
14
26
11
13
1
28
37
85
0
108
11
0
5
39
77
5
11
1
7
0
62
2
41
120
10
0
33
2
3
0
5
1
5
0
446
11
25
469
14
2
4
27
14
132
5
4
0
18
166
3
2
236
37
154
13
51
0
27
30
12
145
12
158
0
20
1
26
29
54
1
25
59
241
0
23
174
11
52
9
0
0
2
2
82
0
99
0
11
26
14
17
9
2
29
38
0
0
0
415
69
4
1
0
175
25
0
119
0
51
4
481
4
0
4
223
23
0
15
80
7
14
4
21
38
0
15
0
1
102
5
69
1
18
1
0
0
1
2
18
4
76
7
0
60
13
0
0
0
0
0
0
0
0
15
0
0
0
0
0
0
0
0
0
315
0
8
3
0
1
0
66
0
0
0
0
0
0
7
0
0
0
0
0
0
0
0
73
0
0
0
0
0
0
4
0
0
0
0
0
0
0
0
6
0
0
0
0
0
0
0
0
0
0
0
0
0
0
15
8
0
5
0
0
1
124
4
95
20
2
256
0
44
4
5
0
2
138
0
1
0
3
0
79
0
40
14
7
3
193
83
0
43
0
42
5
128
178
0
0
2
1
0
23
36
4
173
0
0
14
0
31
50
19
3
13
1
413
0
10
114
0
13
9
22
1
7
0
203
0
43
75
69
274
1
194
0
0
0
239
121
32
1
25
0
34
1
53
240
3
0
2
64
5
3
1
15
42
0
0
31
2
137
98
18
0
0
0
6
11
0
0
1
21
0
1
0
74
135
43
0
24
1
2
64
17
59
1
6
18
61
28
0
25
0
5
648
0
22
0
73
2
21
74
1
0
0
48
25
64
140
0
20
0
0
1
0
18
18
1
23
3
1
1
6
0
107
0
1
19
468
0
75
32
4
2
0
25
208
6
14
158
4
12
0
3
25
7
22
0
1
4
0
2
3
0
677
22
48
1
81
1
0
7
12
69
10
28
0
2
84
378
44
0
16
44
0
3
0
0
10
5
3
12
4
54
12
1
0
0
11
6
5
13
86
12
0
4
0
0
0
28
2
130
8
0
2
126
39
0
3
7
40
13
12
3
9
12
13
1
0
4
234
0
15
7
0
12
11
771
5
0
4
2
23
2
2
14
2
12
7
5
3
13
46
9
10
70
4
2
2
0
1
5
187
2
14
65
94
0
1
0
0
51
56
264
53
46
0
4
0
321
4
34
0
8
0
4
108
0
13
0
48
9
3
2
0
0
0
301
0
6
12
4
0
0
40
129
0
41
87
50
6
0
24
106
8
0
318
187
21
0
0
50
20
0
17
51
0
0
0
8
5
271
0
0
7
0
91
2
30
0
141
0
0
11
0
0
0
0
10
46
0
76
0
2
0
40
0
15
10
3
35
9
53
18
633
351
6
0
0
180
32
112
0
4
1
64
402
0
0
75
0
0
0
3
132
236
164
3
26
14
89
132
6
0
0
38
0
0
1
27
1
25
1
0
0
16
0
2413
2
7
226
29
3
40
41
5
0
2
2
2
8
17
0
423
144
0
0
2
227
4
14
1
69
0
0
36
181
0
368
0
4
11
26
90
13
6
304
0
226
0
0
1
1
102
2
0
0
0
41
133
0
6
222
214
0
232
3
37
9
1
1
0
0
0
2
256
0
1
0
0
0
0
0
0
0
0
2
60
3
0
0
23
40
0
6
0
73
6
1
5
160
12
0
0
0
25
1356
12
2
16
0
0
0
4
40
0
48
0
2
58
0
58
0
56
0
435
1
0
0
130
54
0
37
0
321
0
15
3
0
66
68
3633
0
31
16
4
17
4
0
1
15
151
21
1519
0
0
4
119
2
1
13
0
34
3
2
1
16
37
0
1
14
146
35
2
70
76
9
22
2
0
1
140
0
0
0
0
73
0
0
0
88
26
12
1
12
7
0
2
55
4
7
6
1
2
12
1
7
1
15
388
13
0
1
7
19
18
0
5
0
136
0
2
0
0
2
4
1
20
1
0
8
0
0
1
8
2
6
5
467
0
1
15
0
1
201
187
1
1
26
48
429
23
11
7
0
23
0
0
6
15
48
0
0
13
0
0
0
2
46
18
7
8
0
0
0
1
0
0
147
205
10
38
0
0
0
0
2
2
163
3
225
0
37
26
29
616
1
8
0
128
0
0
0
4
0
2
0
150
0
9
0
0
0
0
0
0
0
0
0
0
0
0
0
0
0
0
0
0
0
0
0
0
0
0
1
0
0
0
0
0
0
0
0
0
1
0
0
0
0
5
0
0
0
0
0
0
0
0
0
0
0
0
0
0
0
0
0
0
0
0
0
0
0
0
0
0
0
0
0
0
0
0
0
0
0
0
0
0
0
0
0
0
0
0
0
0
0
0
0
0
0
0
0
0
0
0
0
0
0
0
0
0
0
0
0
0
0
0
0
9
0
0
0
0
0
0
0
0
0
0
0
0
0
0
0
0
0
0
0
0
0
0
0
0
0
0
0
0
0
0
0
0
0
0
0
0
1
0
0
0
0
0
0
0
0
0
0
0
0
0
0
0
0
0
0
0
0
0
0
0
0
0
0
0
0
0
0
0
0
0
0
0
0
0
0
0
0
0
0
0
0
0
1
0
0
0
0
0
0
0
0
0
0
0
0
0
0
1
0
0
0
0
0
0
0
0
0
0
0
0
0
0
0
0
0
0
0
0
0
0
0
0
0
0
0
0
0
0
0
0
0
0
0
0
0
0
0
0
0
0
0
1
0
0
0
0
0
0
0
0
0
0
0
2
0
0
0
0
0
0
0
0
0
0
0
0
0
1
0
0
0
0
0
0
0
0
0
0
0
0
0
0
0
0
0
0
0
0
0
0
0
0
0
0
0
0
0
0
0
0
0
0
0
0
0
0
0
0
0
0
0
0
0
0
0
0
0
0
0
0
0
0
0
0
0
0
0
0
0
0
0
0
0
27
1
0
0
0
0
0
0
0
0
0
1
0
0
0
0
0
13
0
0
0
0
0
0
0
0
0
0
1
0
0
0
58
0
0
0
0
0
0
0
0
1
0
0
0
0
0
0
0
2
0
0
0
0
0
0
0
0
0
2
0
0
0
0
0
0
0
0
0
0
0
0
0
0
0
2
0
0
6
0
0
1
0
0
0
1
0
0
0
0
0
0
1
0
0
0
0
0
0
54
0
2
1
0
0
0
0
1
0
0
0
0
0
1
0
0
0
0
0
0
0
0
0
0
4
8
0
0
0
0
0
0
0
36
0
0
0
1
0
0
0
0
10
0
0
0
0
1
0
0
0
1
0
0
1
0
0
0
0
3
0
0
1
0
0
0
0
9
0
0
0
1
0
0
0
0
0
0
0
3
0
0
0
0
0
0
0
0
0
0
0
0
0
0
0
0
0
0
0
109
0
0
52
0
0
0
0
0
0
0
0
0
0
0
1
0
0
0
0
0
0
1
0
0
0
0
0
0
0
0
0
0
0
25
0
0
0
1
1
0
0
0
0
0
0
0
1
0
0
0
0
0
0
0
0
0
0
0
0
1
0
0
0
0
0
0
0
0
0
0
0
0
0
0
0
0
0
0
0
0
0
0
0
0
1
0
0
0
0
2
150
2
0
10
7
0
5
0
0
0
0
5
0
0
0
34
0
35
2
1
3
0
13
1
13
4
0
1133
8
0
83
14
20
751
0
0
0
12
34
85
9
1
45
0
49
0
20
120
147
2
0
0
1
70
0
0
0
64
66
11
6
25
6
5
14
27
0
0
549
14
37
0
53
333
9
5
200
117
61
9
34
0
630
114
3
29
34
16
10
0
38
249
21
6
0
480
2
40
2
13
0
80
10
0
9
8
1
0
1
0
16
0
12
11
155
440
7
0
112
25
18
12
0
182
260
29
14
156
0
0
1
50
0
1
35
32
1
0
0
864
9
0
14
64
182
2
6
0
15
0
1
11
11
0
3
44
126
0
128
0
95
0
1
73
1
4
0
85
57
60
0
0
166
4
0
19
1
0
0
0
0
0
161
11
23
111
0
4
4
1
53
0
0
33
228
55
0
12
0
58
1
698
14
268
70
248
0
18
0
0
44
0
0
0
0
144
0
19
0
0
36
0
0
0
0
0
0
0
0
26
20
0
0
0
0
0
0
0
0
0
0
239
0
0
0
0
0
0
2
0
43
22
11
0
0
0
0
0
0
0
18
0
0
0
23
0
0
0
0
13
0
0
0
0
81
12
12
223
0
0
23
0
0
0
0
0
0
0
0
0
41
0
0
0
0
2
1
830
230
7
5
12
194
493
19
0
63
0
0
0
0
2
7
0
0
8
703
40
50
1
0
130
10
71
85
320
0
16
5
117
0
0
114
10
0
20
0
6
0
0
3
0
0
0
117
25
622
0
11
8
7
18
5
0
36
138
13
165
339
13
42
64
0
0
0
8
3
0
23
0
44
0
1
0
10
166
1
0
0
0
0
0
5
53
99
47
1
200
0
0
2
0
43
46
129
1
8
163
18
0
0
16
9
5
0
72
0
17
0
0
80
0
0
4
0
0
1126
2
0
0
0
154
146
0
4
0
0
0
0
0
3
77
9
0
0
5
0
0
0
0
18
0
0
0
0
0
0
0
0
8
0
0
0
0
0
0
58
0
0
0
0
0
0
0
0
0
58
0
27
4
157
877
0
0
37
11
0
45
1
58
10
13
0
38
553
426
2
2
0
73
1
350
17
6
6
0
19
7
16
0
65
189
1
8
8
84
304
75
7
28
25
113
32
0
9
91
60
869
3
0
0
96
77
0
174
0
13
5
0
4
0
0
0
0
128
0
88
5
0
0
0
165
39
0
0
0
0
27
0
20
328
0
4
0
0
161
9
138
61
0
24
2
148
0
12
40
0
0
80
44
0
396
7
42
0
0
68
9
46
8
38
0
35
13
0
42
279
0
403
450
36
610
0
38
0
4
0
21
0
68
139
0
161
0
0
0
16
0
4
9
1
0
0
0
43
0
0
0
0
94
1
0
201
8
0
0
1
48
3
0
7
15
15
3880
121
4
70
25
2
29
3
0
12
1
241
9
562
6
0
0
910
0
96
34
137
2
135
27
0
0
44
59
1
241
33
0
9
21
4
14
64
4
16
239
0
9
144
0
106
199
6
23
2
1
1
0
20
1
17
41
21
145
33
0
0
0
0
42
1
0
160
19
43
0
0
15
11
3
10
14
12
0
0
1
5
6
87
0
86
0
38
23
58
143
0
261
121
24
1
2
63
0
67
3
0
14
13
101
0
112
2
45
0
2
0
79
10
0
20
2
0
8
0
0
4
6
0
0
0
0
0
0
3
0
0
0
1
21
0
7
0
20
0
0
4
819
1
0
56
0
3
7
54
2
341
319
22
12
124
247
0
5
0
50
1
0
18
637
0
280
0
1
0
19
483
109
1
77
52
190
420
69
0
0
5
12
0
0
0
335
20
4
3
228
2
14
0
94
162
0
0
666
74
41
452
0
111
130
0
84
5
7
127
11
51
50
0
173
119
999
91
222
72
74
1
1
7
3
69
104
0
140
6
16
0
0
137
55
0
2
398
0
0
0
5
2825
423
0
166
98
152
29
117
845
58
0
36
2
0
29
1036
1
0
0
73
17
18
0
239
2
0
41
1
0
225
9
93
28
24
293
4
0
17
83
60
10
0
98
1483
1
0
5
57
0
8
224
0
0
0
0
3
4
5
42
30
3
11
31
4
71
0
5
0
295
0
0
2
0
0
0
0
150
16
2
1
1
206
29
3
31
318
14
74
42
64
1
60
112
29
2
0
1390
71
0
2
0
2
0
40
27
1606
133
105
19
1
28
103
56
49
150
1
8
0
205
18
8
5
1
0
0
191
2
1
0
0
5
27
0
0
1
4
91
4
27
1
1
0
68
0
304
182
21
102
172
1513
0
8
38
9
80
0
0
0
0
0
0
0
0
0
0
0
0
0
0
0
0
0
0
0
0
0
0
0
0
0
100
1
0
0
0
0
0
0
0
0
0
0
0
0
0
4
0
0
0
0
0
0
0
0
0
0
0
0
0
0
0
93
14
31
7
1
0
2
123
2
309
0
0
2
6
0
22
6
24
13
0
2
7
0
12
12
14
8
2
0
83
88
0
0
0
0
0
0
31
0
0
653
10
10
143
45
4
10
418
2
2
360
27
0
7
1
9
395
6
7
0
15
13
0
1
1397
0
3
0
12
1
0
19
41
0
0
0
387
0
0
0
0
0
0
1
34
2
1
0
0
0
0
0
0
0
0
0
0
2
0
16
0
5
18
158
4
0
0
0
0
0
3
2
19
202
1
396
22
0
0
0
0
0
0
0
0
0
0
0
0
0
0
0
0
0
0
0
1
0
0
0
0
0
0
0
0
0
0
0
0
0
0
0
0
0
0
0
0
0
0
0
0
0
0
0
0
0
0
0
0
0
0
0
0
0
0
0
0
0
0
0
0
0
0
0
0
0
0
0
0
0
0
0
2
0
0
0
0
0
0
0
0
0
0
0
0
0
0
0
0
0
0
0
0
0
0
0
0
0
0
1
0
0
0
0
0
0
0
0
0
0
0
0
0
0
0
0
0
0
0
0
0
0
0
0
0
0
0
0
0
0
0
0
2
0
0
0
0
0
0
0
0
0
0
0
3
0
0
0
0
0
0
0
0
0
0
0
0
2
0
0
2
0
2
0
0
0
0
0
0
0
0
0
0
0
0
0
0
0
0
0
0
0
0
0
0
0
0
0
0
1
0
0
0
0
0
0
0
0
0
0
0
0
0
0
0
0
0
0
0
0
0
0
0
0
0
0
1
0
0
0
0
0
0
1
0
0
0
0
0
0
0
0
0
0
0
0
0
0
0
0
2
0
0
0
0
0
0
0
0
0
0
0
0
0
0
0
0
0
0
1
0
0
0
0
11
0
0
0
0
0
0
1
0
0
0
0
0
0
0
0
0
0
0
0
0
0
0
0
0
0
0
0
0
1
0
0
0
0
0
0
0
0
0
0
0
0
0
0
0
0
0
0
0
0
0
1
0
0
9
0
0
0
0
0
0
0
0
0
0
0
0
0
0
0
0
0
0
0
0
0
0
0
0
0
0
0
0
0
0
0
0
0
0
0
0
0
0
0
0
0
0
1
0
0
0
0
0
0
0
0
0
1
0
0
0
0
0
0
0
0
0
0
0
0
0
1
0
0
0
0
0
0
0
0
0
0
0
0
2
0
0
0
0
0
0
0
0
0
0
0
0
0
0
0
0
0
0
0
0
0
0
0
0
0
0
0
0
0
0
0
1
0
0
0
0
0
2
0
0
0
0
0
0
0
0
0
0
0
1
0
0
0
0
0
0
0
0
0
0
0
2
0
0
0
0
0
0
0
0
2
0
0
0
0
0
0
0
0
0
0
0
0
0
0
0
0
0
0
0
0
0
0
0
0
0
0
0
0
0
0
1
0
0
0
0
0
0
0
0
0
0
2
0
0
0
0
0
0
0
0
0
0
0
0
0
0
0
0
0
0
0
2
0
0
0
0
0
0
0
0
0
0
0
0
17
0
29
0
0
1
0
0
0
0
0
0
0
0
0
0
0
0
0
103
0
0
0
0
0
0
0
2
0
0
0
1
0
0
0
0
0
0
0
0
0
0
0
2
0
0
0
0
1
0
0
0
0
0
0
0
25
0
0
0
0
0
0
0
0
0
0
0
0
0
0
0
0
0
0
0
0
2
0
0
0
0
0
0
0
0
0
0
0
0
0
1
0
0
0
0
0
0
0
0
1
0
0
0
0
1
0
0
0
0
0
0
0
0
0
0
0
2
0
0
0
0
0
0
0
0
0
0
0
13
0
0
0
0
0
0
0
0
0
0
0
0
0
0
0
2
0
46
0
21
25
1
0
7
5
0
0
1
0
0
20
0
0
5
109
0
0
0
0
2
0
0
0
0
0
0
0
1
0
0
0
129
7
32
52
0
0
0
0
0
70
0
0
0
0
0
0
0
1334
12
110
307
22
0
275
0
23
0
1
0
0
11
0
6
6
62
1402
0
687
131
55
226
0
10
0
0
0
0
0
0
0
0
0
0
0
0
1
0
1
0
0
0
0
1
0
0
0
0
5
0
1
0
0
0
0
0
0
0
0
0
5
0
0
0
0
54
3
176
27
41
47
3
0
0
0
0
3
1
8
127
124
18
2
1
3
231
462
1
116
62
145
0
2
0
0
4
99
36
40
7
36
0
1237
136
2
0
0
0
0
0
0
0
0
0
0
0
329
0
0
485
1169
29
0
0
0
2
0
0
0
0
0
20
0
12
2
13
52
107
1
13
0
5
56
0
5
0
0
0
127
0
2
0
1
61
12
0
28
0
4
0
0
0
0
0
0
0
0
68
0
2208
4
93
215
0
0
0
12
0
0
0
0
0
0
0
0
0
0
253
0
0
0
0
0
0
0
0
60
3
17
0
6
1
0
37
64
10
0
4
18
0
0
1
7
39
11
0
26
3
1
14
11
52
1
83
38
0
0
0
1
34
53
0
0
0
1
26
0
0
0
0
6
0
44
5
123
0
0
0
53
12
0
15
0
1
14
5
0
1
0
24
4
6
1
0
0
7
1
3
1
12
0
1
8
1
39
0
1
0
3
2
0
5
0
0
35
182
167
0
0
5
46
46
0
20
3
27
0
0
32
48
0
2
8
8
7
0
38
0
0
0
0
117
0
0
12
0
0
0
28
5
0
64
16
81
0
0
29
0
1
1
67
11
28
31
0
0
8
26
56
158
88
0
35
0
0
83
0
0
0
132
0
65
0
0
0
0
0
46
0
0
0
85
16
0
0
0
0
0
0
0
0
6
0
434
167
0
45
153
0
0
9
0
15
382
6
1
0
0
2
14
162
0
0
4
0
31
32
3
18
5
115
40
2
3
24
0
23
1
0
0
0
0
0
3
1
12
0
0
0
0
0
0
0
0
0
0
0
0
59
0
0
0
0
1
0
130
17
0
0
15
0
1
23
38
0
67
1
11
30
40
13
5
0
0
9
3
61
171
2
3
7
420
137
2
0
0
639
27
0
1
19
11
0
0
7
1
2
47
89
0
9
2
45
7
0
0
0
7
1
0
0
0
0
0
0
0
0
0
0
16
107
259
0
0
24
40
28
2
0
58
0
2
3
340
150
137
0
55
21
1
1
0
1
0
0
91
15
0
0
1
0
0
0
15
0
17
16
0
10
35
28
0
12
21
242
2
0
2
10
11
19
0
1
37
0
0
0
0
0
0
0
0
0
0
0
204
0
0
462
0
0
0
0
0
0
2
0
0
160
0
1623
0
27
99
0
0
0
0
0
0
0
0
0
0
0
13
2
0
0
0
0
0
0
0
0
0
0
0
0
0
0
17
20
0
0
0
0
0
0
9
0
0
0
0
0
0
0
11
33
24
4
36
66
17
2
28
0
97
3
4
0
0
2
4
1
7
0
0
0
0
0
28
40
0
0
0
0
9
0
0
0
0
0
0
0
0
2
0
0
0
14
0
3
18
8
0
0
0
0
0
0
0
0
0
0
0
0
7
5
0
9
0
6
0
473
233
114
37
13
21
0
0
0
0
0
0
0
0
0
0
0
0
0
28
0
3
36
1
0
52
2
0
0
0
43
0
32
0
2
137
0
0
7
0
13
0
0
0
4
0
2
0
0
6
0
51
33
830
17
29
4
15
12
1
0
0
2
2
0
0
0
0
6
6
0
2
0
0
0
0
0
0
0
77
1
6
0
1
16
63
0
0
16
55
2
42
25
1
0
9
0
0
8
0
0
0
0
0
0
0
0
0
6
0
82
0
0
0
0
0
0
0
0
0
0
2
0
0
0
0
0
5
0
3
0
16
0
0
0
0
0
0
0
0
0
0
0
0
0
0
0
0
2
0
108
8
0
0
0
6
0
23
0
22
67
3
48
8
0
3
0
0
13
32
0
1
4
9
329
0
17
0
0
0
0
0
0
0
0
0
0
0
0
0
0
0
0
0
0
0
0
0
0
0
0
0
0
0
2
0
0
0
0
0
0
0
0
0
0
0
0
0
0
0
0
0
0
0
0
0
0
0
0
0
0
0
0
0
0
0
0
0
0
0
0
0
0
0
0
0
0
0
0
1
0
0
0
0
1
0
0
0
0
0
0
0
0
0
0
0
0
0
0
0
0
0
0
0
316
5
0
0
0
0
0
0
0
0
0
0
0
0
0
526
0
0
0
0
1
0
0
3
6
1
15
20
3
0
0
0
0
0
0
54
0
142
1
0
2
0
22
0
0
0
0
0
156
0
0
0
0
0
0
0
0
0
0
0
0
0
0
0
0
0
0
0
0
0
0
0
0
0
0
0
0
0
0
0
0
0
0
0
0
0
0
0
0
0
0
0
0
0
15
0
0
0
0
0
0
0
0
0
0
0
0
0
8
0
9
1
0
0
0
0
0
0
0
0
0
0
0
0
0
0
0
0
0
0
0
0
0
0
0
0
0
0
0
0
0
0
0
0
0
0
0
0
0
0
0
0
0
0
0
0
0
0
0
0
0
0
0
0
0
0
0
0
0
0
0
0
0
0
0
0
0
0
0
0
0
0
0
0
0
0
0
0
0
0
0
0
0
0
0
0
0
0
0
0
0
0
0
0
0
0
0
0
0
0
0
0
0
0
0
0
0
0
0
0
0
0
0
0
0
0
0
0
0
0
0
0
0
0
0
0
0
0
0
0
0
0
0
0
0
0
0
0
0
0
0
0
0
0
0
0
0
0
0
0
0
0
0
0
0
0
0
0
0
0
0
0
0
0
0
0
0
0
0
0
0
0
0
0
0
0
0
0
0
0
0
0
0
0
0
0
0
0
0
0
0
0
0
0
0
0
0
0
0
0
0
0
0
0
0
0
0
0
0
0
0
0
0
0
0
0
0
0
0
0
0
0
0
0
0
0
0
0
0
0
0
0
0
0
0
0
0
0
0
0
0
0
0
0
0
0
0
0
0
0
0
0
0
0
0
0
0
0
0
0
0
0
0
0
0
0
0
0
0
0
0
0
0
0
0
0
0
0
0
0
0
0
0
0
0
0
0
0
0
0
0
0
0
0
0
0
0
0
0
0
0
0
0
0
0
0
0
0
0
0
0
0
0
0
0
0
0
0
0
0
0
0
0
0
0
0
0
0
0
0
0
0
0
0
0
0
0
0
0
0
0
0
0
0
0
0
0
0
0
0
0
0
0
0
0
0
0
0
0
0
0
0
0
0
0
0
0
0
0
0
0
0
0
0
0
0
0
0
0
0
0
0
0
0
0
0
0
0
0
0
0
0
0
0
0
0
0
0
0
0
0
0
0
0
0
0
0
0
0
0
0
0
0
0
0
0
0
0
0
0
0
0
0
0
0
0
0
0
0
0
0
0
0
0
0
0
0
0
0
0
0
0
0
0
0
0
0
0
0
0
0
0
0
0
0
0
0
0
0
0
0
0
0
0
0
0
0
0
0
0
0
0
0
0
0
0
0
0
0
0
0
0
0
0
0
0
0
0
0
0
0
0
0
0
0
0
0
0
0
0
0
0
0
0
0
0
0
0
0
0
0
0
0
0
0
0
0
0
0
0
0
0
0
0
0
0
0
0
0
0
0
0
0
0
0
0
0
0
0
0
0
0
0
0
0
0
0
0
0
0
0
0
0
0
0
0
0
0
0
0
0
0
0
0
0
0
0
0
0
0
0
0
0
0
0
0
0
0
0
0
0
0
0
0
0
0
0
0
0
0
0
0
0
0
0
0
0
0
0
0
0
0
0
0
0
0
0
0
0
0
0
0
0
0
0
0
0
0
0
0
0
0
0
0
0
0
0
0
0
0
0
0
0
0
0
0
0
0
0
0
0
0
0
0
0
0
0
0
0
0
0
0
0
0
0
0
0
0
0
0
0
0
0
0
0
0
0
0
0
0
0
0
0
0
0
0
0
0
0
0
0
0
0
0
0
0
0
0
0
0
0
0
0
317
0
0
0
0
0
0
0
0
0
0
0
0
0
0
0
0
0
0
0
0
0
0
0
0
0
0
0
0
0
0
0
0
0
0
0
0
0
0
0
0
0
0
0
0
0
0
0
0
0
0
0
0
0
0
0
0
0
0
15
0
0
0
0
0
0
0
0
0
0
0
0
0
0
0
0
0
0
0
0
0
0
0
0
0
0
0
0
0
0
1
12
3241
15
