2429
0
38
1
334
1
259
6
4
0
2
28
0
246
0
166
5
1086
32
1343
1365
264
12
99
505
248
783
67
455
1
232
1664
1
345
408
179
86
305
0
165
356
446
175
499
6
133
2
549
36
0
1319
170
6500
266
600
561
218
444
561
22
5
346
291
259
469
1614
47
12
364
658
1
510
1213
61
178
877
28
109
1308
1135
596
760
538
0
57
698
1233
19
321
502
6112
1
30
23
4052
694
2581
2684
7
6
71
8
1
1399
0
839
0
3452
5389
1412
97
1173
393
432
1093
101
1246
7
0
1621
4377
2664
148
1
137
2169
348
1709
101
74
1369
59
0
2
21
0
0
0
0
34
0
119
0
5
113
320
1611
426
5
4040
1
2092
838
0
22
384
11
1691
671
171
473
1180
966
1
762
2886
312
11
1
1456
2485
778
3569
235
173
1
467
1
344
31
387
46
21
389
57
0
49
610
54
0
589
366
1
1061
223
4032
869
0
293
2156
504
1471
7
615
409
176
0
68
0
453
1627
1152
3
32
58
651
378
1066
1873
456
317
215
51
28
21
49
3
340
147
20
137
0
0
462
0
5272
0
0
379
825
788
0
4
182
1
1989
60
2
6115
7
4691
1460
1619
0
1
243
135
2
5413
5135
442
135
162
626
268
1506
151
577
912
4
589
197
1241
142
223
8
1
1320
6
641
89
277
0
0
33
1
4
191
4384
0
0
1395
0
94
2
2
0
204
23
61
603
6
205
221
178
1
11
1388
172
14
0
143
515
2
22
0
13
0
270
103
527
104
0
23
274
139
7
444
752
87
2021
525
1187
534
701
44
1067
479
2858
2921
48
683
1368
56
0
210
528
299
13
4
0
742
715
101
1158
0
48
1437
483
0
0
7351
5473
699
88
0
31
200
224
167
18
905
1960
114
79
1489
182
1838
359
53
1649
3
488
339
0
0
0
6
491
3035
634
449
1997
1
11
1
0
128
213
34
207
346
209
83
10
1223
1019
673
172
84
265
7
369
93
78
979
9096
242
0
214
4
41
1934
650
7
5
495
273
0
12
297
1125
51
110
0
77
307
347
467
57
6
2220
444
174
759
355
5
1
183
123
245
554
4157
653
5
1699
25
399
301
383
5384
1001
63
1320
2168
5
6582
10
4838
223
1016
53
17
316
1043
1
45
1453
227
0
31
155
1
7
544
4182
58
316
135
5459
403
1023
294
329
899
28
0
153
383
852
651
197
0
688
13
1124
442
926
865
305
332
1
34
86
877
1036
447
522
716
3063
797
7
510
826
327
3401
1224
206
16
507
0
318
1698
596
407
32
451
40
655
4
161
474
4
1558
1
1
718
698
1457
138
531
1489
622
277
10
13
66
16
0
641
632
969
900
514
985
0
1
1
0
359
0
0
0
0
255
2
79
97
65
829
0
141
77
81
898
209
135
0
1448
293
102
659
0
930
35
2945
1542
103
97
2043
208
165
382
876
60
0
549
371
2145
0
477
0
72
0
1
105
0
353
63
11
610
217
104
3
9
0
483
635
11429
197
49
17
53
12
185
82
969
416
42
1305
447
285
26
160
237
0
0
658
341
524
412
1178
604
0
1649
318
175
233
1615
441
495
6
2
1
1
698
0
579
21
2
81
599
1013
1215
190
169
197
16
857
1
0
63
0
1616
302
15
388
57
88
187
1572
950
743
652
455
405
1
740
556
31
229
88
825
1
1178
389
13
0
192
1
1
740
0
210
55
11
751
50
33
1122
11
2628
158
16
1220
692
588
419
1660
428
700
897
1
16
5910
0
0
0
6
795
0
0
0
1204
4
0
395
0
2380
12
7
0
31
68
150
452
37
2
3
113
228
1204
653
252
135
0
8
100
300
1828
228
9
55
227
55
5132
316
0
65
1297
2561
5388
0
116
0
1
2
4
1383
11
1
3
1489
352
162
493
1475
823
7
1
756
54
263
535
0
221
111
0
2027
13
0
351
54
68
0
132
0
0
1
0
0
452
0
0
1
0
0
7
248
1
5
263
81
118
452
234
39
208
255
1004
725
25
2247
1
20
2
0
0
0
1
1
0
0
3
1407
17
0
0
1
0
0
0
46
295
4
2
116
75
6
285
2921
1
346
36
65
3
144
2226
495
1323
375
418
468
1094
551
38
417
1514
351
95
2651
385
21
0
257
275
85
481
629
6
1682
0
0
0
1396
2
60
14
1088
494
373
63
382
221
99
95
155
361
276
5
122
1
110
3
68
1
3674
197
1
0
0
11
335
0
16
249
51
0
465
260
3
32
0
310
143
188
0
0
2454
3998
2107
233
71
0
0
0
719
354
0
2486
3
0
548
175
562
7
749
212
1394
736
34
73
686
137
0
670
43
4
330
18
21
3
5279
3
0
605
2945
529
3774
365
6
232
5
246
1067
0
45
12
722
0
43
4147
68
5
0
1
0
171
21
417
134
5
0
2930
280
75
43
0
279
0
21
540
196
13
0
0
0
1637
297
0
1
171
202
0
198
24
132
0
0
0
0
0
0
0
0
656
1333
146
1
53
36
84
510
26
0
2887
4
0
0
0
170
345
2811
117
455
720
5
115
1479
422
148
217
301
719
152
1575
72
5026
297
438
1561
0
0
0
257
0
937
308
606
438
262
37
3464
477
109
7285
65
184
33
1168
0
982
411
2263
597
137
69
493
215
362
519
644
208
292
1
2
345
7
161
396
303
741
341
2
1051
97
5
326
148
65
536
169
0
0
727
241
2332
362
974
1036
156
962
1531
0
0
0
187
4
335
37
10
16
3
28
2636
0
0
25
1357
119
1264
916
207
1310
274
570
91
0
103
689
1
522
1104
500
2082
726
64
182
303
1652
1324
359
5
37
18
1
0
220
1097
0
0
0
101
360
370
315
12
1026
539
789
2628
1271
3252
1168
1
1
0
1
23
0
0
0
0
0
0
0
1
0
1
0
0
1
0
12
0
3
0
0
0
3
0
3
0
3
41
17
0
0
3
0
0
541
0
0
3
0
1
207
0
4
27
0
0
0
1
4
2
0
47
7
4
0
3
12
1
3
1
1
0
127
0
122
1
0
0
50
0
240
403
0
10
2
5
0
1
1
1
0
23
4
0
0
119
23
13
1
4
0
4
24
0
0
171
5
56
1
0
1
0
0
13
0
0
0
12
2
0
6
0
0
0
1
1
5
0
0
5
164
17
0
21
0
3
2
0
1779
1
0
0
1
0
0
0
0
23
0
10
608
0
0
0
0
0
3
0
3
0
20
506
0
0
0
2
0
0
0
0
0
0
0
0
2
2
93
4
4
0
39
1
0
0
0
0
94
16
0
0
271
10
2
0
32
1
0
0
1
119
8
2
1
3
0
1
3
271
56
0
1
0
0
9
25
0
6
0
0
0
2
6
1
0
5
0
446
0
0
4
175
0
1
1
209
30
73
0
0
1
0
0
0
0
5
1
1
15
0
0
1
1
0
2
0
1
0
0
0
0
0
0
1
0
237
0
2
21
58
0
0
0
0
0
2
0
150
0
11
12
3
0
0
0
1
1
1
0
0
94
396
2
91
1
1
1
0
0
0
5
0
0
2
0
18
0
149
0
0
4
0
14
142
0
0
0
2
2
0
0
10
59
0
0
150
0
0
3
1
2
0
0
1
9
0
3
6
0
0
0
0
0
0
3
0
140
1
0
0
0
0
0
0
11
4
2
38
116
0
27
0
27
0
0
4
80
70
0
0
1
359
1
1
303
362
0
85
70
54
9
1
2
3
0
1
0
0
0
0
0
0
0
9
0
1
0
2
0
1
0
0
0
28
4
0
591
2
0
0
0
0
0
0
0
244
7
6
0
0
0
151
3
39
3
0
0
175
0
0
9
0
0
1077
2
44
73
1
0
3
69
0
44
2
2
32
0
1
6
1853
0
2
2
0
0
2
0
0
0
0
0
2
0
0
24
8
2
0
0
30
2
0
10
1
33
21
5
39
14
85
0
247
3
53
4
0
0
0
1
90
12
18
256
2
36
2
0
0
0
16
59
87
0
4
4
606
6
0
17
6
0
30
23
1
0
19
885
0
31
2
442
94
1
0
0
9
58
0
0
3
4
0
27
2
0
2
0
0
0
0
5
2
1
38
25
1089
0
2
6
94
9
1
2179
5
47
765
4
0
4
2
0
5
25
3
77
0
129
815
1
2
0
303
0
357
11
3
0
324
123
6
219
191
33
7
45
0
0
400
79
38
103
2
877
2
0
2
131
0
3
0
5
556
173
2
761
0
0
4
0
9
42
0
4
97
32
2
0
6
53
0
0
2
0
430
287
90
7
0
2
75
1
0
0
13
1
5
123
6
0
4
6
246
1
0
2
3
37
7
0
0
9
0
0
0
0
0
2
15
7
5
102
8
40
0
150
0
99
3
326
15
1
0
0
1
0
163
1
118
0
0
0
0
0
27
1
2
2
5
0
6
1
32
1
2
0
164
3
0
139
155
152
0
0
1
14
2
10
28
0
19
0
4
0
0
4
8
1366
15
181
274
16
1
41
1018
297
414
666
576
247
18
17860
1727
211
4652
7
2186
402
6
234
91
151
279
1926
610
1960
81
112
200
100
360
569
108
104
1402
2
0
371
43
572
301
2
2622
490
344
107
3
602
446
29
48
224
6617
329
2851
0
0
0
306
0
0
0
0
0
0
0
20
711
222
1322
304
2668
681
152
701
0
333
20
685
1038
2
62
30
195
1503
0
166
10
702
2
235
0
132
18
0
1
93
1
1
0
0
335
471
3449
1213
715
2121
556
162
0
129
0
0
56
22
265
465
6
0
3345
5
1541
182
423
14
0
188
702
12
1
699
3938
444
453
1771
0
176
214
708
40
308
74
4634
2
2343
104
13
0
244
19
0
2
240
457
477
139
66
469
1942
2345
1186
79
540
465
894
687
78
294
59
135
110
402
380
417
10
0
943
2043
74
1164
5
0
80
552
283
33
1269
627
444
279
3022
2198
473
234
4
1238
827
981
482
1871
98
2126
352
12
278
388
546
22
517
0
89
336
817
485
729
396
135
871
545
733
0
19
507
722
875
5
6
1337
12
17
98
206
301
4
397
49
2
145
3328
484
360
201
2130
862
205
999
276
26
312
1184
432
102
1
1879
0
390
0
1067
641
70
526
393
90
1
0
2051
25
1519
232
1651
534
2
5746
2
713
649
4
2364
2
831
21
0
0
0
0
0
6117
9174
724
0
510
9
362
791
47
66
71
191
135
0
6
1
489
19
1796
1280
895
575
316
406
225
543
2
222
0
200
206
670
11
0
471
1
9
885
0
0
0
5
468
0
603
192
699
618
58
572
595
1177
1882
0
1071
3
5511
6
306
1200
0
1018
0
130
2
0
542
2395
1441
1575
206
5
208
8
326
66
0
146
623
0
0
1
1
0
797
3
14
772
3273
58
14
1046
120
6
2
769
27
629
185
112
89
1
5
693
1548
12
59
900
498
158
207
939
161
579
607
1301
34
102
788
387
611
904
1268
0
708
229
162
0
0
2
308
3840
181
630
7
10
172
2477
291
15
1
0
387
1114
1423
354
1307
2095
2514
8
22
1
755
1089
154
5050
371
759
654
144
95
1091
543
6
599
211
132
226
514
128
323
187
391
65
204
0
0
1598
1
1
4
53
0
0
0
0
3
0
1204
0
0
0
14
0
9
636
0
0
0
3
0
0
0
0
0
2
0
0
0
0
0
0
0
4
0
786
0
0
241
24
12
19
23
562
14
272
1142
498
154
32
83
600
2828
344
602
137
69
227
579
2
983
115
7
122
759
237
239
1129
99
0
181
1350
663
413
431
15
102
0
1312
1841
1323
728
242
1
0
1174
7
975
500
573
143
371
254
11
720
0
188
252
55
1446
2
2
45
1015
751
1511
7568
8
259
674
1410
2638
0
7
9
1
234
346
0
344
898
319
55
159
1
9
4
0
0
0
0
0
0
0
0
0
0
0
0
1039
1
757
123
11
629
1954
0
27
51
368
9
106
1172
780
787
2194
78
433
21
142
18
18
496
125
1742
118
0
480
384
2
701
98
49
622
648
592
2180
688
3
196
2
0
643
33
302
1392
1
841
284
339
538
3
0
452
899
113
52
143
474
946
184
588
798
703
0
373
1
0
0
0
0
0
0
0
0
0
0
0
0
0
0
0
0
0
0
0
0
0
0
0
7
159
357
321
1
0
322
187
112
609
793
0
700
272
352
5
418
349
0
0
0
1
15
0
0
0
0
2
0
5
763
0
0
2
2
128
277
881
101
21
1420
1324
34
354
125
151
483
141
103
543
309
603
1
1
1374
83
431
0
0
4
1045
1580
908
279
4
2
3721
0
645
895
2
129
398
208
62
23
1753
423
690
282
235
71
0
39
1293
5
749
134
116
855
1464
885
273
46
311
225
2
343
0
373
494
876
126
123
150
2741
15
1265
3889
31
0
1166
86
291
203
132
438
458
114
359
42
52
809
99
8
0
0
0
0
445
658
225
1800
168
293
809
166
1241
1043
410
27
52
1150
1573
46
12
1
11
290
1463
97
556
320
3
1920
1746
203
11
69
0
0
0
0
0
0
6
0
1
15
0
215
1399
556
722
193
0
0
0
0
0
0
0
0
0
0
0
0
0
0
1
0
581
164
976
13
2
297
847
93
0
419
2307
721
2978
450
1
0
202
52
151
45
203
975
225
2073
6414
501
1
280
33
52
1040
241
427
661
923
241
8
0
420
682
275
1311
1100
842
2
0
297
430
0
0
0
5
472
25
126
101
238
214
4
22
8
0
14
19
255
228
0
1
199
235
23
3607
16
47
11
485
280
5
206
95
440
2047
411
1187
2852
1522
358
755
794
1152
134
35
364
516
0
845
3275
575
24
0
29
0
73
0
0
0
0
0
608
1
4
161
293
3952
189
631
0
0
0
0
0
0
0
3
1
229
0
6
3
2
0
9
0
0
0
7
0
0
2
90
11
0
1
3
5
9
0
0
0
5
0
2
1
399
0
1
0
0
1
5
0
0
5
15
0
1
0
0
2
0
0
0
4
0
0
0
0
0
0
1
3
0
45
4
153
0
24
0
0
0
0
0
0
0
0
1
0
14
7
1
49
118
0
0
0
0
10
1
0
0
3
0
0
0
0
1
5
49
0
0
0
0
0
0
28
3
0
0
0
26
0
0
30
25
2
16
11
1
0
5
0
7
0
0
3
127
2
5
0
0
27
5
0
0
1
12
2
0
0
0
1
0
0
4
0
7
3
0
0
0
3
2
7
0
34
0
35
2
1
5
1
2
3
8
21
6
38
0
1
0
19
14
9
0
3
9
0
20
18
0
0
2
0
4
1
6
7
4
0
0
1
70
1
0
0
0
88
0
6
2
0
0
0
0
0
0
0
0
0
0
0
18
61
0
0
0
0
6
0
7
2
23
0
28
0
742
18
2
0
0
0
0
0
1
0
0
0
0
2
0
0
0
369
4
0
2
0
63
189
0
52
1
0
0
0
6
0
1
0
3
3
0
0
1
0
0
0
21
0
0
0
88
8605
0
51
0
1
0
110
0
0
0
8
16
0
2
0
0
72
1
0
0
2
660
38
2
9
1
0
2
0
1
0
1
0
0
0
0
0
20
0
16
5
4
6
4
0
0
0
7
3
1
0
0
1
2
0
4
7
1
0
0
0
0
0
21
0
0
0
0
0
0
3
0
2
1
0
343
3
0
0
1
1
0
0
0
0
3
0
0
0
0
1
1
0
0
1
0
1
3
0
0
1
0
344
0
4
0
29
27
3
0
0
0
5
144
0
1
0
0
0
3
0
10
0
0
1
0
0
0
0
7
0
1
2
0
0
0
5
3
16
0
0
0
0
0
0
10
0
1
1
70
4
16
0
3
0
3
76
2
0
1
58
0
2
2
0
2
1
2
0
51
0
0
1
0
0
1
1
1
1
0
3
0
9
51
0
3
2
0
9
14
0
7
267
1
2
2
0
0
1
3
0
0
19
13
0
11
4
41
0
15
29
4
35
83
21
15
103
56
37
0
51
5
4
2
6
26
29
0
62
0
65
1
18
0
0
89
31
1
8
0
8
4
124
17
45
29
0
4
0
0
6
10
0
18
231
127
3
9
1
68
0
181
0
31
51
15
9
21
76
3
18
19
11
0
38
7
238
0
0
27
9
0
202
438
4
1827
180
78
849
389
18
33
6
3
13
9
16
188
2
5
25
0
0
306
0
0
89
0
2
0
16
0
124
0
0
0
0
1
1
11
1
0
0
7
0
5
4
17
53
1
10
16
73
7
1
0
8
0
1
0
0
101
0
10
73
2
15
0
0
0
1
2
1
1
18
0
0
7
1
15
2
6
0
1
15
394
0
0
0
0
0
0
0
0
0
95
231
0
0
0
4
399
2
0
0
1443
1
195
543
0
0
210
0
307
414
144
324
83
58
0
1001
846
3
288
1583
54
9
361
39
643
3427
108
159
363
445
13
473
243
724
588
301
184
2343
842
27
1044
274
440
1058
360
1081
372
586
56
324
0
1454
9
582
354
546
809
179
2
4121
0
180
78
82
1
88
150
303
989
50
1
86
188
73
443
1086
751
1336
444
329
171
2166
5
511
427
303
342
481
109
366
0
0
9
1591
310
0
293
0
1
2
903
4
1870
443
358
566
229
1075
84
16
10104
1867
1110
240
563
2698
876
78
931
271
2124
5369
36
130
38
4
5
125
174
189
51
721
346
579
0
457
637
665
128
20
1029
87
124
54
680
5
1199
12
0
0
0
0
1
200
1484
210
315
0
0
103
638
0
13283
0
0
0
0
0
0
0
0
45
0
0
0
98
0
0
0
0
1246
0
0
0
2
0
21
0
0
199
0
0
0
0
0
0
885
0
0
0
0
0
0
0
1407
0
0
0
0
0
0
0
77
2
481
1159
1
0
3
0
1
694
0
246
3
74
1213
90
0
281
1438
1
70
586
0
53
224
1
0
125
3735
344
0
2
2785
5
3172
481
433
1754
189
263
116
120
297
99
2030
212
0
20
59
9955
17
7843
0
382
141
10
498
92
4
386
187
750
3166
656
3230
2
10
320
918
270
0
86
48
1089
640
1961
3
5
61
180
18
1
10
681
948
224
154
28
473
0
689
6
278
0
1405
6
370
103
730
160
29
912
11
1
363
245
438
162
997
7276
321
0
125
690
2399
740
0
1
124
278
379
1127
1819
62
511
167
389
295
342
132
683
1145
0
0
128
725
3220
0
39
0
2206
767
1433
1
5
482
30
7
332
73
4
0
771
139
364
116
53
33
2
1
104
0
1781
256
2191
642
272
18
14
604
1286
279
1086
119
1330
1021
251
2
328
965
11
199
92
2
65
2348
260
258
918
0
46
1
323
78
551
81
289
12
549
319
4
313
27
752
3
171
4
360
175
0
1
0
919
2635
0
11
1208
16
188
5
43
9
1
43
242
122
465
110
1630
115
458
818
187
1204
28
696
517
43
63
433
970
50
425
27
22
1884
72
1741
374
70
353
3
111
10
0
0
486
24
0
98
7
78
25
52
342
0
1192
571
663
1258
5
372
0
0
1
0
24
1140
0
95
1
0
1629
0
1
0
63
0
0
223
6454
1606
74
3841
174
358
239
3861
1032
104
2
63
385
155
372
0
168
164
500
212
31
312
5
7
27
23
43
3968
0
136
8
213
1130
86
14
18
0
0
390
260
153
342
2065
54
2047
310
119
125
715
14
227
246
1
69
32
102
83
73
0
8
0
0
0
0
0
1
0
0
0
89
228
0
247
8
486
700
3557
422
233
795
123
3227
989
2
1
0
301
398
104
0
0
913
0
1078
0
1385
153
827
13
190
0
1109
791
0
2771
1984
3416
217
506
2
27
103
6
1910
0
374
0
190
150
313
195
293
259
685
1005
243
17
333
280
606
214
2197
1
345
423
19
172
7
87
45
1242
24
437
442
936
342
1174
826
438
29869
3
521
410
450
3
3995
2077
1
874
1
599
1054
367
32
1206
93
323
230
844
113
0
1
107
10
37
2
55
1
1139
2
393
173
240
1044
42
1158
0
48
1
21
0
0
0
0
856
664
74
3
4
12
1
319
401
71
403
0
235
54
207
0
196
1773
134
287
521
156
2
341
0
15
3
552
1519
93
1
0
0
25
260
1
1
870
289
0
0
1796
1233
1191
46
1045
1129
11
74
8
11
1212
1530
51
4
43
1191
562
437
222
290
23
255
412
2
0
360
1072
489
91
1462
285
110
528
12
0
527
548
38
1203
0
374
0
3627
88
159
105
1571
592
2
0
766
811
14
570
793
111
384
1724
2466
110
976
743
193
128
65
266
0
1635
7
1055
513
867
56
491
9
1043
104
76
696
499
415
0
495
145
662
483
262
1893
0
1
2
0
0
0
0
0
406
0
13
1062
194
190
323
38
17
337
57
153
147
210
618
1637
375
2525
3242
163
75
5232
171
147
122
35847
1591
7
210
14
1152
271
453
721
311
80
861
31
185
640
0
3
1352
154
269
271
83
1649
3531
19
12350
51
12
299
1162
122
1376
1233
769
48
464
266
8
470
133
133
60
59
2
1390
64
1824
2
3031
9
95
3
198
0
688
0
277
14
34
1
42
8
499
313
102
340
246
9
397
1
381
155
3
1
1642
1
7
0
290
0
764
596
2
0
559
0
53
0
2
632
53
512
3899
1702
1695
416
535
212
0
1155
873
52
131
1
4733
291
173
3817
155
0
130
220
1050
470
65
2
688
6
1141
79
101
7
136
2186
0
116
2
372
693
247
39
1369
1802
487
116
455
644
26
245
429
55
692
0
354
0
20
2
883
8
315
99
8
789
238
29
556
59
2
321
604
24
244
19
121
549
51
76
605
413
88
161
185
204
546
341
0
4
104
1082
323
266
15
589
16
1733
158
75
6
41
364
4
1512
60
40
289
921
76
65
0
1
37
491
0
70
0
0
346
226
137
63
1608
430
452
10
1
423
253
1146
1
103
282
32
14
14
2183
7
2
0
27
666
8
413
424
0
1160
94
90
200
862
345
1043
0
218
17
102
636
896
2
295
4
8
506
303
561
0
192
0
86
287
22
287
0
0
0
0
1856
98
32
447
2383
833
514
438
360
2734
1131
578
532
479
1576
201
293
571
1943
1807
120
211
8
192
1540
1
976
280
248
178
1
396
94
2364
0
409
435
522
103
174
269
41
876
290
4
75
0
10
6
21
130
623
330
127
6
1438
211
796
1767
1345
343
274
1072
218
176
36
76
128
261
498
68
452
863
1819
180
1968
617
737
0
2
581
129
1502
69
135
618
201
492
30
408
4
0
587
779
757
0
828
16
1088
1
11
1
378
0
3
0
1
60
59
7
80
91
39
1002
0
0
43
17
286
78
130
1723
183
730
7
0
1
492
55
135
1315
0
0
240
934
473
1
450
38
115
71
796
19
0
140
0
563
170
2425
551
104
14
367
1095
39
3289
468
144
98
0
0
5
232
294
742
741
28
258
976
1
268
239
1333
322
53
129
1875
218
623
2
1
0
0
0
8
216
0
0
0
0
0
0
0
0
0
0
0
0
0
0
0
0
0
0
0
2
0
0
0
0
0
0
0
0
22
139
582
112
143
5645
0
601
1
4
132
244
190
643
329
470
20
229
1292
575
456
493
520
61
694
821
212
187
1865
6
10399
224
726
9
76
1
175
199
498
1026
1002
767
45
179
2414
36
411
283
10
1
282
163
63
9
50
168
0
0
0
3
23
133
6
236
292
0
0
0
349
203
42
4
957
1623
4
2
408
26
651
573
840
1036
1034
185
84
1243
2
1
275
4
84
640
80
553
187
514
308
194
266
1182
451
62
494
972
60
66
32
403
398
0
51
719
49
329
563
350
340
794
52
80
122
69
29
0
82
402
59
1
240
3609
1204
6
0
5091
825
422
2
141
1960
0
472
361
11
1
406
446
1187
248
38
360
1374
66
32
3428
538
0
137
16
164
23
441
440
1798
31
1835
108
566
353
255
236
246
258
0
0
358
2
1267
123
625
721
108
273
208
146
1174
494
369
162
2264
1820
400
550
210
462
225
258
263
26
150
227
0
0
17
13
9
23
320
49
21
90
397
199
1742
1
101
680
1188
685
3219
366
3869
421
973
1816
542
161
0
0
519
31
53
55
541
427
598
390
2182
203
0
266
62
203
386
1771
439
33
70
0
1
3
230
168
12
82
1772
36
75
62
964
852
627
0
1017
210
0
0
0
0
0
1730
0
138
0
4
0
0
1
0
0
0
0
3
0
0
0
0
0
22
11
0
0
0
0
0
5
0
511
217
1
0
17
20
1
19
2
40
1
10
65
324
17
0
3
0
0
1
7
0
0
1
0
14
0
0
0
0
1
1
2
0
29
12
0
125
0
0
0
0
0
0
0
2
4
8
17
7
0
0
0
0
170
0
2
0
17
10
3
0
5
0
4
5
0
0
1
2
0
47
0
314
62
0
1
0
0
0
0
0
0
0
0
0
18
0
0
3
28
1
1
25
2
0
12
0
0
1
4
0
1
3
2
5
1
0
0
0
0
43
0
0
23
0
1
0
0
0
1
123
4
16
4
46
0
24
9
0
0
1
198
359
0
0
0
0
0
1
1
0
0
14
0
0
49
6
0
0
0
4
2
4
0
349
0
0
2
0
59
0
0
144
1
0
0
10
2
0
0
7
0
1
3
1
0
4
2
12
13
1
18
5
3
0
0
0
43
2
1
324
6
0
0
0
0
0
5
0
11
12
154
0
0
0
1
54
0
0
0
0
0
0
0
3
0
0
1
0
0
0
0
0
1
0
0
0
0
0
0
0
0
303
0
0
0
0
0
0
3
0
0
0
0
0
50
27
0
55
0
17
0
1
55
14
206
0
47
2
0
0
0
3
0
0
2
0
0
1
13
2
0
1
8
1
1
78
0
3
2
10
33
2
1
12
2
25
0
7
138
179
16
0
1
0
0
6
0
0
0
1
38
3
1
4
82
27
0
98
0
1
3
4
8
6
267
24
15
2
0
45
5
193
0
0
2
2
8
200
1
2
172
20
0
1529
31
2
58
13
310
12
6
5
0
0
0
1
252
64
0
0
2
41
1
0
47
22
8
0
31
4
0
0
81
11
11
13
0
3
0
12
568
0
1
416
43
1
41
0
17
146
2
4
201
0
0
0
122
12
66
5
12
198
5
381
3
23
0
57
0
307
20
4
524
5
176
5
1300
92
8
1503
4
11
1144
486
141
0
50
8
18
1
164
23
5104
348
5
7
17
0
112
0
1713
288
187
196
25
315
0
1412
1
338
0
3
391
1
28
31
171
115
28
0
223
23
55
5
1
3
15
0
12
229
503
46
339
0
120
1
134
2
207
122
35
0
38
303
470
0
0
214
1
0
1
23
320
3
54
67
2
0
1
37
3328
0
0
2
0
2
0
12
4
4
25
3
9
414
27
0
0
1
3
0
0
0
0
49
16
1
2
47
4
264
0
1
9
41
51
221
0
3
0
1
33
0
5
3
15
74
0
11
1856
44
318
31
1
1
70
19
56
3
11
3
0
0
0
0
0
12
76
0
8
0
46
319
270
268
22
6
0
6
22
17
2
3
31
16
20
4
226
641
845
158
10
0
0
165
5287
709
4534
101
3
8
637
326
500
881
432
1696
0
63
3624
947
1036
9
1583
348
91
291
12
0
137
1998
16
15
319
18
187
42
520
257
152
151
802
1167
0
1
193
3819
177
655
2459
450
266
218
56
201
1795
653
609
116
647
368
85
0
1722
213
310
366
1578
7487
1
114
414
8
163
149
451
393
142
319
1154
787
458
391
5
2387
41
125
241
443
162
0
471
26
807
27
924
4308
0
1176
203
703
3
15
0
108
864
2
131
33
925
285
1418
320
118
2
11
127
131
199
347
793
302
3
68
78
1308
563
2
1681
2352
0
28
660
924
3138
381
16
149
125
550
7
2
9
631
34
465
1241
1
416
0
534
37
0
39
0
157
803
7
0
868
2480
0
1935
225
355
7
117
397
1
977
495
88
659
117
2
74
209
89
1145
694
848
262
1604
189
1197
276
125
750
1390
80
218
367
1042
1357
2773
228
228
65
21
215
173
379
19
756
306
257
3147
1956
1523
126
4282
1074
265
59
1347
99
775
597
577
0
4
573
0
0
64
307
428
9
142
71
34
547
147
1
828
3904
883
3824
1722
1917
79
26
1104
975
3
10
643
619
491
1657
0
1
1264
216
72
2771
52
290
210
176
401
263
1255
38
79
459
343
0
583
21
76
69
263
3
291
1940
464
936
0
0
499
907
3
12
482
75
2864
1160
174
168
724
905
2
59
30
84
2009
0
4212
486
0
30
128
1100
594
416
333
37
0
10
611
1968
163
10
2
0
0
0
0
0
0
0
0
233
1
0
0
0
38
185
514
121
0
0
307
18
3079
89
6
0
0
1
98
745
0
48
0
923
2
3266
460
255
4885
129
1141
305
228
1471
3053
107
484
1
0
0
0
0
0
0
64
39
25
429
289
729
1719
0
367
3
1054
428
444
19
97
1657
311
333
56
260
132
45
155
1054
149
6500
460
2117
422
996
387
401
118
34
7
19
183
864
596
6
1508
392
14782
34
21
6
15
522
50
1175
117
173
57
111
110
1529
3
144
244
143
578
72
32
1382
0
974
1
1094
134
3241
132
28
92
545
10655
579
405
2126
33
67
88
419
378
182
126
59
1087
467
950
2231
20
29
3
341
50
516
65
955
1397
94
2
1006
0
142
752
1
2243
1275
1
710
155
94
0
205
147
0
110
1160
12
9
595
20
190
261
476
133
163
862
263
922
742
3
0
741
194
164
258
438
220
671
151
472
0
744
3729
643
41
3
515
30
577
109
314
268
970
44
616
1444
184
910
0
714
158
2618
67
0
282
564
6
388
431
18
16
0
2972
973
727
182
0
1397
1305
269
830
1
0
0
0
49
0
0
0
0
0
0
0
0
0
0
4
0
1
0
168
0
11
1220
180
248
838
224
811
390
1
298
60
2
168
433
177
2521
0
11
593
138
0
163
349
35
0
0
0
93
626
71
928
548
6
233
957
4
0
3111
2837
497
69
620
1730
745
613
611
43
0
89
759
342
3
925
4
841
362
17
1304
2213
1
1
1
0
0
0
0
0
0
1
6
0
1
0
0
33
0
0
0
0
2
0
2
0
0
0
5
0
0
0
0
0
0
10
2
6
76
9
34
4
10
40
1
0
33
0
0
0
116
3
0
0
1
0
4
2
34
0
2
2
0
2
43
2
74
116
0
93
0
3
25
25
4
10
4
18
0
0
11
16
16
0
0
3
0
36
126
39
18
165
2
0
0
17
69
0
3
0
4
0
0
0
3
0
4
0
0
0
0
0
0
0
0
0
0
0
0
1
7
1
0
0
10
0
0
0
1
19
0
2
0
0
0
0
15
0
0
27
1
0
536
1
0
1
1
1
0
143
0
0
0
0
0
1
0
31
1
1
8
35
0
18
0
0
5
150
1
2
1
4
0
3
0
0
0
0
19
10
3
0
16
0
3
50
6
11
324
0
0
1
2
0
0
10
0
0
19
14
0
0
15
17
1
10
2
0
1
0
97
0
0
0
4
3
1
0
4
0
60
4
4
1
0
1
2
0
0
0
21
0
0
0
0
62
32
25
1
2
17
1
43
0
0
0
1
6
2
1
0
1
0
0
1
0
0
0
318
0
0
0
238
0
0
0
0
3
0
0
0
0
0
0
0
1
0
15
121
8
213
2
0
0
0
110
114
5
484
4
9
6
110
0
1
0
0
0
0
1
2
0
0
1
0
0
0
2
0
20
0
0
5
2
2
0
1
0
1
34
2
2
0
0
0
0
0
14
4
0
34
38
11
0
7
0
19
54
0
0
0
95
55
0
79
0
7
10
162
1
3
3
0
394
46
15
4
1
5
0
0
1
2
1
0
52
9
0
0
0
229
0
0
0
4
0
0
0
669
0
0
3
0
0
0
0
0
0
0
0
0
0
0
0
0
4
1
5
0
5
0
3
0
0
0
0
18
8
63
1
214
0
18
0
1
0
3
3
78
54
0
2
155
99
0
562
0
67
0
89
0
6
0
3
10
372
0
0
0
182
1
0
0
51
20
0
19
100
2
1
7
15
8
43
5
0
20
557
2
30
281
5
0
0
0
269
0
16
38
13
9
40
0
0
196
78
216
83
4
0
4
44
938
95
2601
1277
10
0
144
2
143
11
2
12
7
17
30
0
0
3
21
13
0
286
8093
403
75
46
196
426
0
381
2299
32
2
1
38
1
323
2
117
1409
5
56
1
147
18
9
0
5
0
92
2
6
0
0
0
6
0
4
0
0
0
1
18
7
82
0
35
7
5
4
8
3
1
0
85
149
31
22
1
0
14
11
1
0
5
1
3
37
28
0
3
88
0
0
0
12
2
545
43
1185
0
524
11
0
615
383
1208
32
0
889
672
124
162
422
39
412
1
4
511
779
0
2
0
20
170
38
778
37
0
9
0
3
153
1
33
0
0
0
0
2
0
0
0
1703
5
0
2
0
5
34
4
0
0
0
17
0
2
0
63
1
39
2
0
392
4
0
0
0
0
2
28
0
4
0
756
0
0
114
273
96
1683
129
140
0
77
883
3975
786
2
139
0
216
1615
7
10
6
3
4
3
1373
23
5
0
1
127
189
9
63
1664
1
780
244
0
634
155
0
1
0
0
1370
450
0
0
49
258
643
222
1156
3636
0
363
200
107
379
53
876
183
441
1101
731
212
5695
0
11
598
653
110
224
584
534
286
326
339
501
181
37
363
558
376
0
1725
184
35
538
1
4
43
304
3713
128
835
765
842
195
2359
195
387
147
38
64
660
239
0
0
1521
0
0
162
0
0
12
0
0
132
0
34
0
200
0
114
2
0
0
474
0
49
3
3257
811
0
0
705
19
0
991
228
0
0
47
23
4382
534
23
113
116
0
21
0
0
35
167
0
18
0
645
1959
362
363
445
125
117
225
62
0
426
445
2
63
421
19
152
1847
3
414
124
44
557
620
219
31
10
346
260
177
1003
8
203
811
842
312
837
101
13
10
0
0
0
271
0
0
835
1984
487
101
84
24
17
540
0
696
1
420
1065
31
73
88
72
273
0
151
118
0
155
42
192
1
898
0
112
0
272
245
455
586
61
560
664
575
522
302
417
41
154
38
216
813
708
1030
224
0
885
285
9589
11
0
0
530
1046
476
2904
109
0
0
291
0
1398
631
164
1
0
1620
110
1867
1
0
0
292
361
289
0
104
41
53
331
7
4
203
28
0
0
102
0
161
287
712
0
205
83
520
173
476
529
3707
211
3667
96
1488
7
646
1240
1
42
1379
1104
0
1142
331
269
939
2295
589
652
0
0
143
1
757
18
868
917
2841
76
127
1448
954
13
426
425
57
944
574
7
1459
4324
560
724
1111
51
499
214
73
26
190
6
1
589
515
18
187
112
236
925
1
488
241
615
274
294
19
2901
2158
223
215
505
178
1582
0
1059
81
940
1461
848
83
531
0
19
269
3595
2087
10
1439
11
0
5
641
3363
784
95
675
5
115
1504
801
0
3
121
1851
803
0
17
620
287
0
542
73
1
219
0
6
529
363
383
408
398
368
2510
245
45
35
320
428
1
197
2
1
236
257
1123
596
117
409
198
286
1
0
0
309
0
677
602
2065
4
726
227
437
689
0
1
207
617
974
183
19
1002
6
2983
595
235
3082
13
626
312
390
117
141
73
56
1511
1
5
1667
293
2296
3
790
159
331
2308
0
0
0
0
0
0
16
91
81
1
2
3286
450
1414
1197
0
277
212
316
1064
965
885
236
0
861
609
151
0
0
3
637
1
159
0
187
3
0
47
0
0
0
1
0
175
0
746
0
1
0
0
3
0
0
0
2
0
0
10
14
1
9
7
129
8
4
6
594
52
2
5
10
3
6
204
12
74
31
6
8
97
161
171
405
130
564
27
0
0
4
479
275
2
0
0
278
3421
192
1196
1011
610
761
33
680
4
0
0
269
36
102
5
521
2
292
0
0
0
0
0
0
285
0
934
2
0
39
248
16
481
349
95
0
73
7
101
82
44
515
0
1
40
0
30
1824
104
775
0
0
238
704
284
146
0
0
56
81
60
136
297
81
0
130
283
507
533
1365
296
82
47
190
0
0
0
0
963
1404
347
1
2
0
0
3
485
2470
0
58
360
0
284
80
245
175
0
0
0
280
4429
120
1646
2
0
0
0
325
0
781
0
0
0
0
0
0
292
155
163
50
44
1398
302
191
5282
886
437
26
372
13
1158
1216
788
0
24
0
0
0
687
0
1
4
0
397
26
73
199
634
0
0
0
0
0
0
12
3
0
1
9
0
0
0
0
0
1
257
550
0
1
0
2
0
5
0
0
22
2
0
0
0
0
107
0
0
0
0
0
0
0
7
0
0
0
0
1
0
230
0
1
3
0
640
22
0
0
0
17
0
0
0
0
6
0
1
0
0
0
0
0
0
0
0
4
0
0
28
61
0
0
0
0
0
0
0
1
1
0
7
0
1
17
0
0
0
0
7
0
0
8
30
0
0
1
1
33
8
0
0
0
0
1
0
0
1
2
0
20
0
0
0
1
0
1
0
8
0
0
296
0
0
0
0
1
0
17
0
2
5
4
1
2
0
0
1
240
0
0
0
0
0
0
16
0
0
0
15
0
0
0
0
0
3
2
0
17
0
0
9
0
0
0
0
0
0
0
0
0
241
0
0
0
0
40
0
4
3
1
4
2
1
29
2
11
0
0
0
0
0
95
0
0
1
0
6
0
0
0
0
112
0
2
0
0
1
1
22
9
22
7
19
0
0
0
0
0
6
0
0
0
1
1
15
0
0
0
64
0
1
0
17
346
1
11
1
1
0
6
0
0
25
0
5
27
3
0
3
2
27
0
0
0
1
2
0
0
0
22
1
1
117
0
0
72
49
0
2
0
0
0
0
0
0
0
0
0
0
19
1
26
0
0
0
0
3
1
3
0
0
21
0
0
2
1
0
0
0
0
66
17
61
1
0
0
0
0
1
0
0
0
0
1
0
0
0
0
3
0
85
1
21
0
0
0
326
0
14
0
0
0
0
0
26
0
0
3
143
116
8
5
4
0
50
107
0
0
25
1
7
0
0
0
1
0
0
3
16
2
2
0
0
2
0
1
2
2
0
0
0
0
4
5
42
16
30
5
0
0
0
1
0
0
1
0
0
491
0
5
5
13
0
0
0
0
0
0
0
0
9
1
0
0
0
0
0
6
0
4
54
0
25
0
4
0
0
0
5
8
10
5
57
0
0
1
0
0
11
16
31
12
0
0
0
1
26
1
10
0
0
0
0
0
172
1
1
2
0
0
0
0
0
0
1
0
0
0
0
1
0
1
0
0
1
0
0
4
0
0
6
0
4
8
20
55
0
0
18
5
21
36
0
47
230
0
10
0
2
6
50
0
2
124
12
2
3
1
41
0
2
1
0
2
13
0
56
1
69
2
8
203
0
0
8
345
327
19
45
3
11
420
37
0
211
63
386
1
517
354
0
7
2
1
0
14
158
59
16
9
88
1
50
0
4
9
78
30
28
201
4
7
7
64
0
37
44
24
0
301
65
27
2
258
593
0
25
5
12
4
0
0
79
34
0
7
0
176
41
28
0
0
2
0
1370
0
0
16
0
0
0
0
9
0
0
118
0
0
0
0
4
110
2
9
18
0
3
22
562
45
0
1982
0
9
1
13
79
0
37
64
0
0
0
19
0
108
7
20
0
0
0
0
4
15
6
0
0
0
13
1
0
4
247
0
0
0
10
1
26
2
0
14
0
1
1
0
0
104
0
264
1
993
19
11
1005
225
3496
229
948
1048
1653
548
696
1313
34
3413
61
1236
178
0
839
0
1099
502
20
39
643
589
2844
404
338
232
135
20
567
23
59
9305
524
533
79
14
376
1618
128
794
766
53
34
1
5842
659
755
566
18
1383
82
278
370
7
97
3159
284
21
127
107
87
696
223
0
292
388
6
63
453
476
286
2226
146
137
5692
937
504
509
0
397
2
0
124
236
2
66
0
1
59
2
0
1457
115
57
529
0
0
8
0
235
1
2
2589
162
467
66
0
29
408
5
86
2
1149
113
306
163
506
0
109
220
281
110
414
40
1
0
0
42
0
0
399
202
1917
1356
126
6
1
6548
1749
968
436
374
286
314
71
618
418
1
1367
54
213
1
28
19
97
272
64
400
0
1
10
1
488
717
2612
4
2507
460
526
1648
369
65
2
140
4
562
2036
1066
995
39
11
0
5
443
277
177
3
0
2536
24
220
11
417
16
1
1316
78
0
0
2225
7
0
0
0
0
79
196
65
765
123
287
76
458
0
41
302
368
212
1959
403
191
262
389
3
15
26
261
5
3068
67
29989
1642
643
461
27
210
706
341
2813
859
3
35
758
770
120
1
3
1310
0
1680
907
226
1234
620
189
0
8
1
1232
51
0
0
0
0
47
0
2
0
11
0
38
0
0
1
42
11
0
0
0
1
0
1
0
33
415
245
210
548
85
0
0
649
10
1102
0
0
6
0
615
0
5
2720
130
178
63
377
134
696
71
517
35
611
229
157
347
2745
0
0
0
997
0
0
0
186
539
272
1792
78
44
252
1727
76
77
10123
32
2075
29
914
522
86
1663
152
7
386
415
604
1
3
192
234
701
8
416
1679
663
825
739
536
18
468
2
333
2113
664
358
373
111
0
0
897
573
42
141
1
1053
1819
2443
459
1520
35
1
137
1
7
345
1026
377
121
414
59
864
573
2
570
253
0
60
0
0
2638
645
950
442
296
24
909
1566
910
538
107
0
0
0
0
0
0
924
0
1786
8
283
0
0
459
1519
0
3
10
125
0
69
5
722
287
124
1033
368
74
906
16
810
1025
571
310
0
15
20
5
0
732
54
317
0
568
16
713
147
289
847
1
13
318
829
0
25
2
2432
2
0
0
771
0
0
0
13
0
666
0
28
415
622
73
45
158
93
542
3
151
266
7
0
220
0
103
39
454
0
282
2
417
679
795
769
361
1288
1550
5
727
2924
296
78
11
324
587
1186
276
1210
6
53
224
0
1348
327
361
27
655
677
483
107
33
313
348
177
14
5
97
292
41
198
139
3
924
152
27
0
0
0
0
2
6
0
0
0
0
0
0
0
160
0
12
227
714
902
488
727
408
2217
1304
531
272
2224
632
180
2
185
570
0
34
8
3
227
2210
898
10
250
11
158
28
205
309
1122
926
237
122
8
0
404
20
0
0
0
5
13
0
2
0
0
0
0
0
3
0
1
0
0
5
2
1
0
0
0
0
0
0
27
0
0
256
294
848
84
260
0
7
623
297
505
1837
0
0
0
0
0
0
1041
34
231
307
97
262
88
1239
405
24
0
1
0
2
48
316
1
0
1785
1
0
98
621
0
413
628
0
0
4
1
0
0
0
238
0
0
0
0
0
0
32
0
2
95
485
0
53
4320
269
0
0
66
0
111
106
873
0
4714
454
61
0
0
14
178
1646
0
42
139
289
0
0
2517
347
5
181
0
0
1
0
1400
48
395
94
332
675
6062
735
24
293
462
221
350
0
12
0
0
0
0
0
0
14601
63
7376
0
4
0
0
0
0
0
0
0
337
0
0
0
0
61
1
2
5
4
0
0
0
0
0
0
0
0
0
59
0
403
53
7
0
2
0
0
1
0
0
0
1
1
0
0
0
0
9
2
0
12
4
0
0
0
0
3
0
0
8
0
0
6
72
514
19
733
26
0
0
225
0
219
0
0
0
1
0
0
0
0
3
0
25
118
1
13
225
2
3
0
0
1
1
0
0
0
31
25
1
1
0
94
2
0
65
5
0
3
1
0
0
0
7
187
0
0
8
0
0
0
1
310
41
0
9
513
0
0
0
0
1
0
336
0
0
2
0
2
0
7
15
0
0
0
0
0
0
0
1
0
10
2
0
1
0
1
3
0
188
0
35
1
1
0
0
2
0
0
0
0
0
937
0
0
0
11
9
36
0
0
0
0
10
10
2
0
0
0
0
47
7
5
0
0
35
0
0
0
0
0
3
0
2
0
0
0
0
0
0
1055
0
0
0
2
0
0
0
0
0
0
24
17
0
0
4
0
0
3
0
0
0
0
2
1
0
0
0
0
4
0
13
0
0
0
0
0
26
1
71
1
1
0
0
0
0
7
0
4
0
0
16
0
0
0
0
0
0
1
3
0
2
15
8
3
0
0
0
0
0
1
565
7
0
0
0
0
0
10
0
1
0
1
4
0
0
8
0
18
0
13
0
0
0
46
115
11
0
0
2
0
1
0
0
0
3
16
1
611
15
76
9
2677
14
0
0
0
41
1
1
5
8
28
3
0
0
0
0
0
0
52
7
0
0
0
23
1
1
1
25
0
8
4
45
0
9
97
8
140
2
1
28
0
0
0
0
2
0
0
9
10
99
37
55
0
0
16
0
51
7
150
197
0
0
0
5
0
14
0
0
47
47
48
12
4
0
2
0
0
0
2
18
1
2
0
1
106
0
0
3
0
0
0
0
0
2
0
0
1
9
178
20
3
0
0
0
3
8
28
15
3
0
0
0
48
0
2
0
7
0
0
3
60
1
0
0
248
0
4
1
4
47
37
1
1
2
0
0
33
48
0
1
0
4
57
7
7
17
18
3
1535
0
0
244
0
31
1
595
70
1
0
291
9
0
8
33
1
5
9209
1
332
153
0
7
0
0
0
38
0
2
0
1
0
0
0
4
0
0
1
23
0
0
0
3
0
1
5
0
0
0
0
0
0
0
0
0
0
18
0
36
0
9
3
524
2
0
0
0
0
0
0
0
1
361
1830
11
0
68
19
2
0
2
1
1489
0
0
2
0
6
2
0
0
0
0
23
3
15
317
396
0
1863
121
199
636
352
1632
68
6
384
194
51
26
529
201
18
53
31
166
0
740
805
4
57
291
393
68
0
708
41
339
0
433
0
509
0
268
29
0
671
163
592
0
1631
0
531
269
0
148
2
0
597
3301
830
977
3411
196
328
580
645
1
1389
2055
0
439
74
298
1148
0
859
1153
63
0
334
0
1
218
685
144
278
2046
97
416
162
1165
105
275
1123
3348
187
982
0
165
5
43
3
236
515
106
12
62
17
139
522
1
276
1941
0
96
605
209
369
0
87
123
24
0
390
20
0
536
349
20
213
227
945
175
0
601
475
3072
0
383
14
0
110
80
4
0
0
433
13
258
0
99
299
2424
215
577
203
852
247
691
6017
30
1215
307
495
0
0
716
0
12
3196
1071
496
811
736
27
343
138
15
85
168
901
1
177
804
16
103
2115
0
0
204
1
5
670
676
2
0
966
1290
200
0
853
104
1768
301
1003
0
0
476
458
1511
373
2351
15
559
2
0
2
1392
0
682
1824
2
166
89
288
969
328
1766
47
29
556
0
959
815
67
302
303
532
206
162
11
267
3
0
316
427
502
72
10
0
4
43
2
145
71
611
16
4348
391
108
9
230
4
0
0
0
0
64
100
0
979
2340
25
157
415
0
42
158
227
11
1056
0
1
1
0
504
7
7
695
102
1198
12
559
1128
6
53
128
2
350
323
951
662
9
7
0
944
2514
151
473
2049
765
366
610
709
117
73
272
659
128
0
2
1603
0
799
1797
1871
1801
2983
2102
4785
617
105
112
291
89
30
97
13
0
207
0
218
677
632
1053
33
338
4
401
283
4
0
4519
202
258
2
1
1
0
0
1
2
1
2311
428
159
640
34
0
748
205
600
311
2099
0
27
0
2227
72
637
344
588
20
829
98
319
200
196
300
0
615
334
4250
90
398
73
39
2895
0
118
725
3016
6
1516
941
272
35
8
1381
32
5
133
1
1
2
28
0
29
0
330
19
39
4
3309
528
36
231
1
172
0
204
124
0
0
0
994
0
0
10
0
0
916
259
0
0
0
24
3
0
1
365
0
1670
417
1034
1425
231
1167
39
207
943
1675
341
599
264
878
64
0
2
773
154
888
465
125
0
869
11
0
21
338
149
827
1375
0
97
14453
31
1170
113
1606
10
448
482
0
2262
144
26
0
331
22
4584
343
395
393
2
846
917
625
11
885
2506
118
32
425
643
4468
1032
372
1009
148
17
140
0
130
195
605
0
1290
209
1378
447
0
77
443
3
384
252
1
0
577
1889
1
4
737
0
33
277
17
201
334
127
289
73
1824
169
154
520
1175
4667
434
0
1520
530
2627
0
94
101
228
450
346
381
627
107
102
0
4
66
77
867
1096
482
465
22
11
928
428
0
489
61
351
2
3
0
0
0
1
45
8
306
0
329
296
326
459
0
0
0
0
0
0
0
2
6313
55
2963
757
0
0
1
0
1
74
2048
911
128
225
28
0
0
3
0
326
0
0
0
648
439
185
659
355
0
2546
5756
1627
2001
53
716
69
333
455
1751
118
105
0
156
163
130
868
444
3
4
244
175
201
110
436
217
31
312
0
1025
355
43
18
362
5
131
777
310
0
1055
27
721
376
648
542
231
63
473
278
0
266
737
308
165
56
1139
718
0
0
552
1641
131
31
447
1076
0
2190
128
7
21
0
4
947
6
1541
1
242
307
177
12
1497
2
588
75
180
852
0
5024
26
0
1
0
796
272
59
689
465
1096
221
292
8
322
883
742
0
191
3
1475
734
473
221
278
110
417
1409
3
4
0
60
3
216
158
783
798
0
1
19
246
79
348
141
74
0
1156
82
1383
2343
558
0
575
12
0
1917
553
100
0
0
6
24
0
0
0
9
0
5
0
61
0
4
20
25
0
38
0
3
0
0
259
0
0
0
0
0
0
0
2
8
0
1
0
0
1
1
0
0
17
13
1
0
31
2
0
0
0
0
52
0
0
0
24
21
0
220
0
0
0
0
2
0
5
0
0
0
0
0
0
0
0
0
3
2
0
0
13
4
0
0
31
0
0
0
0
0
1
0
0
0
0
1
1
0
0
0
0
0
1675
9
0
0
0
0
0
3
0
0
5
1
0
1
1
0
0
0
0
2
0
20
288
0
178
4
2
1
0
23
1
0
26
0
0
0
0
1
0
0
0
0
0
4
16
19
0
0
306
6
2
1
1
0
11
1
2
0
0
0
0
3
1
4
2
57
7
0
0
0
0
0
5
87
0
6
16
0
2
6
79
142
0
33
2
66
3332
2
19
0
0
2
0
0
0
0
0
22
0
0
0
0
53
1
1
0
0
0
4
0
0
0
0
2
0
0
0
0
0
0
36
0
0
3
13
29
70
1
0
0
6
0
0
0
10
0
39
0
0
4
0
6
0
7
31
0
1
12
3
3
1
14
49
0
4
80
17
0
7
62
12
8
0
0
0
8
205
3
0
0
0
1
362
0
334
31
0
0
38
4
5
337
68
58
10
0
2
5
0
540
11
4
2
560
0
5
242
1
300
0
3
13
23
0
1
0
1
0
2237
0
2
91
0
17
18
120
7
26
1
0
78
14
3
868
264
0
82
81
19
22
73
125
6
13
2439
113
500
23
60
8
39
6
45
0
61
144
6
4
0
92
0
12
147
3
263
196
62
1
202
0
0
3
16
0
5
0
0
0
0
0
0
0
0
0
0
38
1
0
0
0
3
26
4
26
3
113
1
1
1
0
4
0
0
2
0
390
42
0
15
63
4
10
186
70
0
0
1
3
52
11
22
68
12
108
19
43
0
21
747
71
15
8
0
2
2
17
2
20
0
37
77
67
0
1
3
28
4
0
57
17
5
1
9
0
3
0
0
0
2
0
0
0
1
366
2
66
2649
428
4
2234
12
4370
348
701
1307
778
44
83
2
320
57
1078
330
139
146
10
22
551
1386
1093
64
1584
12
15634
1
334
0
30
739
207
223
1135
746
118
335
1126
572
772
265
80
907
1135
478
516
334
273
459
1766
21061
135
1281
0
214
793
3
17
363
165
175
0
142
1
1577
20
386
760
494
571
336
1369
275
1105
2
0
0
21
3
1
17
193
3483
131
38
1
2507
0
4
0
5
26
0
283
184
655
375
102
51
0
8083
213
1045
138
345
503
2
122
402
5021
1567
866
48
1422
0
0
2
627
250
386
1191
10495
3
499
213
827
135
443
69
546
1617
1739
244
421
809
0
0
3
1327
555
8
0
30
222
0
316
0
323
413
4
0
568
585
224
0
62
0
2
675
73
1494
12
133
1218
54
1702
656
263
876
1228
0
0
1
516
4
622
10
4
0
2
0
0
1023
0
8
0
0
0
0
0
0
0
1
0
0
0
0
0
0
0
36
0
0
0
0
328
1390
164
147
652
0
541
1165
0
34
217
252
546
462
442
334
9
1
9
0
0
1
72
2
0
30
634
516
2116
1121
0
241
22
4
405
214
262
5042
155
2778
0
1146
347
445
251
209
9
1634
0
3
335
427
0
27
14
8
4483
2
208
535
0
1007
4
365
206
801
0
3825
1087
460
5
2080
823
398
9
72
10
0
16
0
34
1
606
2543
719
1263
375
411
66
1145
329
0
890
10
0
57
0
0
0
0
0
0
0
0
0
0
0
0
0
0
0
0
0
0
0
0
0
0
0
0
0
0
0
0
0
53
0
0
0
0
915
0
68
427
311
1
252
169
510
125
1
2388
153
198
1702
503
75
13
134
109
409
6
26
624
261
33
1
201
598
27
122
1610
344
478
666
290
878
0
224
811
1896
156
583
65
1366
906
177
166
226
219
890
280
849
367
1975
428
3
0
76
4022
1387
23
165
381
1038
0
295
0
529
529
2054
2
855
26
1
0
3
4
9222
23
294
4
0
1065
432
6557
21
3
203
0
10
430
2964
228
0
1501
4736
476
62
690
7
125
57
0
0
1187
286
7
343
322
152
0
0
550
441
350
1762
848
6
82
1
1248
0
456
114
691
3531
6
0
39
4653
654
491
559
155
789
1169
7
41
1260
1
26
502
452
609
1199
96
215
436
2
296
193
13
434
544
0
156
1056
4
2
676
1923
1
2879
3
368
46
380
0
316
3066
214
122
978
44
1
319
332
2073
482
457
559
176
85
115
1
9
7
0
24
2
0
0
0
0
0
111
498
1039
29
438
2975
247
1
29
11
153
234
0
396
1155
1186
1223
73
544
619
611
1381
106
8
701
1479
8
453
1623
382
484
707
141
207
114
1588
4
0
741
1350
3
64
165
0
0
473
0
300
79
154
322
462
3452
40
383
721
48
1
223
74
85
294
0
0
664
2
788
105
29
964
0
3256
8
1
13
130
257
0
629
97
349
5769
422
269
0
141
0
0
0
0
81
373
172
299
381
550
654
487
294
93
1087
7
155
21
95
688
2
149
130
417
6
206
359
51
669
183
0
0
0
478
1
0
0
0
0
1
0
3
1
12
0
0
0
2
0
29
0
19
31
4
0
21
3
0
27
6
212
1
3
0
0
11
0
4
6
2
0
0
2
0
7
2
0
0
0
0
0
1
0
0
0
74
0
8
0
15
0
4
20
0
0
0
0
3
109
3
0
6
5
8
0
0
0
1
0
1
0
0
0
1
0
0
3
20
6
1
0
0
0
1
0
0
0
0
0
1
0
1
0
0
0
0
20
1
1
0
18
0
2
0
0
0
0
0
0
0
0
0
0
4
0
6
0
4
0
2
0
11
6
18
0
0
9
10
53
0
10
30
541
8
2
32
0
28
20
47
18
0
0
0
0
7
51
3
30
2
36
3
2
0
0
0
0
1
4
0
0
0
21
0
43
0
0
65
0
0
162
0
0
2
9
1
2
14
0
0
1
12
1
16
0
1
0
0
34
73
58
0
2
12
1
5
2
0
0
3
398
16
18
27
1
0
74
0
236
124
0
1
5
1
75
0
7
0
8
15
0
78
2
8
0
0
1
5
228
0
23
4
92
10
9
68
0
45
71
10
237
0
0
1
11
358
1
1
44
11
101
4
0
708
0
33
4
6
333
28
0
2
41
4
3
1373
6
0
56
3386
34
1
9
817
37
39
2
0
0
0
0
2
0
0
0
0
9
2
28
103
0
0
0
97
7
14
2
3
0
21
30
10
0
0
2
1
5
529
6
3
1
245
96
0
1
0
5
0
12
0
91
4
0
5
0
0
53
2
205
656
364
39
462
680
211
300
411
0
0
391
0
62
536
5
497
896
1677
32
492
0
1
5
464
9
10
34
19
73
934
1
1
0
47
2264
54
88
59
60
832
690
352
845
291
0
470
10
1
84
25
156
20
1
0
1
48
293
0
5
17761
317
258
1
12
0
0
184
0
357
0
0
202
0
1
159
0
15
6
16
86
294
886
3
407
662
1
997
357
1291
4
176
1119
1926
38
2
0
1
0
762
92
166
241
63
42
475
8
472
1
118
313
165
93
50
50
1593
180
484
314
239
6960
53
111
113
777
319
1319
68
80
520
464
197
1363
115
448
111
1161
0
1325
321
1111
892
496
320
1837
85
211
2209
0
1457
152
69
171
3
2
477
362
1032
1031
5912
289
81
237
1920
58
0
2
343
247
0
104
293
54
77
2
81
15
476
731
1
862
553
407
628
33
112
0
29
367
1
865
654
691
86
365
839
377
85
67
1741
145
10
0
0
186
206
412
439
1191
830
0
203
1525
6
216
340
1471
630
5710
67
416
99
1067
9
1204
0
16
944
227
0
115
80
0
820
149
35
341
400
319
361
0
307
354
554
0
237
5
46
856
702
827
955
0
3690
1
21
926
1038
590
974
369
254
409
213
566
244
71
2337
193
757
169
216
2
0
126
182
3870
0
14
0
2618
8
8
0
169
0
0
158
0
0
19
0
66
1636
55
1153
19
57
148
0
662
859
3
48
2258
5
492
2010
54
0
1
426
11211
26
98
0
116
402
801
7318
0
376
0
784
34
315
0
2
985
682
0
0
11
210
182
102
653
779
2
176
0
0
0
666
1212
0
319
7
1
0
0
3208
0
230
62
10
0
9
0
41
16
172
910
11
1
315
3
0
0
485
0
0
1
0
0
0
433
0
1
1
0
3
0
410
274
6
0
854
0
0
65
0
1407
2
4
0
0
0
0
1775
0
0
0
481
488
0
0
0
0
127
0
47
0
0
0
2183
0
0
0
539
0
0
0
305
1
1808
0
602
238
424
360
76
1
110
1400
586
3
0
504
264
438
9
2
44
72
12
346
42
4241
491
419
3163
1
143
2
7
6
2131
4609
188
28
196
169
249
0
0
290
5
0
346
3
8
15
713
84
30
14
2
7
5
945
0
924
2
0
0
0
200
5
87
3
50
480
19
1
856
0
0
0
5073
2
158
1
6
2
0
0
2605
457
2
591
86
797
805
1
0
1
0
562
123
250
1932
120
238
186
327
74
261
313
21
57
118
299
5611
5
107
148
290
740
0
2551
18
236
11
53
865
1549
580
111
87
365
717
129
1127
201
936
496
804
0
4
78
266
69
3468
845
564
19685
185
524
306
223
213
96
404
2
2658
97
264
0
298
951
375
308
688
518
62
938
32
105
318
405
248
17
257
0
0
7
0
1
199
1776
1125
56
39
0
4
11
463
122
307
319
111
677
232
339
223
233
529
107
278
478
656
48
3
3
409
7
343
0
373
565
189
0
1111
1659
5908
5762
431
366
406
156
790
142
1616
523
1633
70
211
418
12
274
545
82
1123
421
245
1225
0
1494
0
165
0
3
99
185
1168
96
295
263
528
120
496
47
488
15
267
310
5
1467
1976
2566
733
228
39
76
245
315
0
8
350
3789
47
291
125
0
507
138
395
172
240
10
0
1
5
197
3
726
380
587
4
0
4427
587
733
577
47
1
0
4
348
586
2612
100
643
30
242
78
3
7
108
8
1633
22
21
4
0
50
391
79
3
69
774
0
1501
231
0
0
1
7
0
8
0
0
3
193
41
596
266
27
618
1663
336
1938
314
6
181
0
49
151
1907
250
1878
84
91
56
750
409
15409
953
160
27
743
30
25
2142
1462
102
223
0
120
63
0
0
1
0
1
53
3
1
85
61
1
73
94
97
384
292
5
0
25
3
0
8025
2
137
2718
149
3008
3382
7
6
0
140
5
7
77
955
6
219
523
204
1
1646
279
0
634
116
2
0
2051
503
0
0
0
0
132
1284
791
712
66
53
63
272
1
1
0
355
0
13
343
115
953
0
0
0
0
0
0
0
0
281
899
2
125
586
590
1097
78
97
4
77
252
17
122
419
139
1879
255
6
154
957
109
0
16
53
512
80
43
393
2108
1
0
246
126
93
6
385
247
47
126
112
1453
292
30
44
117
29
1
523
0
23
188
246
139
0
290
1381
25
31
465
187
40
246
204
1556
142
811
182
792
118
490
109
270
175
348
636
5463
0
4
0
1
48
2
1
3
4
114
0
33
115
2
277
577
483
726
71
75
30
150
236
1441
1
1
342
460
67
451
28
395
513
118
2
1134
384
3951
370
864
521
74
332
368
230
950
255
1278
552
604
334
143
620
554
251
1070
1
0
44
0
3322
1069
1207
117
1188
953
432
101
0
13
6
0
3127
0
0
0
14
0
0
0
0
156
800
411
198
84
545
1030
0
385
3607
1984
135
1088
203
11
725
163
147
49
290
26
1131
1
0
0
1
0
320
9
0
13
0
1
0
1
0
20
0
0
0
4
2
1
0
0
0
0
0
1
0
1
0
0
0
6
0
26
0
0
0
7
0
0
0
0
0
0
0
0
0
0
0
0
0
0
0
0
203
11
155
0
0
7
3
0
50
0
109
7
0
1
0
1
1
17
0
0
0
0
1
11
0
8
0
13
6
3
0
2
5
25
88
2
467
0
0
0
0
0
37
0
0
2
6
1
7
0
3
33
0
0
0
3
6
10
1
0
28
42
0
0
0
0
22
2
0
1
0
0
0
0
0
2
0
0
0
0
0
3
23
9
0
0
0
2
0
0
0
5
0
0
0
18
1
0
1
0
0
0
10
43
0
2
2
3
0
0
0
4
11
9
0
0
4
14
14
6
0
6
1
0
1
1078
0
0
163
16
0
28
0
5
30
0
0
0
0
0
94
0
3
10
5
103
1
582
0
76
4
20
0
21
0
0
0
0
19
6
0
3
230
0
8
0
7
2
1
1
0
1
9
0
1
0
9
1
5
32
0
0
18
7
66
0
0
0
81
0
1
0
2
14
181
1
17
56
8
20
8
0
5
3
0
0
0
7
2
297
8
2
2
25
17
0
0
5
18
81
35
143
0
100
205
0
0
0
0
50
119
0
1
1
1
12
0
1
15
0
3
0
0
3
0
3
26
0
17
617
3
6
4
18
1
1
2
12
24
1
0
395
63
7
51
0
5
74
3
6
58
14
0
65
33
234
405
16
164
620
6
231
2
331
0
3
143
0
8
28
0
109
1
0
6
8
0
282
197
32
13
6
0
396
14
3158
80
0
2
346
113
270
0
1
132
45
0
149
1756
57
3
324
14
105
190
4
42
6
0
0
0
156
5
3
2
14
179
54
2
0
4
0
1
3
36
320
1
66
3
109
0
8
1
6
62
0
51
1041
1
48
6
11
0
95
19
41
10
0
1
1
82
0
5
6
4
8
0
0
4
0
7
7
20
8
50
2
114
94
1492
1
30
46
0
15
0
50
1
1
518
4
0
3
6
5
5
0
0
0
0
258
18
1
6
8
34
93
41
9
1044
0
7
0
150
0
222
76
523
25
1
0
50
0
3
13
49
139
0
0
1
1
4
188
1059
0
21
673
843
1
2558
255
24
0
0
0
0
139
0
198
0
229
185
1
179
214
0
111
3
966
252
1015
0
170
36
4
4
471
12
0
14
111
707
21
467
21
1956
455
2017
2
592
4
1088
5957
910
1918
5989
1119
2527
90
618
160
165
31
936
327
837
23
3
0
492
999
1057
1921
5
31
95
203
395
421
274
0
0
133
900
669
502
90
929
2543
655
18
579
8
0
0
1127
61
28
1636
290
1374
501
0
38
165
446
18
470
372
482
460
2306
875
687
432
43
1401
0
198
152
188
2
6
3292
1109
25
564
769
154
1879
15
231
663
600
3290
79
388
91
5134
816
970
314
5
1630
1
1
287
379
391
64
808
370
349
2020
29
418
85
27
252
530
473
2663
0
0
0
1
0
3
1
0
0
0
0
2
0
12
693
1
7
0
6
0
12
25
16
12
1
30
3
40
666
5
14
9
12
77
7
54
89
7
15
65
51
41
48
0
14
497
0
50
64
37
23
37
50
105
193
149
336
1061
71
220
99
72
220
0
77
139
82
105
67
843
119
94
380
664
461
133
48
58
613
324
5
276
55
1841
401
489
397
357
18
731
662
101
0
2094
991
599
138
935
408
1557
1838
18
1117
4
16
0
394
0
418
425
0
874
1
93
30
167
7
14
0
4563
0
29
1
494
1222
633
65
46
1452
217
588
358
739
306
24
0
172
12
1452
1
76
2078
943
371
0
0
28
0
254
245
348
2
0
29
3
542
558
778
257
5353
141
980
17
188
740
1
480
1365
305
444
1007
693
460
357
162
1895
621
997
94
144
510
1
34
278
0
41
26
48
674
735
576
1167
0
0
684
546
801
1353
0
339
2
1
1588
10
355
5
0
0
399
364
158
1
1535
191
780
136
129
2825
198
3781
197
530
131
0
249
1084
0
73
1126
15
95
319
325
429
242
1113
124
0
221
270
222
0
512
1596
339
1340
3661
990
0
805
19
173
2313
1940
221
2
784
0
562
1392
1371
3828
77
1104
192
187
1576
1938
45
5303
458
770
17
17
47
300
827
507
88
1007
927
847
1848
1
0
2264
0
493
645
146
3235
400
0
0
0
0
0
0
0
0
0
464
190
61
372
0
1
4074
1798
951
1
0
457
87
270
126
368
284
3692
225
19
0
684
558
45
0
0
0
493
1558
904
68
0
3
13
538
170
483
35
319
248
247
1641
287
17
656
1
134
3456
3
4
0
0
0
0
0
0
0
1
0
1
0
9
0
0
2
0
0
0
17
0
0
0
6
7
5
1
1
0
0
0
0
0
0
0
0
768
1
0
141
14
4
0
66
2
1
0
6
0
0
0
0
0
0
11
0
0
6
26
2
0
0
1
0
52
1
1
0
1
17
156
0
3
0
0
0
1327
0
0
0
89
2
5
1
0
0
0
0
3
0
4
195
27
1
0
0
78
183
0
0
0
0
0
0
0
1
0
0
0
2
0
0
0
1
0
0
0
0
0
3
0
2
15
0
0
6
0
0
0
0
0
0
0
4
0
0
28
0
1
0
0
5
0
0
0
3
0
9
0
0
1
53
2
0
0
171
0
0
0
0
0
0
0
1
0
0
0
0
0
0
0
0
0
0
0
0
28
25
0
0
3
0
0
1
0
6
0
0
0
0
0
0
0
5
0
0
0
0
0
0
0
0
17
0
3
0
4
113
36
10
1
0
0
143
3
1
0
0
53
0
1
0
18
226
0
0
34
0
0
32
1
1
2
29
0
0
4
499
31
3
0
0
0
178
129
0
0
1
71
20
0
2
0
30
12
6
0
0
7
125
0
58
2
4
238
29
169
3
0
443
644
0
12
0
93
0
88
53
345
6
99
15
8
34
1
180
0
4
12
62
242
574
64
4
35
296
1
1
0
0
100
0
1
4
0
1
11
20
26
15
5
1
6
1
22
0
9
0
3
98
11
174
0
403
0
0
9
1
0
1
1
0
0
0
13
99
0
0
0
3
0
2
30
340
2662
0
1070
278
152
1273
46
1984
1383
139
463
458
38
62
0
1
5
238
513
1761
338
0
22
40
1600
2098
768
433
1738
7
0
0
1
349
191
5
167
0
212
431
0
591
115
550
96
312
273
1207
355
63
40
53
233
1904
0
409
783
666
0
426
782
2070
240
640
414
376
763
215
0
0
3
753
0
0
94
325
19
343
475
594
9
0
824
0
0
1532
57
577
742
0
81
1674
915
0
895
2
3
958
10
546
54
2605
392
5
2535
527
1108
450
82
217
655
0
388
2545
238
7
0
6
237
256
0
577
2018
2
250
0
163
0
3
0
3
0
0
0
4
124
44
701
277
1105
206
411
52
147
17
37
473
1
213
354
303
539
711
765
99
5
246
139
280
1694
221
70
547
93
20
5
1127
971
3153
291
72
2150
62
192
2
3
734
3032
130
1583
0
28
274
95
0
544
8
165
862
155
173
134
0
0
0
0
0
0
0
0
0
21
0
63
0
0
504
1339
0
827
0
1109
21
1112
2480
232
85
917
14
3
86
1431
242
264
649
2
257
1665
494
676
294
119
0
0
0
0
2
0
2140
0
0
855
0
1458
0
0
0
63
21
66
66
456
694
352
970
113
0
91
0
40
850
429
2102
3
452
15
52
0
232
6155
47
247
3
120
3
208
0
900
953
315
251
122
698
102
67
101
4
373
491
90
116
3
358
1931
139
278
757
284
1
6
16
319
2523
566
442
0
981
101
1192
7
0
276
139
0
0
160
185
318
964
731
178
354
474
1
441
2
0
120
2956
4
144
1386
292
251
783
153
87
3
1
0
0
0
0
320
33
305
79
1685
1
0
3
5
399
623
1
0
2
0
0
0
0
1
0
3
1921
0
0
0
0
1
1
2
0
0
953
144
170
727
0
0
0
0
0
0
0
1119
246
0
140
9
0
5
0
0
0
2
0
0
0
0
0
75
0
0
0
0
0
1583
0
0
0
3
0
0
0
0
0
0
0
0
0
0
0
0
6
387
1315
50
283
57
2656
86
140
199
142
186
683
1892
0
198
362
1213
209
583
269
1381
793
323
3
190
297
734
186
391
409
284
1115
37
1453
0
520
91
206
488
234
0
0
1135
280
3642
485
0
829
2907
157
873
305
1129
2896
2005
47
646
1891
979
92
395
135
0
7
0
486
900
124
2
462
14
422
918
832
1083
19
2408
10
2
602
938
1159
4137
10523
749
84
1053
2
4
31
0
6
277
72
110
12
19
61
3
767
606
213
631
17
4
40
281
640
87
277
791
328
177
0
382
228
121
732
3465
329
347
8
1225
170
403
0
638
716
137
860
145
95
124
0
0
385
20
4
86
310
279
67
353
341
289
797
3
27
552
361
1020
463
143
173
49
24
15
860
390
10
373
698
664
130
115
2190
386
12
546
0
0
0
0
0
0
0
0
0
0
0
0
1066
2
4
141
15
679
1584
0
23
373
54
285
335
40
0
139
1078
1085
390
254
3843
18
1418
568
1011
31
572
251
1235
16
789
114
44
179
214
7041
69
9099
0
25
0
159
935
272
0
13
0
781
0
0
0
3
225
0
56
154
418
325
113
509
1787
0
0
17
0
221
420
4
100
333
247
25
142
1
131
310
695
153
106
0
13
2
1
2
134
27
126
63
25
363
279
0
6
2161
74
1
1851
1813
340
530
61
446
180
535
11065
170759
111
5280
4
2595
1727
257
1318
318
18
0
6
0
4
0
3
3
0
0
0
0
0
0
29
25
224
23
8
6
1
5
4
2
0
32
13
9
2
0
0
1
0
1048
0
0
0
0
151
26
0
0
0
0
17
22
40
0
0
0
0
1
0
1
5
9
5
3
1
10
0
6
1425
10
0
0
7
14
106
293
0
2
105
5
0
16
3
15
0
12
0
5
0
0
0
0
0
0
0
17
2
5
29
0
0
0
0
0
0
4
0
87
12
158
1
3
0
0
3
0
1
0
0
7
6
0
0
99
2
0
0
8
0
7
3
0
0
2
6
0
0
22
18
0
26
1
0
0
0
0
0
0
0
0
0
0
0
0
36
0
1
6
1
1
49
0
1
368
0
123
421
4
0
23
41
0
10
18
0
24
17
2
0
0
14
1
0
69
2
7
40
54
2
10
30
0
332
72
971
0
0
67
7
0
0
24
0
22
14
95
0
4
218
19
14
12
12
0
1
31
0
4
33
0
2
29
7
0
12
0
4
114
7
94
6
23
5
20
44
72
626
776
14
74
13
99
24
60
5
116
0
19
0
1
249
1
0
33
73
24
41
79
143
0
28
0
0
22
0
12
0
68
101
0
718
0
1
13
51
16
3
4
0
0
0
0
1020
0
109
144
1
305
1
2
1
0
52
534
16
1
0
53
2
1
8
40
429
387
11
0
2
1
143
6
0
0
0
0
1
63161
46
0
3240948
414
5
0
4
2
0
697
0
0
4
277
225
284
1
0
76
0
0
0
741
0
267
0
0
310
0
11
156
0
128
15
0
476
964
2
84
0
2
12
0
0
1
2
0
7
2
0
5
1936
0
0
0
111
0
923
0
0
1
47
434
1
115
1
3
941
0
76
0
0
70
197
470
1
1
172
0
10
440
0
0
0
0
264
0
0
1
0
389
0
0
0
2
0
0
225
0
538
107
51
0
0
0
0
620
0
17
0
0
80
0
0
42
38
0
238
0
0
1481
191
3
0
8
8
1
2
8
29
485
1
520
710
1415
154
978
70
867
1
0
206
390
21
107
143
134
62
1
18
33
1
665
385
690
196
772
198
2216
257
538
0
3163
214
731
832
1823
0
0
2032
479
592
70
227
500
257
163
0
87
626
0
168
2
2
34
116
1861
0
79
640
423
215
0
16
0
176
122
607
23
3
558
1475
0
311
312
1
2
1800
204
205
0
659
504
750
0
37
1133
773
119
82
290
119
20
95
361
764
1007
172
0
0
851
544
0
660
181
12
251
109
48
43
0
747
0
0
1284
359
3
0
4486
1
29
0
0
0
0
0
683
2
11
0
1423
0
172
49
208
5
68
350
0
0
101
131
48
1665
610
322
484
321
139
14
18
1003
12
0
208
393
134
497
53
1326
491
1056
5
71
335
11
3434
494
787
615
615
703
1199
1154
316
1619
61
1
6
299
38
237
23
12
1181
737
382
2
825
90
3
1486
200
2832
4
111
269
165
1527
260
603
0
0
1536
540
1291
319
194
5
55
163
2071
707
1474
1
719
26
0
2402
670
458
305
278
668
1614
202
313
1
268
391
0
5704
706
416
1356
84
1640
576
21109
615
1351
391
1604
14
419
98
0
449
886
244
133
287
190
0
1524
3
0
386
219
518
872
308
319
4
616
280
1202
484
30
221
941
0
12
560
4055
6
206
0
411
276
0
5
3
1
0
0
2044
25
1097
72
132
69
28
799
516
19
177
8
177
260
148
475
5
1084
694
49
1286
247
2
308
356
3
754
1
0
1
929
297
350
4836
83
249
1098
3
462
1150
0
375
1195
0
0
0
583
0
0
2
3
0
482
13
0
688
0
280
226
1070
18
62
1
429
198
9389
1604
13
637
154
1290
297
4
1011
206
191
0
87
12
801
16
1
375
93
1363
1281
0
828
0
1393
2493
244
0
142
311
597
3
153
382
102
18
5
650
1344
118
1336
212
4
2
5
238
2670
3749
125
0
1399
394
140
1
3514
1339
33
2294
148
1356
228
3
1621
579
118
11
269
4535
62
701
2
66
496
332
0
341
724
0
71
37
3191
85
233
58
359
1626
456
694
1
211
299
1
937
0
25
137
0
1
334
22
2234
18
474
5
2327
128
0
0
436
1387
2009
12
66
28
678
438
790
0
0
0
543
0
0
0
506
0
0
0
1495
0
0
283
98
95
0
23
98
520
120
1960
579
3186
2493
7
624
784
0
1
192
749
196
534
2074
131
806
225
0
0
3639
8
335
0
0
3
0
0
0
0
0
7
0
67
0
0
229
1
101
27
439
636
321
213
80
13
0
524
1257
1509
2223
102
138
55
169
97
17
107
43
57
61
4
168
361
257
65
190
1225
724
711
902
142
230
171
845
0
714
129
0
698
899
14
0
0
30
0
502
0
0
216
423
181
1
0
0
213
12
0
186
0
51
3210
1092
356
28
74
89
179
0
377
679
1315
0
156
340
0
43
282
153
73
944
0
3
3334
0
0
9
146
0
811
695
248
72
0
279
0
572
131
57
3
395
213
456
26
0
178
198
79
431
14
1432
2439
1641
114
0
7
607
704
96
48
285
212
589
7
2248
317
0
628
184
573
123
988
456
181
9
69
71
521
590
22
178
885
369
505
515
224
143
294
230
206
413
711
404
202
7
2
151
0
36
95
8
797
803
112
2
202
47
1496
158
30
585
0
947
124
1097
411
756
104
97
3
225
272
303
700
86
277
15
464
36
143
2
0
1000
0
999
0
0
600
592
0
0
1
0
0
59
0
3194
0
2
0
1
553
0
0
417
1226
491
3
2
231
1473
707
0
250
722
836
0
118
167
521
0
0
1
254
859
148
3
0
0
22
1592
0
0
227
0
0
6
225
8
77
0
0
168
0
276
1
8
0
0
27
0
0
58
16
27
0
0
23
0
0
0
0
251
0
2
0
152
0
0
0
0
0
0
214
0
0
0
0
0
81
0
0
590
6
0
0
0
0
0
0
415
181
2
0
0
0
0
6
0
0
1
0
0
0
0
1
0
0
2
0
0
268
31
0
961
0
676
0
0
0
6
0
1
24
0
138
2
19
0
0
0
0
0
0
0
0
0
0
0
0
0
1
0
0
27
0
54
0
0
0
0
0
196
0
0
0
0
6
0
0
0
1083
0
0
2
160
23
98
0
0
290
180
110
47
292
1165
632
0
0
73
186
0
202
72
362
171
998
0
1159
837
416
113
1026
485
408
40
350
479
218
0
4
36
2734
594
4941
0
514
1548
119
1282
132
1262
287
0
13
271
318
16
623
197
427
637
35
189
59
61
5
1
905
122
132
1732
0
3768
603
0
0
0
2440
0
0
35
0
0
0
252
0
1
713
0
119
0
0
3
0
0
170
2
0
0
0
0
108
0
0
1
282
2
0
44
4
299
0
1136
13
308
237
126
2643
940
401
723
448
2279
70
129
166
183
909
0
0
0
1535
1
2070
2934
117
1274
765
345
0
0
1
0
8
0
0
7
2380
0
2662
0
275
20
1539
276
83
155
20
3
198
338
520
46
462
273
216
20
21
9
0
215
20
630
0
36
491
488
381
18
605
168
1705
401
40
54
527
817
53
1
0
525
0
1
21
238
70
95
620
1295
378
0
834
175
6740
319
934
797
650
14
33
341
255
0
285
82
8
2732
32
618
147
483
164
1377
403
118
57
1
208
476
71
0
898
36
317
283
852
8
1983
348
3295
4279
206
313
402
1092
6079
675
205
2
3
896
75
118
32
210
75
307
142
275
3789
14
248
311
713
119
0
585
1
703
960
598
1320
343
305
896
141
77
1130
109
182
269
55
197
1
357
0
5676
992
10
0
541
843
4
2
427
0
11
641
44
233
37
6
7
0
888
664
261
0
103
0
0
0
0
3
1
0
1
0
0
0
21
138
560
18
410
0
1
0
0
1
0
0
0
0
155
0
754
124
1
0
0
1
0
0
0
0
0
0
0
0
0
0
0
0
0
0
0
0
0
34
0
7
1
8
0
0
0
0
0
3
0
1
0
0
0
5
0
0
0
0
0
0
0
0
1
0
0
2
0
0
0
0
0
0
7
2
0
0
1
3
393
516
2
309
0
154
2
855
1429
232
383
12
84
203
0
0
1080
753
1087
396
809
165
6
0
745
4274
1111
41
619
861
608
862
433
540
173
445
36
729
441
1
387
346
173
2455
265
1731
446
914
256
46
74
389
213
752
0
1929
0
3
100
326
217
477
25
982
542
7
121
32
0
1085
0
0
2
258
2241
190
282
362
0
246
646
311
486
284
801
166
2
128
42
69
0
0
293
178
982
598
1
0
66
69
64
533
966
285
0
0
482
1
428
361
122
396
1
189
1
60
135
1627
0
1
9
0
25
0
31
7
21
28
39
146
241
0
263
7
24
256
1105
1
515
0
244
0
0
0
2
0
0
0
0
0
101
0
0
0
0
0
0
0
0
0
0
0
0
81
1
464
0
3
14
25
137
142
0
0
45
0
1469
1165
1187
6
62
764
457
1
1563
655
128
0
268
927
2774
1043
3245
325
1325
1
16
266
94
854
773
14
0
407
297
41
488
525
1210
104
121
7
173
114
383
54
536
58
9
19
55
15
51
30
112
0
23
1375
0
0
0
284
0
0
0
0
1
0
523
5
0
123
0
160
51
641
4
626
19
87
243
1059
26
1017
69
1218
243
567
418
5
0
333
41
318
0
72
1044
1589
368
187
34
45
7
861
12
109
3
0
0
0
0
0
251
0
0
0
0
0
0
0
1
889
296
458
272
1
267
1812
95
1651
352
390
2520
3360
196
1845
3
327
101
27
2049
7716
113
1771
4810
9459
430
103
1113
40
313
1
7
2904
319
0
15
0
788
3938
244
1615
94
0
61
809
265
1631
289
63
21
189
734
348
1786
56
313
1852
5
13
154
0
1125
219
175
553
193
235
2217
295
608
1344
238
651
10
2
1
160
161
436
1088
745
2101
329
847
4
264
134
491
796
1443
680
257
23
32
1391
1486
2386
377
1100
201
344
990
0
0
0
1
0
0
0
1
0
71
0
0
1
1
0
0
0
0
8
0
1
3
0
0
1
3
1
51
66
1
20
0
1
0
0
2
153
24
0
1
0
2
1
1
0
0
0
0
0
1
1
0
0
13
0
80
65
4
0
142
0
1167
0
0
0
0
0
0
0
0
1
50
14
0
7
7
0
0
31
7
210
10
0
0
1
0
0
1
0
0
147
19
11
0
0
0
10
0
0
0
4
1
0
1
0
0
0
0
1
4
85
0
0
56
1
6
15
0
1
0
27
0
22
1
3
7
0
0
0
0
0
0
1
0
0
0
0
1
273
0
0
0
1
1
3
4
0
0
0
0
0
0
2
1
0
0
0
0
0
4
0
0
0
0
23
56
0
6
0
0
0
0
4
0
42
0
4
0
0
0
0
12
1
0
0
0
0
12
4
1
0
8
0
20
2
3
10
0
0
0
0
0
0
14
10
31
0
9
3
0
0
0
0
15
11
88
8
1
0
11
5
0
7
0
0
15
20
15
0
0
2
2
16
0
0
0
0
0
0
0
19
254
0
0
0
4
1
0
1
0
0
0
0
0
0
0
0
2
0
0
2
0
27
0
10
0
36
19
0
7
28
4
0
0
0
0
5
0
0
0
0
1
0
0
0
0
0
0
0
0
3
7
0
0
9
4
5
1
27
0
0
0
0
4
3
5
0
2
0
0
2
1
0
0
5
0
0
0
2
17
0
1
0
0
5
2
0
0
0
0
0
0
0
0
1
1
3
0
0
0
1
0
1
0
0
0
0
0
0
0
0
0
0
3
2
8
0
0
1
0
0
1
0
1
0
0
3
0
0
0
0
0
0
11
9
0
1
45
0
8
0
2
0
16
2
0
0
0
0
0
4
1
6
0
19
1
0
0
0
25
17
11
0
4
10
0
4
0
0
0
0
0
0
0
3
2
72
20
4
9
271
0
0
6
0
1
13
65
2
1
0
0
0
18
0
16
0
0
1
0
4
1
0
0
0
45
104
0
10
172
16
17
4
4
0
0
6
2
44
57
29
2004
2
36
1
0
0
19
1
1751
0
53
10
16
35
3
6
20
0
3
1
0
76
5
5
387
10
63
442
18
49
560
330
3
77
47
13
0
49
316
1
7
5
33
2
1
0
3
0
2
92
179
0
171
78
2875
29
68
77
24
9
5
99
3
115
1
0
402
108
17
101
0
1743
15
1
79
70
3
143
134
0
17
2
29
2042
243
0
2
3
10
68
0
4
10
42
652
2
11
48
1
3911
0
1
29
1
561
0
5
0
0
0
0
1
0
0
5
9
0
1545
1
3
25
1
18
60
2
27
35
0
1
0
223
1
16
0
1
0
10
22
0
1
0
0
80
67
0
14
2
71
0
1
3
3
17
3
1
2
0
0
1
46
15
0
0
0
0
0
0
0
0
9
0
0
0
1
0
0
4
1
6
1
0
1
0
0
0
0
0
7
1
0
0
0
1
10
13
0
0
0
108
1
0
94
0
0
0
45
125
7
0
0
0
1
18
0
0
0
4
0
0
318
0
0
13
345
53
1
2
23
10
6
56
9
1
0
0
0
1
0
8
19
0
1
0
1
1
0
2
2
0
0
0
10
40
0
96
1
0
20
0
12
34
64
817
296
882
467
0
60
65
80
1064
1124
797
545
16
660
138
3163
897
0
413
31
340
31
26
0
1145
439
0
0
31
177
1
207
919
772
551
0
9793
8193
13
2177
0
0
544
56
797
0
257
482
1478
758
1063
316
13
610
498
2
899
799
122
474
578
222
1734
1096
23
683
5
2179
45
3
971
298
18
394
0
1
183
1434
44
509
12
51
1422
186
7
628
46
544
222
1
63
456
534
17
2
423
0
32
437
264
0
3716
21
50
6
313
0
57
2184
195
59
697
17
356
394
1085
62
4
231
307
624
92
11
1479
0
86
96
4
6
2799
1181
7
10
59
700
34
265
62
40
137
424
615
2831
0
3
803
0
2
250
292
145
102
79
54
168
93
200
86
190
860
133
831
1
440
1571
162
1958
14
319
31
76
1023
2518
1128
237
426
5193
755
25
501
16
487
225
0
204
77
730
849
3333
41
834
228
115
1113
360
411
142
40
144
15
2
1983
146
0
1059
124
243
195
49
33
333
117
7
38
179
49
0
41
862
577
3
5
58
0
137
840
1
7
13
1
130
241
530
2205
126
733
72
17
115
14
831
0
164
533
1248
5
2
155
1876
330
2
800
720
445
14
873
3
256
125
297
0
706
147
222
532
510
1065
68
5
1272
1
40
0
218
22
356
0
621
0
718
92
7
31
4840
747
3
0
414
298
172
744
320
65
570
2071
0
0
540
0
94
0
88
363
0
0
0
1102
0
93
3256
4
0
1
291
215
100
4
0
343
898
66
265
5
6
5
13
2295
140
1354
154
1551
325
481
7
81
223
4
1583
38
0
59
254
317
782
22
65
1162
267
9225
571
440
2270
10
647
1268
53
0
152
158
1007
4
525
199
723
2061
438
1433
1
3107
716
0
0
0
0
298
985
2102
19
82
588
0
254
283
0
373
320
338
6053
267
14
1760
333
2144
4
30
0
2220
2528
0
705
796
383
2956
0
117
1571
56
275
649
0
1499
2
1668
1018
217
0
7
651
119
21
671
593
991
0
3
36
125
137
949
0
10
0
862
477
36
69
300
136
777
6
39
3746
462
791
116
5
25
68
3
1
920
2
45
0
37
263
2593
172
0
0
262
1
0
4
332
0
421
2758
293
243
197
2
4
9300
40
296
2035
1153
4122
1490
0
1370
644
0
528
1173
911
716
3
239
3
11
1312
2547
296
4
226
378
174
383
7
92
550
498
250
21
0
304
2264
572
222
177
82
2524
447
4839
1065
1732
1194
505
9
998
0
2
145
82
387
1998
0
31
1090
48
48
1270
1483
66
15
105
1237
21
1
0
77
0
1301
1870
1008
95
985
727
2
6454
55
371
35
973
1601
2
1
1
616
1353
4
1
466
754
1
0
1113
257
64
65
118
87
7
304
548
1322
1301
0
0
102
616
1799
341
427
1
149
456
706
321
498
160
1821
354
295
84
513
305
305
228
734
810
356
0
38
4
0
5
7
26
56
5
746
815
2132
65
517
842
2
307
40
926
0
3
6
508
5
161
236
55
3
1385
116
6490
202
1987
62
276
207
535
336
154
3
3577
1330
1190
64
6024
1956
3
3100
49
4
416
370
0
434
286
1497
2
174
590
553
6
109
565
0
0
0
0
1298
0
47
0
0
6
0
0
0
0
1266
0
0
0
0
0
0
0
0
0
0
0
0
0
0
0
0
0
0
0
0
0
0
0
0
0
0
0
1
7
5
1
55
503
0
0
182
982
12
1552
1193
2
99
386
484
1330
145
341
1200
660
9
23
0
4
14
53
4
315
2
8
199
46
34
6
333
133
35
3255
295
240
177
231
2
7248
104
1
11
1666
459
3
211
66
4
558
425
69
1604
0
0
0
0
0
0
0
0
0
497
150
0
250
0
1197
823
0
0
0
0
0
0
48
0
0
9
0
0
2
113
405
0
5
82
4
154
281
19
1042
420
789
5
1203
418
771
2
1463
3205
423
512
448
1495
258
224
162
1026
541
2
575
231
0
0
0
0
0
0
7
713
0
707
48
116
0
0
3
410
33
893
8
2
0
66
0
4259
4
506
1
143
453
194
264
237
1059
17
1
0
119
1025
489
65
109
9
71
764
310
1414
163
126
3875
1275
963
1
4289
15
60
201
972
40
500
537
453
0
0
7
3
0
381
761
573
1789
1748
0
6826
510
962
11
11
569
466
201
87
105
318
8
768
316
1207
0
543
473
690
0
924
973
11
0
545
1126
517
2656
391
524
1522
653
0
0
0
189
428
445
537
1052
104
1919
0
22
2969
104
2870
426
307
623
823
903
1098
1467
417
3
15
72
164
927
1105
318
0
254
61
1
2039
81
791
1200
2019
1202
1250
803
342
108
776
3
3
0
168
0
2084
51
430
1031
0
0
67
7
0
0
0
3
0
0
0
177
0
0
0
16
1
0
7
332
245
145
0
0
0
0
0
101
0
1
0
0
6
11
12
2
90
0
0
0
0
0
1
0
0
3
30
5
0
1
0
0
144
0
0
32
1
0
0
6
0
0
0
0
1
430
0
0
0
0
0
2
0
0
0
2
0
0
3
1
1
0
0
2
0
0
0
0
1
0
8
3
0
0
0
0
0
0
2
46
0
0
0
0
1
0
32
2
0
0
0
0
1
0
0
0
3
5
10
3
2
1465
0
0
0
0
1
0
0
3
0
2
44
19
128
35
0
9
0
0
0
0
0
23
7
0
0
0
3
0
0
3
1
66
0
0
2
21
22
18
0
0
4
0
2
1
18
3
0
0
2
0
0
0
3
0
3
0
4
1
7
0
0
0
0
5
1
0
79
123
27
0
0
0
0
0
9
0
135
154
0
0
0
3
1
2
0
0
158
0
285
216
794
55
6
2
221
0
249
100
61
1
179
340
0
0
61
0
2
18
85
7
0
1
13
1
0
0
4
9
6
4
221
0
1
0
0
0
0
1
1
14
437
15
3
6
0
18
14
0
79
0
16
1
5
246
0
0
0
2
2
13
0
0
0
0
0
4
1
43
0
1
6
0
5
28
68
73
129
1
0
0
0
8
4
692
558
302
713
1857
1024
891
237
1872
1241
482
31
0
513
246
374
73
10
0
1
2
0
0
0
0
12
8
5
92
691
4
1
5
0
0
0
0
0
0
0
4
0
0
1
891
0
3
6
651
447
1
0
12
3
292
0
21
0
0
0
123
1
0
0
0
0
1
2
4
0
0
0
0
0
1
34
0
5
1
0
0
3
0
26
8
1
0
1
1
49
125
0
59
1
84
0
0
0
0
0
35
0
52
0
0
2
5
4
6
0
0
4
1
12
66
147
15
17
3
7
10
0
2
5
14
55
125
25
6
6
220
2
6
4
22
0
29
1
49
0
19
7
38
4
0
3
0
92
3
13
0
0
1007
4
3
36
6
22
13
455
3
15
7
0
133
0
0
0
0
26
4
29
304
251
11
1
48
24
16
130
1
56
1
0
53
31
8
26
140
49
17
375
16
0
427
203
61
3
46
27
0
668
165
1
0
19
77
103
22
3
16
0
142
0
252
2
135
28
148
264
0
0
0
0
1
2
0
78
7
76
19
0
0
58
0
7
17
325
7
10
25
3
8
70
24
0
0
12
3
1
0
1
0
3
1245
0
0
1
0
0
0
1
2
3
82
0
409
376
680
170
600
82
8
31
817
26
372
25
131
6
4
10
0
2
6
737
1542
4
0
0
0
68
2
93
14
2
1
84
3
43
235
8
402
2
275
8
3
0
14
0
0
0
18
0
41
118
20
27
69
3
0
259
385
1677
344
33
297
10
641
364
12
672
2
0
85
3
557
351
4
54
246
392
477
767
0
2595
251
319
75
92
916
146
568
128
1650
2514
0
249
16
877
0
184
54
318
0
277
52
242
2148
144
267
481
76
135
74
24
657
342
67
1
0
0
0
0
0
0
0
0
8
0
0
0
0
0
0
0
0
0
6717
0
0
80
55
562
3184
292
317
2
17
130
1176
412
1343
2
546
0
137
144
99
185
83
304
2
2695
512
160
607
4
2
158
184
0
0
111
181
346
0
2006
1029
503
600
492
0
1799
1
0
1
422
721
0
748
1377
623
172
762
3
288
89
204
678
137
3
0
145
1227
1
405
0
0
535
64
1055
1
461
57
53
30
91
272
35
648
100
514
0
2231
7
424
716
492
156
58
2680
124
374
244
0
317
1173
175
704
133
0
8
922
505
58
0
0
171
212
0
0
1536
0
6
1127
363
138
682
107
479
896
0
125
213
27
268
60
111
178
296
7
209
679
314
36
102
859
14
353
79
0
718
446
283
968
5
810
0
802
10
44
25
1
36
1
74
0
436
1086
323
0
705
0
90
0
385
95
79
0
103
0
399
0
42
0
125
238
905
63
327
0
0
126
104
3
139
3212
238
419
230
284
0
221
6
0
0
62
0
0
0
1
0
3089
322
404
449
53
652
283
1209
5
994
453
766
280
303
615
1
190
0
3
1
0
77
965
1338
675
0
827
126
436
208
843
282
8951
138
1535
0
418
0
39
401
60
0
0
121
630
3
185
5
8
8
35
14
4
1358
478
546
203
599
5
1487
466
99
871
1241
364
415
277
374
1175
671
0
1277
26101
655
277
2381
161
285
231
358
122
569
136
2785
1632
403
53
524
184
0
375
1014
201
5
421
197
1492
325
4
554
432
7
1088
114
716
1565
39
13
1407
1184
139
4711
3
714
50
791
64
823
397
216
244
749
1964
200
22
0
344
99
21
567
1830
764
114
211
305
385
237
181
64
123
6245
1
708
1
0
1879
336
2092
15
0
0
30
61
36
990
823
1
234
0
640
163
13
737
98
214
204
368
1
312
800
712
2411
0
0
0
897
31
643
0
0
0
122
0
0
133
55
0
104
3
652
6197
216
4
2235
914
275
973
3690
30
2888
6
371
14
839
188
166
380
212
6
166
0
0
27
1
0
0
0
0
0
2324
0
0
1
0
0
0
291
73
672
13
20
226
125
0
433
2678
1
345
10
40
552
351
14
0
257
1156
2
144
0
1181
632
134
0
1046
497
37
2031
23
1666
161
36
149
169
68
3
1958
185
131
18
124
982
304
409
1386
1324
1
0
1324
0
17
0
42
1685
2
298
10
924
764
399
0
302
0
481
1
569
0
72
97
51
310
0
480
0
1749
0
0
0
0
1348
450
379
149
201
142
630
192
2
0
0
156
79
29
0
4
45
58
48
64
387
2
8
234
8
0
825
1252
342
2827
289
310
0
317
495
0
482
14
278
4
289
551
14
2
0
8
1
232
1221
404
130
3
935
0
1292
1276
0
0
0
0
0
0
0
1638
1169
374
10
2
70
2
0
1
0
308
2
31
1
1
43
6
72
904
532
111
466
524
3
982
10
230
740
360
179
408
5
1
63
317
296
503
383
191
429
378
2
511
147
482
174
584
723
34
2343
1151
418
238
418
198
1881
705
1230
107
156
137
0
208
496
26
3
7
0
4
1
180
25
676
11
287
72
241
216
413
61
1278
1214
12003
235
26
229
1
72
6969
3
738
122
915
481
4
1
169
1
932
47
232
131
314
341
0
417
373
0
153
13
828
426
0
960
1854
419
341
0
1
0
907
22
416
663
64
895
89
977
2
115
326
12
82
1
0
18
0
1
1247
0
2556
5
1307
241
138
54
129
1
457
0
406
778
25
0
0
432
0
2025
0
0
331
1485
103
1983
645
441
1406
829
2
3
123
3707
0
1268
5
290
6
0
420
779
843
108
45
1469
1
324
1
481
1947
582
32
361
1255
1005
5
47
352
617
481
1320
4
78
648
120
868
739
384
576
391
30
25
283
100
2
183
95
81
66
129
462
576
267
281
87
111
53
384
42
2
0
0
361
434
3
209
101
534
111
19
6
604
98
163
191
0
0
0
0
0
0
0
490
1680
65
1018
579
365
121
31
654
77
32
84
1086
341
277
2
596
197
169
13
292
0
10
79
354
182
204
0
885
285
1142
29
104
6017
143
458
42
61
408
89
76
170
752
2327
340
4
0
49
587
354
1100
375
290
173
0
31
3
605
177
231
397
397
0
42
200
55
1326
29
876
271
405
454
38
83
44
3
0
17
1
289
42
2
320
833
33
0
0
163
0
0
1030
396
1213
737
2
389
606
2915
0
2
348
400
0
487
1403
321
71
141
402
10
0
9
2
1
0
47
228
280
1
197
67
105
0
405
550
734
677
18
976
366
31
99
151
796
1
135
7
356
14754
1345
0
0
313
41
102
1393
1852
245
0
143
434
765
237
619
136
0
5481
0
0
0
0
0
193
0
0
0
0
0
19
37
490
0
0
0
0
0
0
250
195
10
1
1291
265
0
0
0
0
0
15
0
0
102
0
0
0
0
0
0
0
0
0
0
0
0
0
5
0
0
0
0
0
0
0
0
0
0
6
408
4
0
0
259
77
2
2013
120
267
112
507
6
942
748
2431
49
0
1688
132
4
0
443
44
181
1530
501
43
0
3835
651
190
351
0
0
0
0
0
0
374
0
1
95
232
127
1
1
0
108
750
334
1060
187
321
74
533
156
492
198
67
355
5028
163
1125
1169
12
48
161
57
301
550
40
108
939
36
48
539
732
449
149
0
550
316
81
5295
95
171
22
898
1
0
6
567
0
34
44
613
8
3
223
152
47
83
2185
357
18
594
787
271
285
161
13
1443
0
0
4
715
162
0
0
0
0
0
0
0
0
0
0
1097
0
0
0
0
0
0
0
0
0
0
0
0
0
2
0
0
0
0
0
0
0
1
0
299
201
269
0
6
0
0
4
0
6
2694
1797
0
189
1354
909
367
18
7
79
1028
471
519
13
1218
227
139
19
114
0
15
0
2
1
0
0
26
2
1
0
0
2
0
2
0
4
0
3
0
23
16
7
0
0
0
1
0
26
0
63
0
0
2
0
0
0
0
0
3
70
0
0
78
1
1
0
0
0
26
0
0
0
0
0
1
0
7
13
88
0
4
839
31
26
11
4
0
2
16
0
0
0
0
0
0
0
5
0
7
4
4
0
0
0
1
0
54
192
0
3
55
0
0
0
2
0
1
3
0
0
0
0
0
4
0
0
2
0
342
72
0
0
1
18
10
146
0
0
1
18
37
0
0
0
0
0
0
0
6
0
0
3
0
0
1
20
6
0
0
7
0
2
1
0
0
0
22
0
4
39
10
0
0
55
0
11
1
3
0
21
5
3
0
0
0
0
0
0
0
1
1
4
0
0
0
8
2
81
0
0
0
17
9
10
189
0
0
0
1
0
0
12
79
0
0
1
0
0
1
0
2
6
0
0
0
1
0
0
0
0
1
0
109
1
0
0
0
0
2
0
2
0
0
0
0
0
24
0
2
0
2
0
2
0
0
0
0
1
0
2
9
7
0
311
236
5
0
0
0
3
0
0
0
1
0
0
1
13
0
0
0
0
0
0
2
49
0
0
4
0
30
0
0
2
0
0
0
6
0
0
21
0
9
22
2
0
78
1
0
0
4
0
1
0
0
0
0
4
6
6
0
1
0
0
0
1
0
8
6
6
0
0
1
2
0
0
71
0
12
36
3
7
0
17
3
0
32
0
148
2
5
0
8
5
1
0
1
0
0
117
0
4
1
45
0
0
3
257
10
0
4
16
4
2
0
1
1
0
1
3
336
8
4
4
8
26
21
85
8
246
1
1085
110
2
1
122
0
1
0
32
0
209
1
9
1
0
339
24
2
41
27
3
7
36
4
93
1
3
11
0
35
105
71
5
1
0
0
18
2
0
13
2
0
89
0
41
1
0
0
58
457
28
25
178
38
1
1
4
0
22
182
13
16
457
0
254
5
0
5
24
324
7
17
44
0
6
0
26
140
663
0
0
3
2
0
0
2
0
4
2
23
4
20
11
5
0
7
8
101
0
1
5
0
1
66
0
2
0
6
0
0
190
174
1
28
71
1
33
327
0
0
212
8
0
2
1
0
0
30
0
0
5
0
16
42
345
0
2
0
105
0
6
0
4
0
27
0
2
162
0
21
4
0
16
0
37
0
18
20
14
4
972
903
1518
286
713
329
208
744
9697
267
1169
181
3
695
3308
2642
367
874
493
1027
21
443
329
5414
303
0
66
235
10
0
11
335
2640
15
25
1
247
2372
185
18
285
1
2
593
2527
2772
5
2440
599
1215
1
0
683
0
0
81
46
217
0
1378
1377
653
263
599
0
29
691
1
0
0
2
118
0
0
306
949
714
1868
79
71
258
320
1212
0
0
117
100
1284
354
1309
0
0
816
930
1059
625
0
2596
0
0
2
778
1
2026
1048
236
363
238
124
814
194
187
468
1
222
539
172
133
202
2317
2
584
13
316
0
0
0
128
620
0
0
1178
581
0
259
77
55
0
0
0
0
15
167
126
83
1224
26
431
3697
1832
67
33
2394
247
1056
62
0
42
0
1172
418
0
0
1949
864
1579
2205
361
522
3
274
1073
1311
344
0
425
557
23
50
0
116
0
64
159
1101
508
29
1742
31
0
178
663
2847
0
928
1242
35
329
0
0
1302
218
15
502
0
220
1760
366
285
171
921
169
1
153
707
0
0
0
0
220
53
1775
1262
958
1763
1914
98
769
404
353
1559
1625
3545
529
2645
0
0
1654
0
863
252
259
2
132
157
2
1
0
858
1
1110
97
351
3
30
424
0
19
308
1
306
3462
684
0
0
5
0
152
520
115
175
2887
409
0
888
2
1799
9
1208
4721
5
120
543
1800
1
1
0
0
45
0
1
0
0
10
491
680
240
963
725
208
435
195
337
147
256
64
22
3
1103
15
1
161
187
2108
0
139
212
481
422
1373
4347
533
13
168
171
229
170
823
996
579
190
31
597
188
699
77
787
770
543
15
40
0
1027
481
0
0
727
0
1
6
2243
219
1157
3478
2
167
84
596
25
149
202
79
574
3
94
0
4
0
2848
1
73
29
52
132
0
50
43
6
0
1
954
641
4659
256
1791
223
0
616
2267
29
1076
875
4175
83
227
214
1
41
70
587
4838
618
370
838
290
159
84
71
38
503
3
3
240
61
0
1
256
0
62
1
0
1
1065
146
0
159
0
9
242
175
476
0
2653
359
3
1136
1
0
2956
1
0
0
0
0
0
0
10
0
0
171
69
0
0
397
208
277
2
655
381
55
3
58
417
246
65
131
8
3
0
155
4473
684
3155
1
638
2398
160
0
236
133
385
3
183
1166
0
451
0
211
143
0
2
1318
158
333
440
101
419
767
75
94
119
9
210
1116
652
5
334
357
5073
2327
154
696
220
3
0
20
1348
1205
634
1071
764
375
491
31
138
260
758
7
4
197
0
1
323
257
338
996
313
2
0
7
94
1490
61
601
9
2377
566
20
0
141
1065
1213
312
548
0
1500
3487
1503
7
1326
1
3
0
1442
3
424
1103
144
204
86
129
44
126
7829
727
109
258
3279
601
1
1
4
55
37
97
222
452
3
0
0
0
1850
2
564
0
0
0
0
0
0
0
0
0
358
603
1444
593
67
73
135
1
513
655
0
1260
2179
0
1669
5
379
721
198
1852
1210
835
2
56
742
325
615
1035
24151
291
155
6
580
513
1046
0
1627
2586
2404
764
34
846
45
260
872
1459
574
478
189
354
31
678
126
1
0
2134
53
225
1042
131
18
156
97
435
192
10
415
102
20
73
1539
629
1
1314
3751
98
38
205
242
194
1261
87
0
11
1082
0
210
492
130
4078
398
782
104
570
0
0
392
472
97
437
411
45
385
2
178
7
89
472
655
440
0
326
1937
3
0
2
11
1133
16
0
3216
0
1311
4000
574
62
138
1871
111
518
1552
564
1234
237
133
0
0
0
0
442
20
2317
9582
1
669
152
1262
2657
482
136
466
956
417
314
886
204
293
148
61
3
853
1317
8
228
486
572
521
555
1039
39
159
0
802
853
954
215
2015
195
101
2114
2818
0
1
462
73
2162
416
120
264
268
41
240
178
359
2784
1
0
0
228
612
1879
0
3
787
3706
142
51
434
6
236
868
27
9
251
266
0
550
134
278
107
284
215
59
2389
0
1
599
289
503
151
236
1335
792
96
50
8
465
615
0
1
15
6
1014
0
951
265
195
0
3802
77
183
1509
667
119
233
0
132
959
138
11
154
0
380
48
88
98
219
799
0
298
0
670
616
814
251
420
356
424
45
290
486
519
156
0
1056
9
1537
626
10242
36
1225
83
241
3210
2081
312
97
143
2083
1025
141
118
586
2207
11
119
0
1358
829
109
104
189
800
247
119
572
950
194
1379
361
594
211
691
111
144
55
189
159
184
206
744
1944
457
134
153
89
569
0
45
0
545
982
95
406
505
92
336
553
0
359
269
1871
0
27
6
5
44
920
145
542
473
81
0
200
3166
3115
0
3
226
0
14
849
307
337
351
87
18
1015
6
459
85
184
501
10
38
0
4545
24
134
4
462
1474
461
412
0
0
225
173
2
208
210
0
498
374
1415
6
237
950
135
173
1545
38
329
295
351
0
280
332
472
111
1
167
306
325
633
156
55
94
17
341
66
4
6
1
0
0
2
124
21
0
31
7
821
817
492
855
297
156
1108
209
0
0
90
565
0
160
1747
947
88
479
68
1536
0
0
0
0
0
0
0
0
0
0
0
0
0
0
0
0
0
0
0
0
0
0
111
51
428
143
258
38
1917
250
1885
540
21
51
4277
301
1209
149
506
457
0
586
6029
346
910
1650
15
0
305
22
1
55
16
29
575
57
147
596
39
216
45
72
53
1
232
0
0
2425
0
673
702
2
879
689
0
15
182
445
347
897
0
483
420
230
232
350
1724
61
330
0
950
270
469
69
20
37
234
143
1671
0
380
926
294
110
293
554
133
788
708
276
1519
852
632
467
1126
79
3
1918
9
321
0
1147
1030
2
1262
0
3793
845
17
93
0
0
0
0
0
0
0
0
0
0
278
328
304
154
174
9
0
194
0
0
0
0
0
0
0
0
1
0
0
0
1449
387
24
28
30
29
0
1581
449
107
749
88
0
104
3
143
529
339
33
5
0
47
57
12
0
2
37
2
215
286
772
3
203
0
113
376
0
735
407
50
2
0
494
0
166
0
0
0
7
0
0
6
0
50
0
0
0
0
0
0
0
0
0
0
1
0
0
0
0
0
1
1
2
220
133
26
0
3
100
0
2
9
7
1
3
0
0
24
81
51
1073
15
0
0
0
0
24
0
0
1
0
0
7
2
0
0
2
0
0
11
0
0
0
1
5
84
0
0
1
0
0
0
5
33
0
1
0
0
1
1
0
0
2
7
0
0
2
23
2
1
1
3
0
0
0
0
0
1
0
5
2
0
1
1
377
2
1
8
33
10
5
0
0
0
0
0
0
0
0
0
112
1
0
2
46
3
96
197
14
10
1
0
6
17
1
0
9
0
0
0
1
0
1
0
0
0
0
0
0
1
1
0
0
0
0
0
0
0
0
0
0
0
2
0
4
20
840
0
17
0
0
0
0
0
0
0
0
0
0
0
0
0
0
0
0
6
0
0
0
1
3
0
0
0
0
0
0
3
0
0
0
8
0
0
2
2
0
1
0
0
0
0
2
0
0
1
57
10
32
0
0
0
0
0
0
1
0
142
30
1
2
289
15
5
13
8
0
0
8
12
286
0
0
9
2
3
0
1
23
0
2
3
4
0
0
3
1
2
0
149
0
43
2
0
2
0
0
0
3
0
0
0
0
0
0
2
0
8
0
0
0
0
0
0
0
444
0
2
0
0
23
1
93
1
37
0
47
151
234
7
0
233
3
0
0
0
493
0
0
1
29
23
0
5
0
0
0
0
0
0
0
0
17
0
0
2
1
0
0
0
5
0
0
3
0
4
0
0
5
20
0
0
0
1
142
0
0
3
1
0
0
0
0
0
66
166
0
0
0
0
0
2
33
14
13
2
0
66
0
1
3
0
5
1
0
121
0
0
0
0
28
3
0
177
104
3
0
0
1
2
10
0
7
0
77
97
2
13
10
0
43
0
0
1
0
0
0
0
0
0
1
0
0
74
4
2
0
1
0
0
0
4
0
0
3
17
1
0
0
0
0
0
56
0
23
1
17
9
20
72
18
1
0
5
1
24
24
121
0
38
0
0
0
0
275
0
63
92
0
64
83
0
84
0
17
1
4
314
18
0
8
4
0
19
48
6
4
0
43
21
80
1
0
40
22
94
1829
167
28
9
535
5
3
2
1
91
0
13
3726
7
0
4
21
3
46
41
835
832
11
4
14
6
0
0
3
4
2
48
20
1
2
7
65
4
52
114
207
4
3089
142
11
13
240
3
668
10
90
153
16
30
28
2
41
0
0
127
22
1
2
0
6
166
59
0
17
258
281
97
0
0
3
0
61
6
32
10
155
239
42
0
0
7
51
23
148
147
13
114
0
217
23
0
1
352
0
45
0
0
0
8
0
0
0
9
41
54
6
26
252
11
61
11
0
1
265
1
0
0
0
1
154
1
2
455
7
4
0
1055
0
0
1
3
533
33
15
8
0
2
0
20
0
0
0
0
0
7
1
0
0
9
1
0
156
1
2330
554
116
23
0
0
0
2
13
1
2
3
0
240
9
166
47
196
6
0
9
49
10
12
3
0
0
0
0
0
0
0
0
0
0
0
0
0
10
126
76
7
3
45
17
473
2
0
12
0
0
1
0
0
5
0
0
0
0
0
0
71
0
4
63
223
675
529
257
254
27
0
742
6
40
6
1090
0
2
244
615
76
101
230
944
116
367
200
262
0
271
277
6
6
4
0
2
0
1
4
2147
0
13
0
5
56
50
41
6
0
534
0
184
23
6
0
0
2
0
1456
0
1
122
114
0
0
0
0
1
0
835
0
0
0
160
2
1230
610
18
1
700
0
608
9
530
122
42
31
6
63
32
880
144
392
50
2
164
58
775
286
568
20
148
337
1307
504
1
1512
258
366
93
30
2004
570
1713
304
144
0
0
6
10
227
1
314
775
0
10
573
6
0
2257
0
0
0
4770
0
0
0
422
0
0
0
594
161
0
416
773
481
525
778
344
52
1
66
0
1553
261
18
188
126
71
59
251
1
0
1289
664
0
186
0
76
405
257
11
799
277
260
921
595
87
145
682
3
4
2375
105
791
775
246
779
512
77
5
256
145
470
493
513
1236
837
468
1830
306
1835
1310
4926
172
0
0
0
583
0
415
1041
94318
232
384
381
1144
492
9394
57
117
330
0
2104
1
306
541
0
1
641
1
1844
0
0
9
1936
215
439
0
1238
366
66
137
1
0
1066
557
0
855
387
813
432
46
752
58
119
17
1
56
241
764
257
252
1040
10
141
359
933
25
199
10
1330
120
365
2108
238
1197
28
547
0
1296
15
100
61
2856
262
1184
789
1986
7
59
9477
98
2
5
3
3
20
859
199
1313
1
674
827
11
49
1558
146
842
396
1
1
252
0
181
1845
1990
852
726
1235
250
641
1912
356
986
2241
22
556
927
206
219
752
4615
704
2948
639
0
1
81
10260
7
0
1437
259
4
5
126
445
981
0
3
2
1
894
631
271
2
916
112
8
54
892
379
415
430
122
130
315
224
159
699
564
324
904
0
267
0
167
423
10
1
83
2
7
2849
5358
97
153
2258
1
3430
448
1786
6
336
533
3
622
98
6040
808
247
282
19
576
4
304
53
293
0
91
0
1
337
0
63
212
41
1
21
209
1
25
0
5
11
25
267
2
103
53
431
0
0
0
0
0
0
0
0
0
31
0
0
0
0
150
0
0
0
0
0
0
0
0
1475
0
0
0
0
0
425
0
0
0
392
0
0
0
973
0
7
0
255
14
1
10
0
8
0
477
3
0
0
2
61
1
113
0
9
0
6
0
24
1602
328
728
115
147
1002
174
945
81
582
820
1
148
0
31
0
0
0
0
2
191
85
0
0
666
0
1605
0
7
43
1
0
0
2
318
56
38
0
7
103
787
894
110
4
0
1
2
72
268
11
12
1505
474
291
1944
0
1428
1691
2
187
2763
139
550
0
175
1239
1214
265
358
3
2293
0
134
0
824
20
582
598
19
0
4469
701
1
189
37
3
0
0
9
0
0
827
0
699
47
291
2454
2
47
5
2
14
2
0
37
115
605
362
325
143
2
55
3606
120
0
5047
10
120
504
271
175
0
1840
53
56
90
0
0
397
0
122
0
0
0
2171
1
0
0
539
322
451
46
75
3599
66
1074
243
471
292
0
5
3355
4
0
0
621
2
0
0
93
326
1211
2100
206
567
1411
1280
1335
10
0
29
356
0
4
1055
1157
206
528
547
2159
44
297
241
9
327
680
0
0
1
2377
0
0
60
61
633
263
132
309
39
529
319
21
0
0
0
749
5299
6069
1438
0
517
963
288
188
978
771
131
0
4
0
0
89
0
0
330
868
2
797
733
524
589
676
402
57
2505
1990
97
3174
1047
1040
718
21
593
391
692
81
147
1
7
170
2143
227
617
25
20
967
51
28
0
1356
0
1008
23
50
9
213
118
1287
178
5955
155
26658
86
1
1500
310
717
1311
407
137
1281
194
286
0
426
2409
366
38
891
271
0
936
2
2
0
2
1
58
0
5
1
510
245
79
213
2395
18
379
722
427
8715
1
0
454
2031
1034
100
415
580
81
670
183
108
924
162
60
579
3
0
1
0
0
0
64
452
200
0
63
49
718
421
688
360
662
55
76
742
715
138
1118
110
66
395
12
24
0
0
0
16205
289
2035
967
1565
1097
2444
494
6566
13
31
217
0
138
3214
55
686
17
7
0
417
567
593
570
5
4035
349
1139
1433
11
46
1
1069
94
0
84
1252
311
275
199
0
171
250
10
5687
474
1107
26
578
314
429
930
382
0
811
4
31
58
222
468
8
344
300
0
681
237
799
20
813
532
460
1
1
4
5
3674
0
256
135
1
0
6
708
51
0
32
33
145
1
308
48
103
196
2654
946
93
372
23
367
325
1756
650
201
862
1449
52
5
0
0
0
0
0
0
0
19
141
651
483
233
333
411
407
647
0
616
2790
715
30
4326
1
760
189
0
378
1332
679
0
0
822
435
1562
896
97
302
10
114
1
4
687
90
1358
504
357
2356
70
57
397
1544
500
14
881
48
407
8
320
215
155
264
521
0
0
2
2
2
34
29
17
97
106
1906
6
598
420
645
337
245
1
489
56
947
68
1064
354
610
451
51
1
172
9
87
22
2072
995
464
15
420
2342
276
1
2
23
934
234
11
174
0
586
0
0
0
0
0
0
0
0
0
0
0
0
508
166
2737
35
0
0
47
102
0
0
3
0
2
11
0
0
39
5
25
0
11
0
0
38
4
0
3
5
0
21
0
0
0
0
0
0
0
1
0
6
0
0
2
145
0
17
42
14
0
1
1
0
0
1
0
2
4
2
20
0
1
0
5
12
0
0
1
0
0
3
0
10
0
0
4
0
228
4
0
56
4
7
103
0
7
1
40
256
1
20
1
44
0
0
0
0
0
0
0
1
1
2
0
3
2
0
0
0
0
0
2
0
0
0
9
1
0
0
6
0
1
0
1
1
0
0
16
2
0
0
0
1
0
5
9
0
0
65
0
1
0
0
32
74
1
0
0
1
0
1
0
0
0
2
1
3
0
0
0
0
39
80
2
3
5
1
0
0
0
1
0
7
0
6
8
15
6
3
3
0
0
33
0
3
3
63
0
0
13
154
82
1
0
0
0
0
0
0
9
5
0
0
0
0
10
0
6
4
0
1
0
0
65
9
3
0
0
15
2
186
4
0
0
41
1
0
0
1
0
2
15
27
0
0
0
0
44
0
1
3
4
0
3
367
0
0
0
0
0
0
1
0
0
0
1
2
1
1
3
0
0
0
0
0
1
10
70
7
2
0
0
0
81
1
0
0
0
12
0
2
5
54
3
1
1
1
0
0
0
3
8
2
25
43
0
0
0
24
0
0
2
0
0
0
1
0
0
0
1
0
0
1
6
118
0
20
82
0
0
26
6
2
0
80
0
2
59
89
51
51
2
4
0
0
220
215
87
17
48
13
0
0
0
0
1
0
0
0
7
0
0
3
2
7
97
4
6
181
0
2
5
85
53
74
3
0
0
0
5
2
1
38
1
3
28
13
0
0
0
1
0
0
1
85
0
0
3
0
7
41
88
1
1
1
12
387
2047
5
2
0
35
1
0
3
14
94
4
0
6
7
118
23
18
1
180
6
204
523
4
0
76
2
14
3
0
19
157
28
57
0
103
0
2
0
0
39
7
1
88
55
49
176
0
0
0
4483
0
70
78
0
32
3
319
0
1530
121
0
0
773
78
1
435
3
1
83
589
145
2572
5
62
772
5
442
15
159
13
0
5
87
3
48
190
0
11
25
0
0
0
0
50
0
0
0
0
1
0
0
0
2
10
2
0
0
85
378
0
0
0
43
23
4
274
27
7
4
31
35
0
1
2
150
0
1
0
0
0
1
0
0
3
39
0
1
12
2
0
55
2
8
18
0
121
0
1
0
2
6
1
6
0
448
0
1
1
0
0
0
1
11
125
91
0
1
452
4
4
0
0
0
428
36
14
444
342
1
4
205
0
277
1431
87
0
54
27
481
807
601
108
128
3
18
0
0
836
91
223
303
321
786
0
1026
232
2
148
16
76
224
384
7
666
213
422
1
1761
16
116
7
0
32
0
0
616
0
368
0
0
1
0
6
0
0
1583
9
149
8
2
0
0
45
0
144
0
0
959
0
0
0
4
814
38
4
3770
0
346
104
1882
0
0
2
817
9
550
77
13
258
9
0
2
15
0
1
127
66
0
114
256
41
0
1
19
0
244
145
251
0
2650
9
266
11
1
265
367
17
0
10
0
523
6
435
2
174
2
0
0
0
1613
0
545
0
0
6
0
536
0
846
0
543
0
354
0
0
0
15
0
0
0
1
362
0
0
0
0
0
0
0
15
659
0
379
10
0
22
35
2876
64
1247
63
1979
826
1
0
0
4
3
0
2
81
1
0
0
362
2447
425
40
0
28
0
50
2079
15
1
1
0
3
0
0
2
0
0
0
1721
0
0
0
0
0
0
9
448
3
0
0
897
276
21
755
547
199
4
68
5
121
200
2
124
55
329
132
630
875
296
694
2
190
0
22
13
653
0
0
2855
1383
4127
287
90
75
4146
321
284
218
185
66
0
0
1
470
0
173
751
0
0
274
0
801
1
0
2056
97
2185
189
1088
262
245
1
0
30
706
1
0
0
19
660
179
3946
580
27
22
45
8
52
2
437
142
274
29
372
554
125
309
449
896
379
829
38
3
3119
0
0
0
0
7
0
719
366
370
0
31
160
0
2253
360
0
0
0
0
0
1
1
0
0
0
0
0
0
0
0
0
0
0
0
383
0
0
0
0
20
0
32
0
0
1
0
0
0
0
5
0
0
0
0
1
0
10
0
298
312
0
5
629
1388
148
8
667
205
330
159
927
8
167
181
895
488
0
300
68
545
100
277
14
69
81
3032
59
440
384
463
51
496
881
0
4
848
3
2599
994
4
18
999
8423
1218
276
254
363
74
109
1
2
190
806
0
2
279
254
90
1
351
1544
11
19
3
3
210
0
2828
5
722
131
1015
14
292
381
0
23
17
132
1021
430
30
780
43
135
323
336
115
1275
172
138
10
133
597
9
942
66
332
722
880
28
1391
191
294
283
232
0
20
207
8
44
1651
211
388
164
0
1845
413
544
786
32
1315
96
717
811
2072
195
742
500
17
0
1507
111
561
2
148
1
866
30
1968
54
130
311
512
4
534
5
250
102
1065
344
6
55
986
599
85
17
249
6
857
1599
464
51
24
146
15782
5
457
2
692
1
13
26
1568
20
29
0
192
2872
1024
127
62
391
568
0
0
11
290
28
41
2217
2439
2009
184
66
282
22
7
680
16
502
62
359
24
745
737
671
1882
280
324
88
111
5409
8
320
8
29
103
29
679
434
1
70
842
777
3
11
719
291
0
39
0
844
0
0
0
0
0
0
0
0
0
0
0
0
0
0
0
0
0
0
0
0
198
0
0
282
201
758
306
0
0
0
0
0
250
0
91
101
0
0
0
679
0
125
734
293
1217
29
350
0
0
0
0
0
0
0
0
0
0
0
0
322
0
0
379
0
2
0
0
0
0
0
0
0
0
0
0
0
277
0
0
0
0
0
0
442
253
0
0
0
0
0
161
0
0
0
1574
0
5664
173
189
0
1916
423
253
1
162
315
354
192
911
0
523
0
0
545
6
0
0
151
729
179
0
0
287
0
1
0
2
2
573
0
0
0
2
1
139
0
0
717
6
1337
403
424
224
18
2904
216
25
74
40
708
73
62
308
499
335
524
161
1
1613
3
1430
238
891
155
47
110
1
33
0
679
154
199
6
37
587
1860
49
1362
333
55
85
63
35
1
219
1
12969
1
128
59
4
185
16
153
79
115
0
37
225
0
305
78
99
0
40
0
449
311
196
3
552
311
108
0
603
0
22
0
40
197
0
9
8
1
349
2601
1230
348
269
153
455
299
0
140
8
1
441
1
12
0
0
0
0
6
0
2468
285
287
334
0
241
0
5
1161
270
45
33
57
0
30
316
133
2
0
0
3
2
0
1399
0
0
337
6
0
1046
510
2327
1155
17
181
49
1997
1321
149
3
0
60
0
0
4068
0
0
0
0
193
788
851
140
0
0
0
1
0
923
1
479
0
0
1
1776
260
0
56
0
493
38
0
66
0
0
0
423
0
228
0
654
0
25
0
3904
21
0
0
304
0
1
145
1997
0
0
0
187
1774
31
0
1
5
0
0
611
4
0
66
3269
6
1
0
215
37
0
6
1482
1
4
98
175
139
565
203
393
3
0
1518
1
0
2385
1
430
3
35
75
388
470
571
22
141
793
90
1156
0
0
815
332
29
1077
0
0
2
628
250
367
372
765
0
0
20
0
44
65
0
2004
1200
270
101
0
18
820
157
128
0
55
1
2164
785
0
0
44
0
0
47
0
138
0
486
375
40
0
550
0
1157
3794
430
2
289
1
406
459
89
584
0
297
71
0
6
521
31
1516
15
6
344
282
205
738
6
0
1
126
647
129
0
640
1153
0
2059
0
1
8
0
0
31
358
0
0
0
0
0
0
0
0
0
0
143
0
12
18
58
3
2141
458
0
49
28
1
39
8612
90
0
255
178
5
790
359
152
313
4
23
235
0
1326
2
434
10
13
4
733
635
1102
479
7
0
0
0
0
0
40
0
0
40
111
0
0
0
0
0
0
0
0
0
0
0
0
26
0
0
361
0
0
0
0
218
0
367
5
10
0
0
227
0
0
182
0
0
587
780
740
7
0
809
391
50
1314
1803
728
982
493
157
1399
569
751
1121
103
23
30
0
141
245
2437
3
818
526
1
56
20
977
553
77
0
63
9
1652
353
135
203
327
0
59
406
4015
1694
4108
47
0
0
10
0
1
49
1
1144
312
2
95
5
1668
1132
0
0
1
0
0
15
485
18
8
1
1
2
547
0
384
485
0
0
0
0
0
190
2
0
0
0
2721
0
1
654
0
0
0
0
0
134
66
1
0
0
0
0
0
0
18
15
0
3400
0
1
0
6
42
1
0
0
0
0
49
982
886
128
0
0
127
1069
561
522
2531
498
388
45
581
838
181
5
0
1
253
1192
1251
341
372
0
22
1364
530
15
800
238
0
0
3
0
0
0
0
0
0
24
0
0
0
0
78
0
3569
4
2
604
4
3
477
1
0
701
421
77
37
106
683
0
39
65
261
0
248
65
219
367
1158
789
81
170
426
1402
7
25
20
160
28
185
2
2
0
5
0
0
2
2
559
1104
74
609
3
0
0
69
1035
134
139
1
0
0
3
627
265
0
28
37
949
1
5
486
1
429
125
179
703
179
10
0
258
0
72
0
154
190
203
143
146
97
492
502
555
289
153
4
2
43
0
938
0
722
184
0
365
137
33
73
1155
0
0
0
28
0
0
0
0
0
64
0
0
0
0
0
0
0
0
0
0
0
1
84
3
0
0
0
0
0
0
6
0
6
0
1062
0
0
0
378
84
0
82
1035
601
2795
300
89
5
1523
479
28
10
31
5
442
486
1181
527
6
12
13
0
64
54
722
1
237
222
2154
7
219
22
313
549
45
0
9
784
11
49
0
1
66
514
33
0
0
0
0
0
0
0
4
0
0
0
0
2284
0
0
178
4
0
0
0
0
0
0
1
0
0
0
3
0
22
0
59
0
0
0
1
0
0
0
0
0
716
1
0
238
20790
1
625
45
0
2
535
203
116
984
269
1033
327
0
35
212
157
180
343
37
353
12
0
0
133
1
1
2
127
2
0
0
0
0
0
655
232
987
335
4
777
259
2
138
646
1524
498
0
856
16
8
2
586
859
2174
171
215
616
153
1476
1298
562
1218
254
170
0
0
372
0
215
235
272
282
117
34
38
231
188
134
135
0
2
120
1331
0
11
0
50
1
50
54
0
713
834
1453
636
4
0
332
38
0
815
1144
1589
61
29
185
327
81
23
0
1
211
613
324
5
0
0
22
0
0
0
3
0
117
0
0
0
0
0
0
0
0
0
0
0
0
11885
42659
1
19
0
0
0
0
0
0
0
0
0
0
0
0
0
0
33
0
0
127
1099
690
2374
3
696
6
1137
545
0
0
363
697
180
488
1402
56
1856
100
1033
906
41
11
1
6
1014
400
2166
700
179
2
17
190
1078
895
19
5
2
1067
54
3
507
20
513
362
498
5
93
278
86
0
320
39
144
1030
0
0
688
5
32
4
14409
2
166
49
2
48
382
6037
403
0
545
1
909
332
84
34
429
0
4
5
844
70
78
245
0
1
0
0
3
1
0
0
0
43
0
150
66
91
1
22
1083
570
217
0
823
9
102
86
1480
1343
0
4
13
0
0
0
0
65
1213
30
445
5
1140
0
140
120
186
1079
787
332
398
440
139
176
214
803
207
0
637
233
67
2
19
0
38
125
55
1
85
14
306
64
240
28
252
51
111
34
0
6
1
0
219
405
73
42
528
6
16
0
1666
52
19
246
222
2
0
4
0
0
0
243
7
0
113
4
0
0
0
0
0
0
0
0
0
0
0
34
0
0
0
1
0
0
0
0
3
0
0
0
3
0
0
0
0
0
0
0
1
0
0
3
390
1
145
174
651
480
991
93
683
801
103
21
0
0
0
3
567
10
367
1828
2
683
103
240
61
33
554
19
8041
578
100
189
299
1
0
0
22
0
89
0
89
10
193
507
202
6
480
49
267
141
58
2078
81
59
0
0
0
4
0
0
0
0
0
0
5
5
3
0
0
0
1
0
608
0
0
0
0
0
1
0
0
0
0
0
2114
0
25
30
7
0
1
0
0
0
5
0
4
0
0
0
282
0
1
0
1
0
0
9
2
17
0
4
2
0
0
2
4
5
7
5
1
301
0
0
18
373
9
2
0
78
0
0
0
0
1
0
0
0
10
24
18
0
0
0
1
41
168
5
3
7
0
0
0
0
0
0
0
0
0
1
1
0
23
1
0
1
1
6
0
33
13
0
0
0
1
1
0
1
0
0
0
0
0
0
0
23
0
0
0
0
0
0
0
6
1
2
0
1
0
6
0
0
4
20
0
2
0
2
0
0
46
175
0
140
0
0
0
0
0
0
0
1
7
23
31
0
0
0
2
24
2
0
18
0
3
0
4
2
0
26
0
1
238
0
22
0
2
0
14
0
87
21
1
305
2
1
0
0
0
0
6
0
137
0
0
5
36
17
6
1
9
117
4
163
6
0
1
0
0
0
0
1
8
96
10
4
0
3
3
2
2
0
1
0
17
19
0
1
2
1
0
3
0
0
1
1
18
0
1
3
14
0
7
3
1
0
9
0
5
0
0
0
3
12
0
0
0
283
1
0
28
6
19
37
1
0
38
4
0
4
344
29
5
0
0
15
122
0
37
0
28
0
1
4
9
0
17
1
0
0
5
19
0
1
36
0
0
0
126
0
0
0
0
3
7
0
0
8
56
0
6
0
1
0
0
8
0
0
26
0
36
8
35
0
1
0
23
1
578
1
4
0
0
0
0
0
0
0
0
0
0
0
0
0
178
179
2
40
0
0
0
0
0
0
0
0
21
2
0
83
8
0
0
0
0
1
8
1
110
4
7
2
4
0
23
0
0
4
4
0
6
0
77
472
0
1
0
54
0
0
0
0
0
0
0
0
0
1
0
0
0
0
0
0
0
0
1
0
600
0
0
0
0
0
1
0
3
0
3
0
0
4
548
56
1
0
1
0
4
1199
22
3
0
21
0
13
0
0
0
6
2
1
1
0
0
173
1
11
0
1
12
12
414
1
0
58
3
581
84
7
1
2
7
0
110
467
8
293
5
172
6
73
1
5
45
3
301
129
16
1
306
0
928
0
0
3
11
2
0
2
6
0
2600
10
0
1
2833
4
495
65
7390
0
14
80
930
5
7
0
61
0
11
158
224
34
57
0
293
1
145
396
0
0
0
0
1
315
1
1
11
5
18
8
4
132
3824
23
288
13
63
0
195
179
93
0
11
122
52
0
2
190
75
0
0
3
15
92
22
0
6
1
0
26
97
0
0
1
10
1
13
77
10
9
2
0
0
0
0
0
2
0
0
0
0
8
467
0
0
0
4
0
0
0
0
0
2
15
0
221
0
2395
247
39
0
0
6
245
16
3
0
102
0
0
40
34
165
116
0
0
5
361
2
2
1
9
26
0
0
0
9
0
1
0
0
1
1
0
1
0
65
1
13
14
1
0
39
1
6
1
0
0
14
0
485
0
0
15
0
33
1
1
165
105
58
0
7
12
35
9
108
0
1
3
26
0
0
0
5
2
3
0
0
39
9
1
1
1
26
1
25174
5
0
0
1
6
40
89
0
9
1379
7
3
1
0
0
171
0
4
37
487
1471
215
10
2022
58
1234
124
107
256
1
80
0
307
4
329
0
0
972
0
0
0
246
239
489
127
154
222
0
290
961
5
794
0
22
202
0
337
483
626
313
10
320
7
292
127
35
475
2
278
370
729
345
1388
7
625
886
176
229
53
0
1
366
3
99
704
590
1130
348
585
285
331
609
250
103
403
335
10
106
1878
600
466
392
86
6
0
428
1
57
1141
673
0
259
1
325
5
226
1
536
0
267
506
1164
408
797
223
221
995
918
6455
42
765
2
320
1333
216
141
577
70
1822
277
951
98
1632
639
3104
2901
113
117
0
292
51
66
6258
932
1
252
855
809
0
476
5093
862
1977
200
0
4
1
93
2754
1
1160
1
497
386
342
307
684
310
460
315
2
286
74
1924
1003
176
32
56
125
1737
0
463
200
196
837
907
497
0
67
4130
672
59
276
447
204
144
208
232
2328
14
680
0
6
183
124
491
67
433
29
4
0
210
618
203
271
159
346
100
307
421
2
0
0
0
0
0
15
0
697
0
0
0
0
0
1
0
4
27
1799
8
359
11
0
1
1
551
0
0
0
0
0
0
586
0
0
0
0
0
0
0
0
1479
0
0
0
0
0
0
410
0
0
0
0
0
0
0
0
57
0
0
17
0
26
0
0
0
0
0
0
0
0
0
1379
56
61
249
0
0
243
797
281
439
95
90
640
186
2356
162
339
0
599
205
346
0
11
214
58
889
0
133
219
262
414
2155
911
0
75
0
100
427
949
802
1096
2
190
1
2
1313
2780
280
491
0
0
437
0
226
1285
285
212
1266
1308
448
153
171
865
47
805
231
160
115
663
2
265
3
289
219
430
1690
35
513
3
0
0
450
672
120
60
218
0
406
5
417
469
14
336
66
253
110
265
172
1159
652
14
2
420
31
989
1586
111
0
0
0
365
312
0
0
100
243
2
83
0
1289
673
290
0
227
26
556
4616
56
2181
94
328
391
1713
632
38
90
2
8
466
6
679
332
690
62
2776
447
67
0
3
122
432
134
1412
3
281
1013
6
34
0
357
124
463
817
98
213
62
144
431
633
0
8
1777
1729
0
682
1169
226
3
1
544
1073
3
2144
1142
7
1596
0
312
542
443
171
2
13
291
0
7
716
1
4102
108
199
24
3232
1
0
226
875
510
323
244
0
0
50
326
108
22
2192
552
2
145
12
6
594
157
79
288
196
1200
601
131
38
281
34
401
328
491
800
104
56
1046
215
0
6
8
129
722
88
395
103
567
869
276
264
601
1072
1108
831
73
643
2130
151
132
1056
67
91
0
209
461
80
382
1538
10281
131
2
34
62
880
138
111
132
101
79
171
3751
141
481
749
434
376
439
10
508
15
0
22
184
1972
210
1623
1558
1388
164
14
11
441
1014
210
163
2202
247
1
75
25
805
712
1635
2
351
15
182
680
6
538
1
667
247
220
77
46
55
0
2097
1
207
417
799
0
0
898
587
264
807
2299
91
152
15
742
1353
216
0
5041
7049
578
2
2
537
1085
125
491
489
0
82
81
187
68
2475
75
7
63
0
495
122
1075
0
1924
0
0
168
1
0
0
0
565
1311
80
1031
199
246
153
2822
3
108
78
117
59
695
164
116
1071
1629
268
9
0
1004
3622
1446
23
555
230
264
566
0
0
547
0
269
352
135
137
96
132
611
1469
543
248
1343
38
118
237
381
3
32
64
206
419
450
45
295
5
209
6
696
554
341
178
261
743
1251
226
83
213
298
379
424
166
1437
1
372
388
90
11
573
438
39
1920
14
139
1
95
61
923
5
540
593
2042
792
503
4098
575
494
379
207
1113
3855
6
193
106
879
9
0
1
151
206
821
15
424
117
512
1
483
4
393
16
357
147
4
20
0
0
781
47
15
0
0
4
0
1
0
0
0
327
112
208
1
0
75
256
109
455
143
644
324
296
374
340
1604
113
16
0
581
899
1582
687
706
7
9
0
530
1913
2
538
28
8
795
53
98
1
999
0
949
180
26
763
93
965
109
497
134
115
2
1669
141
3
4926
450
1409
25
95
324
613
145
671
93
712
435
364
70
5556
9
0
147
281
394
64
48
0
152
307
251
87
680
414
0
3
60
1011
540
159
1227
737
298
1178
96
0
414
517
60
0
0
55
113
0
2
26
1666
263
46
9
592
419
0
1221
910
8
198
772
154
84
474
157
1219
132
470
3774
817
0
95
376
1607
1155
29
411
18
139
18
112
0
118
572
361
118
195
7
1
274
1
2
0
391
159
454
365
2118
2
0
302
923
349
901
2284
173
122
209
457
2266
732
12
186
1
1004
16
1
55
414
421
2
22
903
0
0
56
139
1762
20
317
187
0
0
0
1
2
0
1894
6248
431
679
0
0
0
1
335
707
966
17
1497
35
316
933
2110
1558
198
39
44
108
0
11
8
9
1
113
0
1187
0
48
0
31
2
0
0
0
0
1
15
16
25
1
57
0
0
0
1
10
5
1
1
1
0
1
45
2
0
8
0
0
1
3
0
2
3
348
1
5
0
24
1
0
4
1
0
0
11
3
22
21
0
0
0
0
31
0
0
178
8
0
0
1
0
0
0
18
0
0
0
0
3
0
120
0
0
0
0
0
0
0
4
0
1
0
0
0
0
0
0
0
0
0
12
12
5
15
0
0
50
0
0
2
0
0
0
0
2
0
12
513
64
0
0
0
0
0
2
1
49
1
15
0
18
1
22
10
0
0
0
1
4
429
0
0
0
0
0
1
20
9
0
0
0
0
0
4
2
10
0
2
15
0
0
0
0
8
188
2
2
0
0
0
3
1
0
1
3
2
1
1
0
0
2
0
0
298
0
0
90
0
9
0
1
5
0
0
203
0
0
49
43
0
4
0
26
0
3
0
4
0
0
2
0
3
12
40
2
7
89
7
2
0
0
0
0
0
0
1
0
1
0
2
16
0
0
1
0
0
0
4
0
0
3
0
0
35
0
13
1
1
0
0
0
0
0
0
0
0
0
0
5
119
55
4
2
0
1
0
0
0
0
0
0
38
0
0
1
0
0
0
0
0
0
0
0
0
0
542
0
0
0
0
0
0
0
1
0
1
282
0
7
0
0
4
24
31
0
0
4
0
0
0
0
0
0
0
0
0
0
0
0
0
0
0
0
1
1059
8
2
0
0
0
0
0
2
0
0
0
0
0
0
1
0
2
0
0
0
0
8
0
0
0
9
12814
96
0
30
4
4
0
67
0
1
0
1
2
2
0
51
5
10
10
4
1
3
0
0
1
0
5
6
5
0
49
0
2861
0
1
0
0
0
0
7
16
4205
5
1
40
3
1
4
1
3
0
165
815
0
2
1
3
31
0
49
1
2
4
2
0
0
0
0
8
0
0
0
2
4
33
27
1
10
66
9
47
242
125
205
3
1
0
5
57
37
148
1
55
0
4
1
0
13
2
24
1
78
2
0
0
1
30
16
8
0
24
54
1
67
2
91
2
0
322
0
0
0
4
91
1594
198
8
57
2
2
34
0
0
692
3
8
569
0
3
5
7
0
76
0
74
0
67
40
1
24
1
53
0
16
0
1319
172
9
0
3
17
5
64
127
99
32
0
74
1
28
6
17
0
0
60
0
12
9
408
22
7
1
8
279
246
0
21
58
308
346
15
1013
0
34
1
3
10
0
5
1202
2
1
7547
604
0
0
8
0
0
27
10
1
258
487
7
7
0
412
0
0
0
69
1
70
29
0
83
0
1
1
2441
0
828
391
0
35
38
24
29
0
32
0
1
1
15
6
57
1
0
0
0
0
2
0
2
8
0
0
0
2
101
1
6
1
1
1
2
1
21
11
14
1
0
0
0
0
1
0
0
32
1
0
0
298
55
0
0
0
0
175
897
1193
213
419
67
4
174
3
2
6
0
81
0
34
36
235
8
496
385
640
347
134
1286
1
643
471
2
5233
500
3
5685
25
1072
5536
1
66
0
1683
208
774
1538
9
231
1
1033
415
361
831
290
3
6
0
102
564
0
0
0
593
309
12
10
34
10
177
724
483
2
0
6455
358
572
2
1807
753
1013
107
856
562
258
147
288
10
271
2866
548
229
482
859
125
511
562
741
940
121
264
2050
348
712
7
44
28
506
86
70
439
392
130
1133
161
0
254
5
228
195
357
959
375
3
229
1244
287
29
0
400
1829
253
32
418
0
150
12
952
6
47
120
584
43
0
0
6217
761
3
445
1163
1952
227
166
0
48
5
205
382
33
42
112
717
188
5
252
0
301
139
117
1729
107
385
14
102
804
465
42
5
594
1373
0
258
425
1
2
552
329
36
186
254
295
2856
16
635
148
5
512
16
13
982
208
367
3
1527
3
71
27
412
380
163
634
566
0
752
1
0
138
0
1
1
0
2159
0
463
0
1
1388
0
0
0
0
0
21
1
0
1707
373
2
1
2
12
0
0
0
21
0
0
762
0
5
0
94
2
273
8
783
99
369
1149
0
3
0
0
0
0
0
767
0
1
0
2223
0
0
0
0
1007
0
2
0
2
420
1230
47
1362
0
0
95
0
0
40
0
0
0
3
1
0
111
1
0
0
1534
84
0
7677
221
628
503
157
263
3293
351
0
162
325
84
0
0
50
1799
34
11
262
194
770
42
344
7
450
93
61
556
978
1
174
278
74
0
1
395
234
0
731
8
1409
17
5
339
617
8
0
330
795
220
4
476
70
223
492
1692
101
43
474
150
3838
1601
946
290
3283
3
2
16
595
88
0
1634
16
119
153
13
9
484
4160
73
2
1
48
3
0
448
520
292
823
489
172
16
0
406
15
971
39
1275
518
565
191
133
136
33
64
2193
499
0
368
132
364
3
44
1091
2
0
47
12
0
1570
3
0
12
0
484
480
1
539
0
0
0
0
0
490
275
839
0
0
480
0
0
0
43
178
1
0
0
0
2
85
0
0
403
0
0
1
0
0
3
2022
0
0
0
0
1
0
0
1
1
1150
1
231
5
1217
949
0
13
1003
616
284
3471
645
418
1371
500
1
238
407
2406
215
656
35
1824
16
504
192
54
356
0
733
425
13
170
310
71
1
275
410
744
1113
1136
600
187
434
1480
1352
198
1365
871
405
722
297
696
11
2632
478
209
8111
2
4317
19
27
26
4
0
6
160
109
0
449
2
9
4
10
377
33
0
0
0
0
835
0
1168
1675
61
458
1
0
3815
1076
349
747
0
424
733
793
88
487
242
8
0
158
120
10
765
626
4736
0
63
2776
1589
780
93
1158
27
2222
67
0
137
535
83
3915
1489
1866
1243
0
229
0
1558
1
687
0
1004
123
0
58
25
0
0
209
1
150
108
168
0
0
0
114
0
0
1
0
549
0
0
199
393
21
62
372
17
42
90
281
1417
872
2594
958
6
350
3632
42
474
225
0
327
13
1079
301
518
33
19
824
747
206
1638
615
768
775
2040
1529
2
2
491
385
405
470
471
0
1210
75
102
494
1099
535
229
542
20
20
1939
467
907
670
49
1045
102
98
51
70
707
0
360
225
284
405
886
2
37
0
0
108
79
0
430
277
576
4
0
417
218
92
353
422
138
584
0
16
43
1723
627
215
1718
16
334
196
840
3211
326
3765
1890
177
61
91
1939
0
326
171
9
108
513
655
0
266
10
564
9
344
0
1618
238
1
378
14
45
372
4
3
268
1
0
0
1
0
0
0
146
151
24
0
61
1456
0
1348
2
549
9
65
328
557
4
215
843
0
225
374
96
181
1547
479
363
1606
1327
1020
0
204
5
699
299
0
1086
3632
51
929
9
207
230
473
201
215
9
2185
1430
1282
4425
448
0
6
152
186
8
15
5
1129
372
689
569
975
401
230
0
952
314
347
0
1252
1209
525
1846
0
1346
844
0
1869
145
64
767
26
1060
88
52
1640
3843
3595
779
2178
1821
966
2
15
66
510
2129
1573
101
457
95
302
1
1
3708
905
229
172
942
124
1
0
388
1318
2620
1
502
6029
854
1383
916
3510
1369
1
18
107
157
206
11190
234
2
5
52
168
299
0
408
136
0
854
114
86
903
1507
469
365
530
4345
508
9
742
108
2420
678
273
2057
3754
11
453
1098
670
176
2873
1494
80
224
0
0
1280
339
755
521
3411
466
70
306
1675
485
194
336
100
2082
264
2
76
3
0
695
0
2145
992
179
19
5
216
46
643
673
2414
91
252
96
259
3
75
735
358
81
37
1223
755
15
104
0
71
34
399
1472
1607
943
1387
741
239
174
3601
638
121
1339
174
711
306
719
2467
208
793
121
1
23
702
295
0
0
42
233
983
0
212
157
311
3472
1816
1387
17
10
0
2037
173
398
434
1251
58
100
849
475
179
924
372
1768
0
2
0
0
0
0
2
0
0
0
0
0
2
1
0
0
0
0
0
0
0
0
0
1
0
577
261
9
0
0
0
0
0
0
0
0
1
0
0
1
11
0
0
0
0
24
0
0
35
0
0
0
0
16
4
0
112
70
294
120
9
0
36
530
413
953
0
7
264
192
0
854
379
184
630
29
202
344
236
1152
1408
33
1322
423
2
1056
83
0
3
1
5
2
0
153
0
0
1118
697
70
607
842
127
697
1679
20
124
1420
366
0
1294
0
51
817
402
254
213
150
110
0
187
2228
1
21
2
220
305
23
183
611
11
0
17
222
0
0
0
0
0
0
0
218
114
24
0
0
3
0
0
0
0
0
0
0
373
97
539
82
718
163
1122
192
0
0
0
43
0
1232
360
1562
347
0
2455
299
2
76
19
0
1
0
0
0
0
0
1
0
0
1
0
0
0
0
0
59
1
1
11
7
0
1
0
3
14
2
0
4
0
0
0
0
0
1
3
0
0
0
7
0
0
3
0
0
12
6
7
0
0
0
0
0
0
0
2
0
0
0
0
0
0
0
0
0
188
0
4
169
193
1
23
2058
2
2
0
18
0
1
2
1
0
0
0
0
4
0
0
2
0
0
7
0
0
0
0
0
6
0
4
0
13
1
0
12
0
0
3
0
3
0
11
1
0
0
0
0
0
0
0
0
0
0
0
17
1
0
2
0
0
0
12
86
0
41
13
0
0
0
0
35
0
0
1
17
2
0
0
0
0
0
1
0
45
0
0
101
1
1
3
229
0
55
0
0
0
0
0
5
2
1
3
0
0
7
0
0
0
0
0
0
0
4
15
3
0
3
2
0
1
0
3
0
0
4
36
0
6
4
0
0
1
0
0
1
0
14
0
0
2
0
0
0
0
0
1
202
0
0
39
3
17
1
5
0
0
0
0
4
0
1
3
0
1
1
0
2
0
10
1
125
1
0
95
0
3
2
2
12
3
0
347
131
0
23
0
0
0
1
12
68
17
0
0
43
48
5
65
0
0
4
0
1
0
3
5
0
0
0
0
1
0
0
1
1
0
0
1
1
0
6
0
31
9
0
0
0
0
1
1
11
0
1
0
0
0
57
3
0
0
1
0
362
2
0
0
2
0
25
1
0
54
18
19
0
0
1
0
79
0
9
3
0
0
1
1
0
0
6
2
1
1
16
0
1
1
0
0
10
1
0
3
0
0
1
1
0
0
0
10
0
11
0
0
0
0
0
0
0
0
0
1
56
18
0
0
40
0
20
2
0
2
12
0
2
3
23
16
3
0
24
0
5
4
0
2
4
0
0
0
182
0
21
2
0
79
0
5
0
2
24
4
0
0
8
0
0
0
0
0
0
2
0
0
35
0
0
0
7
0
3
0
1
1
14
4
20
1
0
1
458
0
0
0
0
0
14
16
14
0
0
0
0
50
0
8
1
0
0
0
321
0
1
27
109
3
57
1
7
33
0
0
1
0
3
0
0
4
42
41
0
17
2
9
86
16
31
0
4
60
25
14
36
0
116
76
142
0
33
0
32
0
0
3
0
0
0
7
0
4
0
3
16
16
34
7
1
1
1
3
19
10
6
2
24
2
2
17
5
1
0
23
5
27
19
1
3
12
0
43
44
0
9
46
280
1
478
0
304
341
66
26
0
39
73
1
12
1
544
101
0
1
0
169
151
0
7
0
1
29
1
1162
376
0
28
1557
0
19
105
4
0
109
17
141
0
132
0
278
0
2
6
108
14
68
42
0
149
12
17
9
584
14
0
4
1
155
0
2
15
0
1
30
1
1
0
317
337
9
112
0
3
177
0
1
269
0
0
2
0
0
0
0
0
3
0
36
34
82
13
0
0
0
0
4
35
98
48
1297
0
3
0
0
0
0
0
0
0
0
0
0
0
246
3
18
0
0
0
0
0
2
7
6
104
312
72
19896
32408
90859
57288
449
78993
90128
4585
1483
37481
3593
238
51321
0
558
0
379
0
558
1496
3
0
618
496
1
2
16
0
0
252
0
0
22
334
0
0
0
0
36
0
0
1
0
0
0
0
24
0
12
0
298
14
486
272
62
0
0
2
0
222
0
0
0
0
0
0
0
9454
337
1367
175
232
0
496
23
787
61
262
0
8
329
1
126
14
70
814
1
1640
255
269
108
55
1742
0
0
0
0
99
0
0
0
0
0
0
0
45
0
96
0
228
0
0
4
0
0
0
6
122
0
41
0
0
0
0
0
0
0
0
0
248
0
0
0
0
66
30
700
319
162
864
19
32
98
0
3
155
3
376
4075
847
130
503
5
67
237
746
27
155
175
381
0
333
0
0
88
262
501
374
175
481
4
2330
3666
17
0
0
0
0
0
0
0
13
33
0
312
1095
0
23
1164
4095
233
8
7
0
49
4
9
0
0
0
44
38
247
13
124
1195
83
113
375
49
171
596
0
392
15
37
0
617
4
50
108
346
145
428
11
280
26
317
0
0
0
0
0
0
0
2
216
4
4026
54
136
101
28
0
0
30
0
0
0
0
0
0
0
0
15
0
1101
0
0
0
25
0
16
0
2
295
103
913
0
198
3
3
172
1146
110
0
91
68
0
0
1094
188
127
288
60
188
10
14
492
1796
933
120
323
1589
0
0
1
0
113
566
0
0
1
9
106
2
21
0
0
91
0
603
216
2656
264
0
0
287
48
216
423
10
358
498
56
2
46
143
526
289
329
1
21
0
1316
4
397
51
327
0
593
284
105
2099
0
2
0
47
15
0
1271
0
0
1713
93
3246
1
179
116
572
199
73
340
315
177
1
15
3518
39
0
56
53
505
197
0
160
0
0
0
0
495
0
18
18
0
12
6
103
179
615
263
548
1069
28
2
698
0
11
1
239
97
186
313
80
0
590
784
588
1367
524
0
344
0
16
445
0
0
0
1034
0
226
0
16
0
2
6
1000
0
0
0
1803
668
0
0
0
0
0
0
0
0
329
0
382
126
1
1330
150
3
15
140
0
447
913
168
79
72
0
171
125
1507
0
0
238
56
1519
101
145
184
79
813
569
36
520
494
31
2611
90
3
0
0
0
0
126
8
532
0
1
0
2
0
0
0
0
0
0
0
0
1405
0
0
0
0
107
0
111
535
2
0
101
0
1
77
535
1
814
47
663
363
427
207
253
0
0
249
439
38
159
231
512
153
398
379
144
221
57
18038
149
0
171
262
724
12
0
19
5
32
202
538
3
239
52
664
1076
0
0
0
1887
1223
0
3
0
0
0
0
0
0
0
0
84
802
5270
0
5
366
707
464
45
1
450
1
35
377
2604
4208
476
8
1365
1017
1043
235
31
25
13
1
425
395
2
48
16
0
0
1
255
0
132
296
1
10
24
210
0
378
475
1612
22
0
27
36
65
400
0
49
682
0
0
0
0
0
0
0
0
0
0
0
997
0
0
14775
0
91
0
0
0
0
371
0
62
67
22
921
1
274
507
0
0
0
0
0
0
2
0
0
3
0
154
6
0
1
0
0
0
78
0
0
0
0
0
1
2
5
123
170
1
1
214
108
0
0
21
0
0
2
0
6
163
0
132
1979
143
84
729
174
613
69
176
0
1751
10
78
0
0
1
3
213
29
0
0
0
0
238
225
371
0
0
0
0
84
1
0
0
0
197
0
0
0
0
0
0
0
534
1
341
931
97
55
0
0
0
0
0
0
30
17
0
0
0
232
103
0
165
0
424
3
242
491
335
1203
207
148
0
0
0
0
0
0
0
0
0
0
0
0
0
681
0
9
1828
0
0
624
11
0
31
4
521
8
83
0
27
1487
0
7
11
0
932
0
0
4
45
0
107
2
31
142
0
155
26
548
506
469
15
558
203
72
1
0
33
17
1
0
0
0
282
66
133
46
0
0
0
8
37
0
0
2646
52
176
157
5
375
70
12
46
543
2229
18
787
140
1
0
207
2
0
261
0
0
0
0
0
0
0
0
2
85
0
1176
0
0
0
0
0
0
0
0
0
0
0
2
0
0
3
84
1138
0
250
1
584
0
0
25
0
0
0
0
0
0
0
0
0
0
0
0
0
0
0
1280
87
0
0
0
269
0
1960
17
38
78
187
74
577
0
45
0
0
270
597
0
88
544
1048
872
22
1186
109
0
0
0
0
0
0
0
0
0
0
0
0
0
0
0
39
2
2
0
0
0
0
0
0
0
0
7
2
0
0
0
0
12
1
2
0
0
0
4
1
0
30
0
3
1
0
0
0
1
0
0
4
0
0
0
0
5
1
23
58
1
0
0
0
0
2
1
15
0
3
1
37
0
22
2
451
1
1
1
36
0
6
0
0
4
2
46
0
0
0
0
0
0
2
4
4119
79615
13
37
0
0
75
1
0
61
0
0
0
7
0
1
2181
292
1
10
3
56
1
0
674
124
328
732
861
150
3
15
0
0
1
0
1975
97
1260
35
86
108
148
961
15
0
0
0
26
2478
0
0
0
0
0
0
0
0
0
0
0
0
0
0
0
0
0
0
58
6
0
0
0
0
0
0
0
0
0
0
0
0
0
0
0
0
0
0
23
11
0
0
4
0
0
252
0
0
0
3
1
3
0
0
23
16
0
16
0
234
0
302
0
0
0
0
0
0
0
0
0
0
0
0
0
0
0
0
0
0
0
0
0
0
0
0
0
0
0
0
0
0
0
0
0
0
0
0
0
0
0
0
0
0
0
0
0
0
0
0
0
0
0
0
0
1
5
0
19
0
0
0
0
0
0
0
0
0
0
0
0
0
0
0
0
0
0
0
0
0
0
0
0
0
0
0
0
0
0
0
0
0
0
0
0
0
0
0
0
0
0
0
0
0
0
0
0
0
0
0
0
0
0
0
0
0
0
0
0
0
0
0
0
0
0
0
0
0
0
0
0
0
0
0
0
0
0
0
0
0
0
0
0
0
0
1
0
0
0
0
0
0
0
0
0
0
0
0
0
0
0
0
0
0
0
0
0
0
0
0
0
0
0
0
0
0
0
0
0
0
0
0
0
0
0
0
0
0
0
0
0
0
0
0
0
0
0
0
0
0
0
0
0
0
0
0
0
0
0
0
0
0
0
0
0
0
0
0
0
0
0
0
0
0
0
0
0
0
0
0
0
0
0
0
0
0
0
0
0
0
0
0
0
0
0
0
0
0
0
0
0
0
0
0
0
0
0
0
0
0
0
0
0
0
0
0
0
0
0
0
0
0
0
0
0
0
0
0
0
0
0
0
0
0
0
0
0
0
0
0
0
0
0
0
0
0
0
0
0
0
0
0
0
0
0
0
0
0
0
0
0
0
0
0
0
0
0
0
0
0
0
0
0
0
0
0
0
0
0
0
0
0
0
0
0
0
0
0
0
0
0
0
0
0
0
0
0
0
0
0
0
0
0
0
0
0
0
0
0
0
0
0
0
0
0
0
0
0
0
0
0
0
0
0
0
0
0
0
0
0
0
0
0
0
0
0
0
0
0
0
0
0
0
0
0
0
0
0
0
0
0
0
0
0
0
0
0
0
0
0
0
0
0
0
0
0
0
0
0
0
0
0
0
0
0
0
0
0
0
0
0
0
0
0
0
0
0
0
0
0
0
0
0
0
0
0
0
0
0
0
0
0
0
0
0
0
0
0
0
0
0
0
0
0
0
0
0
0
0
0
0
0
0
0
0
0
0
0
0
0
0
0
0
0
0
0
0
0
0
0
0
0
0
0
0
0
0
0
0
0
0
0
0
0
0
0
0
0
0
0
0
0
0
0
0
0
0
0
0
0
0
0
2
0
0
0
0
0
0
0
0
0
0
0
0
0
0
0
0
0
0
0
0
0
0
0
0
0
0
0
0
0
0
0
0
0
0
0
0
0
0
0
0
0
0
0
0
0
0
0
0
0
0
0
0
0
0
0
0
0
0
0
0
0
0
0
0
0
0
0
0
0
0
0
0
0
0
0
0
0
0
0
0
0
0
0
0
0
0
0
0
0
0
0
0
0
0
0
0
0
0
0
0
0
0
0
0
0
0
0
0
0
0
0
0
0
0
0
0
0
0
0
0
0
0
0
0
0
0
0
0
0
0
0
0
0
0
0
0
0
0
0
0
0
0
0
0
0
0
0
0
0
0
0
0
0
0
0
0
0
0
0
0
0
0
0
0
0
0
0
0
0
0
1
576
0
0
0
0
0
0
0
0
0
0
0
0
0
0
0
0
0
0
0
0
0
0
0
0
0
0
0
0
0
0
0
0
0
0
0
0
0
0
0
0
0
0
0
0
0
0
0
0
0
0
0
0
0
0
0
0
0
0
23
0
6
0
0
0
0
53
1158
0
0
0
0
0
0
0
0
0
0
0
0
0
0
0
0
0
0
0
0
0
0
1
41
15086
1
