2584
0
43
1
353
1
277
6
4
0
2
29
0
246
0
171
5
1123
39
1352
1627
421
12
100
517
361
783
67
478
2
297
1766
1
345
437
184
121
353
0
169
412
529
295
575
6
222
2
584
36
0
1404
206
7443
298
778
671
222
476
564
22
5
380
294
265
485
1852
47
12
387
734
1
579
1335
107
180
893
30
109
1399
1264
635
927
575
0
66
1030
1397
20
588
519
7046
1
43
23
4174
792
3172
3052
7
7
71
8
1
1431
0
847
0
4056
6078
2095
103
1173
405
452
1100
105
1316
7
0
1659
4994
2937
275
1
190
2193
377
2302
101
83
1461
59
0
2
21
0
0
0
0
35
0
119
0
5
115
342
1645
529
5
4047
1
2100
846
0
23
384
11
1748
684
171
507
1264
1036
1
774
3255
320
11
1
1525
2608
785
3632
294
218
1
470
1
354
57
391
46
21
496
57
0
50
625
123
0
614
366
1
1252
420
4165
876
0
304
2432
537
1496
7
628
504
219
0
70
0
689
1664
1155
3
32
58
712
562
1079
2010
608
328
217
52
83
21
50
3
348
149
21
248
0
0
493
0
6170
0
0
416
893
1045
0
4
275
1
2231
68
2
6152
7
4930
2106
1679
0
1
265
143
2
7130
5762
442
234
170
632
279
1706
159
635
1133
4
718
448
1355
149
231
8
1
1338
6
718
92
277
0
0
33
1
6
200
4576
0
0
1922
0
97
2
2
0
218
23
61
667
6
205
243
235
2
23
1697
173
14
0
143
576
3
22
0
25
0
277
103
867
104
0
25
542
148
7
557
755
92
2249
613
1341
596
722
46
1069
479
2958
3877
62
710
1387
58
0
214
550
356
13
4
0
763
877
101
1431
0
48
1600
489
0
0
7855
5741
744
96
0
31
211
256
345
18
1017
2070
118
79
1502
211
1880
426
54
1683
3
637
340
0
0
0
11
498
3086
679
468
2144
1
32
1
0
134
217
35
243
354
212
87
10
1265
1074
682
186
84
273
7
370
93
82
1349
9280
327
0
226
4
41
2002
860
7
5
502
274
0
12
314
1258
51
110
0
83
318
347
754
58
6
2516
444
333
812
402
5
1
187
123
387
562
4398
677
5
1811
25
417
301
431
7053
1040
66
1380
2257
5
7716
10
4933
249
1016
55
20
317
1203
2
46
1494
236
0
31
159
1
7
550
4312
59
529
135
5550
431
1042
296
530
919
28
0
154
402
1178
690
198
0
702
17
1143
468
931
873
305
332
1
40
87
1024
1050
539
522
744
3219
812
8
512
876
342
3570
1243
218
21
535
0
321
2042
601
428
32
456
40
731
4
170
764
4
1602
1
1
984
698
1459
138
550
1970
625
277
10
13
68
27
0
656
646
981
901
632
1517
0
1
1
0
369
0
0
0
0
447
2
96
478
65
850
0
142
77
81
901
209
143
0
1450
297
102
771
0
1064
35
3090
1620
108
101
2088
210
167
388
905
75
0
550
380
2186
0
483
0
77
0
1
105
0
378
65
11
627
219
225
3
9
0
515
654
11472
209
59
18
53
12
186
98
1145
433
42
1323
482
289
27
241
265
0
0
672
361
527
452
1223
618
0
1752
343
175
233
2015
678
496
6
2
2
1
870
0
618
21
2
81
602
1144
1222
325
181
221
16
926
1
0
65
0
1617
310
20
407
59
97
191
1591
1127
820
746
538
407
1
770
590
40
250
88
825
1
1413
419
13
0
199
1
3
883
0
606
55
11
926
52
42
1122
13
2754
158
16
1532
693
624
483
1668
479
721
1063
1
18
6785
0
0
0
6
803
0
0
0
1233
7
0
585
0
2444
13
7
0
32
114
157
553
56
2
3
248
231
1254
665
268
163
0
8
102
306
1953
231
12
55
295
58
5398
320
0
66
4373
2613
5425
0
140
0
1
2
5
1605
11
2
3
1562
353
288
560
1485
945
7
1
756
62
318
568
0
225
111
0
2055
13
0
590
54
68
0
133
0
0
1
0
0
512
0
0
1
0
0
7
248
1
5
295
92
126
532
268
48
237
278
1502
876
34
2480
2
24
2
0
0
0
1
1
0
0
3
3180
25
0
0
1
0
0
0
51
295
8
2
216
81
6
286
3123
1
860
61
65
3
308
2302
519
1327
859
455
468
1105
714
48
422
1526
357
202
2684
431
21
0
267
278
129
519
660
6
1912
0
0
1
2503
2
77
14
1124
511
400
63
383
222
110
96
155
368
463
5
122
1
120
3
80
1
3833
267
1
0
0
11
339
0
17
687
52
0
536
260
3
32
0
324
143
257
0
0
2758
4786
2133
246
108
0
0
0
820
1166
0
2675
4
0
565
175
567
7
778
212
1421
736
34
74
695
160
0
833
44
4
355
23
21
3
5360
4
0
622
3034
544
3876
372
6
232
12
246
1073
0
46
14
757
0
43
4409
68
5
0
1
0
171
41
432
140
5
0
2943
282
78
43
0
279
0
21
597
196
13
0
0
0
1820
320
0
1
192
202
0
209
24
154
0
0
0
0
0
0
0
0
682
1398
152
1
54
76
131
520
26
1
3042
11
0
0
0
490
353
2811
118
470
829
5
134
2600
452
180
217
309
735
153
1631
78
6105
300
439
1940
0
1
0
324
0
970
309
692
578
274
39
3738
487
116
7497
74
184
33
1731
0
997
435
2269
671
140
75
495
219
362
550
673
242
295
1
2
376
8
213
497
317
768
343
2
1088
97
25
410
149
66
639
169
0
0
871
350
2740
367
1016
1065
159
1128
1756
0
0
0
187
4
335
37
10
16
3
28
2679
0
0
26
1410
138
1352
948
213
1315
291
581
91
0
103
708
1
541
1125
505
2119
761
64
182
324
1672
1339
359
5
39
68
1
0
233
1131
0
0
0
101
363
370
315
24
1028
543
798
2643
1343
3308
1182
1
2
0
1
23
0
0
0
0
0
0
0
1
0
1
0
0
1
0
12
0
3
0
0
0
3
0
3
0
3
41
17
0
0
3
0
0
541
0
0
3
0
1
207
0
4
27
0
0
0
1
4
2
0
47
7
4
0
3
12
1
3
1
1
0
127
0
126
1
0
0
50
0
240
403
0
10
2
5
0
1
1
1
0
23
6
0
0
120
23
13
1
4
0
6
26
0
0
171
5
56
1
0
1
0
0
13
0
0
0
12
2
0
6
0
0
0
1
1
6
0
0
5
164
17
0
21
0
3
2
0
1779
1
0
0
1
0
0
0
0
23
0
10
621
0
0
0
0
0
3
0
3
0
20
506
0
0
0
2
0
0
0
0
0
0
0
0
2
2
93
4
4
0
39
1
0
0
0
0
98
16
0
0
271
10
2
0
32
1
0
0
1
120
8
2
1
3
0
1
3
271
56
0
1
0
0
9
25
0
6
0
0
0
2
6
1
0
5
0
446
0
0
4
176
0
1
1
209
30
74
0
0
1
0
2
0
0
6
1
1
15
0
0
2
1
0
2
0
1
0
0
0
0
0
0
1
0
237
0
2
21
58
0
0
0
0
0
2
0
150
0
11
12
4
0
0
0
1
1
1
0
0
94
396
2
91
1
1
1
0
0
0
5
0
0
2
0
19
0
149
0
0
4
0
14
142
0
0
0
2
2
0
0
10
59
0
0
150
0
0
3
1
2
0
0
1
9
0
3
6
0
0
0
0
0
0
3
0
140
1
0
0
0
0
0
0
11
4
2
38
116
0
27
0
27
0
0
4
80
71
0
0
1
359
1
1
303
362
0
85
70
54
9
1
2
3
0
1
0
0
0
0
0
0
0
9
0
1
0
2
0
1
0
0
0
28
4
0
591
2
0
0
0
0
0
0
0
265
7
9
0
0
0
151
3
39
3
0
0
175
0
0
9
0
0
1077
2
44
73
1
0
3
69
0
44
2
2
32
0
1
6
1853
0
2
2
0
0
2
0
0
0
0
0
2
0
0
24
8
2
0
0
30
2
0
10
1
33
25
6
39
14
85
0
247
3
53
4
0
0
0
1
90
12
18
259
2
36
2
0
0
0
16
64
88
0
4
4
607
6
0
17
6
0
33
23
1
0
19
887
0
32
2
443
96
1
0
0
9
60
0
0
3
4
0
27
2
0
2
0
0
0
0
5
2
1
38
25
1106
0
2
6
94
9
3
2181
5
47
795
4
0
4
2
0
5
26
3
77
0
129
817
1
2
0
304
0
357
11
3
1
328
124
6
221
203
35
7
45
0
0
400
79
38
105
2
877
2
0
2
136
0
3
0
5
556
207
2
2530
0
0
4
0
10
42
0
4
98
32
4
0
6
53
0
0
3
0
435
295
90
7
0
2
75
1
0
0
13
1
5
123
6
0
4
6
261
1
0
2
3
38
7
0
0
9
0
0
0
0
0
2
15
8
5
102
10
40
0
150
0
101
3
326
15
1
0
1
1
0
163
1
118
0
0
0
0
0
27
1
2
2
5
0
6
1
32
1
2
0
262
3
0
139
155
154
0
0
1
14
2
10
28
0
19
0
4
0
0
4
8
1366
15
181
274
16
2
43
1177
306
414
687
614
340
18
17980
1739
285
4794
7
2198
449
6
245
100
154
305
1988
612
2317
87
116
204
103
375
580
129
119
1461
2
0
379
45
601
307
2
2735
504
374
107
3
612
454
29
62
228
6632
356
3322
0
0
0
359
0
0
0
0
0
0
0
20
846
232
1328
379
4754
706
163
731
0
335
23
1002
1166
2
63
30
216
1763
0
171
11
716
2
240
0
132
20
0
4
128
1
1
0
0
417
514
3607
1292
795
2289
649
360
0
134
0
0
56
22
267
465
6
0
3517
5
1577
364
424
14
0
207
702
13
1
722
4167
501
466
1806
0
176
288
874
42
334
78
5489
2
3163
139
13
0
249
19
0
3
251
512
485
162
68
478
2111
2365
1189
79
541
470
974
790
114
327
59
179
160
459
436
452
10
0
989
2108
76
1403
6
0
93
957
286
36
1424
703
448
407
3619
2374
503
421
4
1305
863
1132
498
1917
100
2136
367
12
396
396
557
22
592
0
89
368
1560
493
819
401
158
919
548
740
0
20
650
741
979
5
6
1361
15
18
467
213
319
5
415
49
2
190
3345
488
389
202
2162
880
232
1113
311
27
316
1212
456
104
1
1908
0
398
0
1081
711
162
572
442
90
1
0
2087
28
2083
310
2553
534
2
5768
2
761
650
7
2371
2
1121
21
0
0
0
0
0
7088
9404
731
0
526
12
384
1353
63
66
71
203
143
0
7
2
518
20
1894
1317
1067
601
321
425
232
649
2
240
0
200
206
693
11
0
524
1
9
906
0
0
0
5
477
0
649
192
704
642
81
1686
650
1274
1969
0
1474
4
5529
7
315
2036
0
1061
0
134
2
0
544
2930
1683
1798
305
7
213
8
339
66
0
194
623
0
0
1
3
0
896
3
14
785
4006
105
14
1664
130
6
2
821
29
688
210
115
107
1
5
847
1621
13
69
956
506
158
249
1032
162
582
687
1326
34
403
820
388
619
1443
1326
0
751
232
291
0
0
2
312
6031
219
630
8
10
184
2477
324
18
1
0
429
1165
1669
415
1351
2667
5319
8
22
1
1336
1148
156
6471
456
794
1930
144
95
1104
544
9
668
211
133
226
527
132
583
192
393
67
204
0
0
1605
1
1
4
57
0
0
0
0
3
0
1339
0
0
0
14
0
9
637
0
0
0
3
0
0
0
0
0
2
0
0
0
0
0
0
0
4
0
819
0
0
265
24
12
19
23
808
14
272
1301
503
154
33
83
615
4122
344
602
206
69
227
585
2
986
115
7
136
852
237
256
1134
100
0
207
1456
685
531
469
27
102
0
1421
1849
1339
790
274
1
0
1176
9
1036
509
686
169
394
257
11
735
0
192
260
55
1534
2
2
45
1025
939
1702
8565
8
307
765
1458
2682
0
16
9
1
238
352
0
345
3940
328
74
190
1
9
4
0
0
0
0
0
0
0
0
0
0
0
0
1058
1
782
138
15
681
2002
0
27
54
418
11
116
1172
782
821
2401
79
434
22
242
18
26
505
135
1869
208
0
482
399
2
834
245
50
734
696
1841
2321
693
4
196
2
0
656
57
325
1708
1
858
300
488
563
3
0
465
940
130
52
155
513
959
204
613
843
704
0
381
1
0
0
0
0
0
0
0
0
0
0
0
0
0
0
0
0
0
0
0
0
0
0
0
7
162
372
325
3
0
330
194
115
1113
924
0
775
380
360
5
425
354
0
0
0
1
15
0
0
0
0
2
0
5
786
0
0
2
2
128
279
1117
751
31
1468
2813
35
354
129
155
494
159
103
554
733
615
1
1
1389
83
454
1
0
4
1087
1625
956
280
5
2
3752
0
728
904
2
411
400
209
62
23
1813
427
764
310
235
71
0
40
1473
5
754
134
117
879
1489
1782
285
46
448
294
2
466
0
408
589
962
126
123
155
2793
16
1460
4085
32
0
1407
90
308
246
137
659
514
134
373
43
52
1867
106
38
0
0
0
0
450
681
244
2020
170
293
811
167
1293
1444
422
32
95
1228
1589
46
12
1
25
292
1484
99
560
377
3
1925
1753
203
11
69
0
0
0
0
0
0
6
0
1
15
0
215
1446
579
1700
205
0
0
0
0
0
0
0
0
0
0
0
0
0
0
1
0
688
176
1179
13
2
297
856
106
0
638
2314
739
3029
452
1
0
208
57
236
104
203
1007
442
2183
6470
506
1
282
33
54
1059
315
459
854
976
273
9
0
738
719
420
1313
1129
1189
2
0
330
497
0
0
0
5
484
41
232
101
245
223
7
32
8
0
18
19
262
228
0
1
209
278
35
3763
16
109
11
491
282
6
211
96
724
2091
499
2730
2874
1913
363
863
798
1433
171
35
380
536
0
879
3472
669
25
0
29
0
73
0
0
0
0
0
668
1
4
161
293
4723
195
691
0
0
0
0
0
0
0
3
1
229
0
6
3
2
0
9
0
0
0
7
0
0
2
90
11
0
1
3
5
9
0
0
0
5
0
2
1
399
0
1
0
0
1
5
0
0
5
16
0
1
0
0
2
0
0
0
4
0
0
0
0
0
0
1
3
0
45
5
153
0
24
0
0
0
0
0
0
0
1
1
0
14
8
1
50
119
0
0
0
0
11
1
0
0
3
0
0
0
0
1
5
49
0
0
0
0
0
0
28
3
0
0
0
26
0
0
30
25
2
16
11
1
0
5
0
7
0
0
3
127
2
5
0
0
27
6
0
0
1
12
2
0
0
0
1
0
0
4
0
7
3
0
0
0
3
2
7
0
34
0
35
2
1
5
1
2
3
8
21
8
46
0
1
0
19
14
9
0
3
9
0
23
18
0
0
2
0
4
1
6
7
4
0
0
1
71
1
0
0
0
88
0
6
2
0
0
0
0
0
0
0
0
0
0
0
18
61
0
0
0
0
6
0
9
2
23
0
32
0
742
18
2
0
0
0
0
0
1
0
0
0
0
2
0
0
0
369
4
0
2
0
63
189
0
52
1
0
0
0
8
0
1
0
3
3
0
0
1
0
0
0
21
0
0
0
88
8605
0
51
0
1
0
110
0
0
0
8
16
0
2
0
0
73
1
0
0
2
660
38
2
9
1
0
2
0
1
0
1
0
0
0
0
0
20
0
16
5
4
6
4
1
0
0
7
3
1
0
0
1
2
0
5
7
1
0
0
0
0
0
21
0
0
0
0
0
0
3
0
2
1
0
343
3
0
0
1
1
0
0
0
0
3
0
0
0
0
1
1
0
0
1
0
1
3
0
0
1
0
345
0
4
0
29
27
3
0
0
0
5
156
0
1
0
0
0
3
0
10
0
0
1
0
0
0
0
8
0
1
2
0
0
0
5
3
16
0
0
0
0
0
0
13
0
1
1
75
4
16
0
3
0
4
76
2
0
1
58
0
2
2
0
2
2
2
0
51
0
0
1
0
0
1
1
1
1
0
3
0
9
51
0
3
2
0
9
14
0
7
267
1
3
2
0
0
1
3
2
0
19
13
0
11
4
44
0
15
29
4
38
83
24
15
103
56
40
0
51
5
4
2
6
27
29
0
95
0
65
1
18
0
0
136
31
1
8
0
8
4
125
17
45
30
0
4
0
0
6
13
0
21
241
175
10
9
1
68
0
181
0
31
51
15
9
28
76
3
18
24
12
0
39
7
238
0
0
27
9
0
202
438
4
1831
186
82
852
396
18
41
6
3
13
9
16
188
2
5
25
0
0
306
0
0
100
0
2
0
16
0
124
0
0
0
0
1
1
12
1
0
0
7
0
5
5
17
53
1
10
16
73
7
1
0
8
0
1
0
0
101
0
10
73
2
15
0
0
0
1
2
1
1
18
0
0
7
1
15
2
6
0
1
17
397
0
0
0
0
0
0
0
0
0
206
246
0
0
0
4
414
2
0
0
1740
1
623
560
0
0
216
0
309
418
153
370
85
65
0
4645
850
3
290
1600
54
9
363
39
672
5713
109
161
430
459
13
632
248
730
588
323
186
2359
2952
27
1171
344
448
1113
546
1119
442
713
86
360
0
1495
11
583
365
549
811
199
2
4342
0
181
79
100
1
89
155
337
992
50
1
88
189
73
453
1123
760
1347
455
351
173
2268
6
522
432
403
343
486
114
368
0
0
10
1764
310
0
446
0
1
2
926
4
2382
445
396
735
277
3668
255
26
10388
1906
1142
325
581
2756
959
79
933
333
2204
5920
42
134
38
4
5
126
176
234
51
730
352
609
0
559
752
665
128
20
1047
87
125
55
829
5
1201
22
0
0
0
0
1
200
1488
232
315
0
0
156
706
0
15914
0
0
0
0
0
0
0
0
65
0
0
0
116
0
0
0
0
1280
0
0
0
2
0
21
0
0
253
0
0
0
0
0
0
894
0
0
0
0
0
0
0
1475
0
0
0
0
0
0
0
77
2
516
1584
1
0
3
0
1
733
0
262
5
85
1491
92
0
603
1501
2
73
795
0
53
225
4
1
132
6952
349
0
2
2792
5
3250
508
449
1788
208
265
118
120
302
182
2033
223
0
20
62
17739
17
13774
2
395
205
11
499
94
5
396
190
756
3380
703
3291
3
10
324
938
272
0
90
55
1112
643
2353
3
5
61
182
21
1
10
688
951
226
159
33
500
0
708
11
283
0
1615
6
375
103
747
198
35
973
15
1
426
272
690
162
1027
7403
322
0
229
697
2688
747
0
1
157
279
382
1171
1982
85
520
176
400
308
342
133
702
1155
0
0
137
774
3314
0
93
0
2332
802
1434
1
5
588
30
7
523
73
4
0
773
140
452
118
55
38
2
1
106
0
1804
258
2227
643
311
18
18
698
1298
282
1090
232
1576
1028
252
2
357
1112
11
199
95
2
65
2389
272
259
1014
0
73
2
336
79
555
90
294
14
616
354
4
342
28
824
3
175
4
365
195
0
1
0
1074
2748
0
16
1265
16
189
5
47
10
1
43
250
129
469
111
1678
116
462
2649
189
1205
28
707
518
50
66
433
1028
51
457
27
22
1887
75
1871
401
71
354
3
111
10
0
0
497
25
0
238
10
82
25
57
343
0
1204
1765
817
1262
5
380
0
0
1
0
24
1191
0
95
1
0
1629
0
1
0
80
0
0
225
13415
1636
75
5827
177
379
274
3865
1103
203
2
63
385
285
373
0
210
164
521
332
37
314
5
9
27
23
43
4089
0
136
8
280
1132
162
27
18
0
0
481
262
308
356
2070
54
2396
311
124
126
826
16
227
254
1
71
33
113
91
83
0
8
1
0
0
0
0
1
0
0
0
98
228
0
424
9
490
714
3865
466
234
968
126
3309
1184
2
1
0
301
421
108
1
0
917
0
1130
0
1405
177
845
20
223
0
1127
910
0
2817
2033
3418
256
574
5
27
104
6
1957
0
383
0
193
150
361
197
298
268
774
1011
389
17
333
285
939
276
2408
1
708
430
19
172
11
88
45
1302
24
455
611
962
402
1258
832
864
36132
3
664
509
451
3
4244
2112
1
2457
1
616
1062
369
53
1391
93
328
266
1019
113
1
1
109
18
39
2
59
1
1164
7
393
198
242
1099
46
1171
0
53
1
58
0
0
0
0
887
681
74
3
4
13
1
325
403
160
408
0
248
78
215
0
197
1779
135
288
655
156
2
362
0
16
3
705
1559
97
1
0
0
25
268
1
2
984
298
0
0
2462
1254
1267
50
1441
1135
11
81
8
12
1740
1655
147
5
101
1308
678
496
234
393
141
266
425
4
0
377
1406
489
172
1545
311
117
528
16
0
542
553
41
1297
0
462
0
4918
91
389
109
1579
782
2
0
785
821
16
885
986
117
400
1811
3433
110
1135
744
195
128
66
364
0
1779
7
1098
522
928
66
494
10
1270
127
132
711
499
419
0
528
169
672
497
263
1917
0
1
2
0
0
0
0
0
415
0
13
1084
250
192
335
39
17
370
71
201
356
224
633
1815
384
2630
3430
183
92
5319
171
154
151
39677
1755
7
300
14
1152
272
522
727
494
83
948
34
197
650
0
4
1356
182
352
271
83
1709
4058
19
12670
52
18
408
1169
126
1393
1274
779
51
486
573
8
472
134
135
60
59
2
1728
71
2115
2
4176
9
96
3
209
10
896
0
286
15
114
2
42
8
503
336
265
353
260
9
437
1
443
157
3
1
1658
1
7
0
645
0
795
607
2
0
569
0
124
0
3
662
55
525
4037
1734
1746
423
543
217
0
1225
875
53
134
2
4802
292
203
4518
176
0
158
261
1084
497
65
4
853
6
1213
95
131
11
137
2244
0
116
2
374
701
248
59
1444
1979
528
128
493
881
164
245
446
62
711
0
354
0
20
2
913
14
317
104
8
810
311
66
673
110
2
321
624
24
3152
21
122
565
51
81
736
568
153
263
199
1111
555
344
0
4
105
1090
415
266
15
692
16
1760
186
76
6
42
365
11
1524
77
40
342
974
76
100
0
1
37
641
0
71
0
0
350
403
138
63
1661
469
456
13
1
443
265
1192
2
104
286
47
16
14
2379
10
4
0
33
697
8
484
426
0
1194
112
90
201
862
347
1214
0
228
19
104
891
1010
2
323
4
11
539
306
569
0
202
0
92
302
22
371
0
0
0
0
1913
107
32
448
2456
858
532
452
369
3150
1132
615
533
480
1613
231
508
595
1958
1869
126
237
8
209
1553
1
1203
292
254
295
1
450
97
2442
0
561
605
532
193
174
551
44
975
379
4
76
0
10
6
21
130
625
330
127
6
1840
246
830
1860
1379
381
364
1088
242
177
36
121
137
266
516
69
453
921
2009
228
1978
643
1298
0
6
969
130
1507
69
145
645
201
492
30
451
7
0
644
793
764
0
836
16
1096
1
11
1
378
0
3
0
1
66
59
13
80
91
39
1050
0
0
44
17
432
156
241
1745
198
749
7
0
1
510
56
143
1339
0
0
245
964
475
1
457
38
117
107
846
19
0
143
0
565
232
2578
581
104
14
369
1136
39
3290
471
144
98
0
0
5
237
624
754
746
28
258
983
1
269
239
1536
323
53
129
1933
219
659
2
1
0
0
0
8
233
0
0
0
0
0
0
0
0
0
0
0
0
0
0
0
0
0
0
0
2
0
0
0
0
0
0
0
0
23
184
615
112
151
5692
1
604
1
4
132
261
194
660
354
478
20
234
1295
585
469
502
541
61
777
878
254
190
2127
6
10572
311
934
9
77
1
175
206
667
1064
1003
772
45
181
2638
36
435
296
11
1
285
166
63
15
52
237
0
0
0
3
23
135
6
244
296
0
0
0
358
206
42
4
968
1673
4
2
409
31
684
580
842
1230
1266
250
391
1253
2
1
275
4
206
825
80
560
189
514
308
214
268
1437
475
63
604
1101
62
74
34
414
402
0
52
725
66
337
566
353
349
805
52
90
124
69
34
0
110
682
59
4
325
3996
1215
6
0
8586
864
452
2
203
1982
1
472
600
11
1
407
475
1259
251
39
386
1401
66
87
3924
538
0
147
17
166
23
449
465
1816
31
1853
121
582
684
556
238
254
267
0
0
686
2
1306
138
647
773
141
280
209
146
1189
502
377
162
2533
1827
401
563
386
463
233
259
263
26
151
227
0
0
17
13
9
30
328
54
197
91
410
210
1774
2
170
700
1207
694
3695
571
3869
620
1008
1888
880
212
0
0
553
32
53
78
545
427
607
401
2185
212
0
278
62
203
567
1823
447
33
70
0
1
3
234
190
12
98
2517
51
145
62
1194
895
734
0
1037
230
0
0
0
0
0
1730
0
138
0
4
0
0
1
0
0
0
0
3
0
0
0
0
0
22
11
0
0
0
0
0
5
0
563
217
1
0
17
20
1
24
2
40
1
11
65
324
18
0
3
0
0
2
7
0
0
1
0
14
0
0
0
0
1
1
2
0
29
12
0
125
0
0
0
0
0
0
0
3
4
8
17
7
0
0
0
0
170
0
2
0
17
10
4
0
5
0
4
5
0
0
1
2
0
47
0
314
63
0
1
0
0
0
0
0
0
0
0
0
18
0
0
3
28
1
1
25
2
0
14
0
0
1
4
0
1
4
2
5
1
0
0
0
0
43
0
0
23
0
1
0
0
0
1
123
4
16
4
46
0
24
9
0
0
1
198
359
0
0
0
0
0
1
1
0
0
14
0
0
49
6
0
0
0
4
2
4
0
360
0
0
2
0
59
0
0
144
1
0
0
10
2
0
0
7
0
1
3
1
0
4
2
12
13
1
18
5
3
0
0
0
44
2
1
324
6
0
0
0
0
0
5
0
11
12
154
0
0
0
1
56
0
0
0
0
0
0
0
3
0
0
1
0
0
0
0
0
1
0
0
0
0
0
0
0
0
303
0
0
0
0
0
0
3
0
0
0
0
0
52
27
0
55
0
17
0
1
55
14
206
0
97
2
0
0
0
3
0
0
2
0
0
1
13
2
0
1
8
2
1
78
0
3
2
12
33
2
1
14
2
25
0
7
138
179
16
0
1
0
0
6
0
0
1
1
38
3
1
5
82
27
1
98
0
1
3
4
8
6
267
24
15
2
0
45
5
193
0
0
2
2
9
200
1
2
172
20
0
1529
33
2
76
13
310
12
6
5
0
0
0
1
252
64
0
0
2
41
1
0
48
24
9
0
33
4
0
0
81
11
11
13
0
3
0
15
568
0
1
420
48
1
41
0
17
150
2
4
201
0
0
0
122
17
66
5
21
198
5
443
3
23
0
57
0
307
20
4
524
5
176
5
1309
92
8
1503
4
11
1146
727
143
0
99
9
18
1
164
25
5357
348
5
9
17
1
114
0
1716
288
191
199
25
317
0
2706
1
636
0
3
391
1
28
31
191
115
28
0
223
23
55
5
1
3
15
0
12
240
503
46
339
0
123
1
136
2
207
122
36
0
39
303
611
0
0
216
1
0
1
23
320
3
54
70
2
0
1
37
3343
0
0
2
0
2
0
12
4
4
87
3
9
414
27
0
0
2
3
0
0
0
0
52
23
1
2
47
4
264
0
1
9
46
51
226
0
3
0
1
35
0
5
3
15
74
0
11
1888
44
320
31
1
1
71
20
58
3
11
3
0
0
0
0
0
15
116
0
9
0
46
321
271
268
22
6
0
6
22
17
2
3
31
16
23
4
226
646
878
159
10
0
0
183
5521
711
4554
104
4
10
648
343
555
973
444
2224
0
224
4689
1025
1038
9
2039
417
91
294
12
0
146
2015
25
15
350
18
197
42
528
263
174
356
814
1390
0
1
210
4657
177
696
2543
452
272
239
58
205
1933
685
1159
145
680
372
89
0
2030
218
332
379
1723
7490
1
114
513
9
163
153
586
769
181
381
1213
790
595
395
5
2387
41
290
271
510
186
0
479
26
834
27
1003
6062
0
1176
573
710
3
16
0
109
918
2
132
33
934
292
1457
322
119
5
13
169
139
201
372
848
310
3
79
79
1709
564
2
1903
2580
0
32
841
924
3344
480
17
183
136
665
7
2
9
661
36
476
1994
1
512
0
534
40
0
59
0
172
857
7
0
883
2536
0
2696
225
355
9
122
404
1
1031
511
157
730
137
2
81
225
169
1157
728
905
269
1620
211
1357
320
128
762
1450
80
232
420
1063
1423
2795
237
285
71
31
222
202
379
19
786
456
351
3181
2157
1781
133
6409
1201
285
87
1378
334
1123
654
679
0
5
587
0
0
65
317
467
9
162
76
34
568
153
1
848
4158
937
4087
1978
2008
307
89
1236
1603
5
10
645
663
501
1736
0
1
1273
336
72
3154
59
326
213
457
444
316
1456
38
79
475
512
0
627
32
90
134
268
3
521
1954
480
950
0
0
499
909
3
12
719
85
3078
1615
174
198
728
976
2
59
32
85
2117
0
4345
502
0
42
128
1712
698
423
770
37
0
10
642
2115
197
12
2
0
0
0
0
0
0
0
0
237
1
0
0
0
38
193
526
129
0
0
329
21
4381
91
7
0
0
1
98
794
0
51
0
1193
2
3396
930
276
4960
133
1142
305
286
1529
4223
110
485
1
0
0
0
0
0
0
64
39
25
454
335
919
1852
0
550
4
1198
587
474
20
97
2081
337
334
58
344
133
45
216
1096
160
6501
462
2225
425
1032
394
422
118
34
7
19
191
874
629
6
1530
405
15582
34
22
6
30
546
51
1238
117
250
57
111
110
1538
3
181
246
149
605
72
32
1454
0
1029
1
1168
135
3426
140
31
95
556
12347
651
429
2275
33
67
91
465
412
192
137
68
1096
531
1092
2838
20
40
3
516
50
517
66
1032
1919
96
3
1044
0
142
752
1
2334
1283
1
788
165
96
0
212
158
0
114
1552
13
9
635
20
295
391
483
169
346
872
263
933
751
3
0
754
214
165
258
444
263
948
151
490
0
762
3769
2173
41
3
525
34
635
119
315
273
989
99
639
1754
184
920
0
722
164
2758
69
0
400
604
6
424
436
18
16
0
3101
984
746
187
0
1688
1318
358
1036
1
0
0
0
49
0
0
0
0
0
0
0
0
0
0
4
0
1
0
170
0
11
2596
183
248
841
229
827
432
1
304
60
2
168
436
214
2714
0
11
1187
138
0
163
349
35
0
0
0
93
673
71
949
660
8
236
1622
4
0
3695
3259
552
69
958
1770
1308
642
633
48
0
89
822
368
4
1095
4
907
436
17
1781
2276
1
1
1
0
0
0
0
0
0
1
7
0
1
0
0
34
0
0
0
0
2
0
2
0
0
0
5
0
0
0
0
0
0
10
2
6
76
9
34
4
10
40
1
0
33
0
0
0
116
3
0
0
1
0
7
2
34
0
2
2
0
4
43
2
81
116
0
98
0
3
29
25
4
10
4
23
0
0
11
16
16
0
0
3
0
36
133
39
18
165
3
0
0
17
69
0
3
0
4
0
0
0
3
0
4
0
0
0
0
0
0
0
0
0
0
0
0
1
9
1
0
0
10
0
0
0
4
19
0
2
0
0
0
0
15
0
0
27
1
0
536
1
0
1
1
1
0
143
0
0
0
0
0
1
0
31
1
1
8
35
0
18
0
0
5
150
1
2
3
4
0
3
0
0
0
0
19
10
3
0
16
0
3
50
6
11
324
0
0
1
2
0
0
15
0
0
19
14
0
0
15
17
1
11
2
0
2
0
97
0
0
0
4
3
1
0
4
0
73
4
4
1
0
1
2
0
0
0
21
0
0
1
0
62
32
25
1
2
18
1
43
0
0
0
1
6
2
1
0
1
0
0
1
0
0
0
318
0
0
0
238
0
0
0
0
3
0
0
0
0
0
0
0
1
0
15
121
8
213
2
0
0
0
110
114
5
484
4
9
6
110
0
1
0
0
0
0
1
2
0
0
1
0
0
0
2
0
20
0
0
5
2
2
0
1
0
1
34
2
2
0
0
0
0
2
14
4
0
34
38
11
0
7
0
19
54
0
0
0
95
55
0
79
0
8
10
162
1
3
3
0
394
46
15
4
1
5
0
0
1
2
1
0
55
9
0
0
0
229
0
0
0
4
0
0
0
669
0
0
3
0
0
0
0
0
0
0
0
0
0
0
0
0
4
1
5
0
5
0
3
0
0
0
0
28
8
63
1
214
0
20
0
1
0
3
3
78
54
0
2
155
99
0
562
0
71
0
89
0
6
0
3
10
372
0
0
0
183
1
0
0
51
20
0
19
100
2
2
7
15
8
43
5
0
20
581
2
30
281
5
0
0
0
285
1
16
38
13
9
40
0
0
196
78
216
83
4
0
5
44
985
96
2630
1309
10
0
144
9
195
11
2
12
8
17
30
0
0
3
21
13
0
288
8255
590
84
46
200
427
0
382
2301
39
2
1
40
1
327
2
117
1464
5
56
1
147
18
15
0
5
0
94
16
6
0
0
0
6
0
4
0
0
0
1
18
8
82
0
35
7
5
4
8
3
1
0
85
149
31
22
1
0
14
11
1
0
5
1
3
37
28
0
3
88
0
0
1
12
2
631
45
1196
0
593
12
0
627
384
1364
37
0
992
712
392
164
426
42
424
2
5
649
797
0
2
0
20
170
38
1414
37
0
9
0
3
153
1
33
0
0
0
0
2
0
0
0
1867
5
0
2
0
5
34
4
0
0
0
17
0
2
0
81
1
39
2
0
392
4
0
0
0
0
2
28
0
4
0
785
0
0
117
524
102
1961
132
141
0
88
924
4506
817
2
140
0
219
1615
7
10
6
3
4
3
1435
23
5
0
1
127
204
12
69
1682
2
839
297
0
809
187
0
1
0
0
1775
468
0
0
71
262
657
283
1187
3742
0
446
203
389
382
64
921
192
445
1192
860
233
5768
0
11
673
690
110
355
595
560
290
332
354
646
212
37
383
624
469
0
1796
252
45
580
1
5
53
322
3772
251
845
780
865
203
2459
220
390
147
42
69
686
262
0
0
1677
0
0
163
0
0
17
0
0
133
0
35
0
290
0
115
2
0
0
592
0
52
3
3295
814
0
0
784
19
0
1212
231
0
0
53
23
5552
564
23
115
121
0
21
0
0
44
177
0
19
0
694
1959
462
443
618
133
121
276
62
0
426
452
2
63
430
19
152
2170
3
486
141
44
636
810
233
36
10
350
269
187
1005
8
203
842
855
358
846
101
13
10
0
0
0
293
0
0
873
2207
513
103
103
24
19
572
0
748
1
422
1170
31
84
110
81
294
0
270
200
0
167
46
211
1
947
0
120
0
286
248
469
592
63
576
709
619
564
304
574
41
208
101
258
822
824
1054
293
0
1050
383
10454
11
0
0
534
1202
476
3003
109
0
0
422
0
1462
654
164
1
0
1661
124
1920
1
0
0
303
373
404
0
109
54
71
359
17
5
210
45
0
0
104
0
245
337
718
0
210
99
520
193
583
541
3725
257
3704
99
1510
7
706
1303
1
54
1476
1191
0
1253
409
270
992
2649
604
694
0
0
143
1
797
19
880
935
2890
82
130
1555
1160
13
457
473
57
953
643
7
1493
4424
585
1001
1949
55
687
289
73
26
205
6
1
611
1193
19
193
113
270
930
1
490
307
736
483
426
22
3091
2159
232
215
510
311
1639
0
2803
119
1950
1835
853
200
597
0
19
308
3839
2582
11
1492
13
0
5
843
3514
825
96
762
5
117
1525
920
0
3
128
2036
1032
0
18
630
296
0
549
77
1
229
0
7
633
363
452
478
456
479
2659
280
45
54
327
464
1
342
2
1
247
257
1193
606
117
608
208
566
1
0
0
359
0
710
610
2451
4
799
227
522
778
0
1
207
617
1241
308
19
1032
7
3131
609
240
3993
13
629
618
391
120
145
74
75
1521
1
5
1819
452
2299
3
929
161
331
2480
0
0
0
0
0
0
18
92
85
3
2
3308
469
1437
1232
0
292
216
344
1080
1031
953
236
0
876
699
159
0
0
8
673
1
159
0
205
3
0
47
0
0
0
1
0
175
0
749
0
1
0
0
3
0
0
0
2
0
0
10
14
1
9
7
129
8
4
6
649
52
2
5
10
3
6
204
12
74
31
6
8
97
161
171
405
130
803
27
0
0
4
512
361
2
0
0
305
3439
193
1196
1013
625
1060
34
696
4
0
0
279
36
103
6
530
2
293
0
0
0
0
0
0
285
0
1272
2
0
43
625
16
582
366
97
0
75
7
104
88
45
525
0
1
40
0
31
1849
111
933
0
0
264
725
297
155
0
2
65
85
62
139
306
85
0
136
290
512
549
1380
302
84
51
190
0
0
0
0
1044
1580
409
1
2
0
0
3
499
2919
0
67
371
0
286
83
258
189
0
0
0
291
4444
120
1693
2
0
0
0
332
0
1370
0
0
0
0
0
0
292
155
163
50
55
1470
304
194
5753
1082
460
28
414
13
1249
1387
964
0
24
0
0
0
707
0
1
4
0
400
26
77
209
833
0
0
0
0
0
0
12
3
0
1
9
0
0
0
0
0
1
257
550
0
1
0
2
0
5
0
0
22
2
0
0
0
0
107
0
0
0
0
0
0
0
7
0
0
0
0
1
0
230
0
1
3
0
640
23
0
0
0
17
0
0
0
0
6
0
1
0
0
0
0
0
0
0
0
4
0
0
28
61
0
0
0
0
0
0
0
1
1
0
7
0
1
17
0
0
0
0
7
0
0
8
30
0
0
1
1
33
8
0
0
0
0
1
0
0
1
2
0
20
0
0
0
1
0
1
0
8
0
0
296
0
0
0
0
1
0
17
0
2
5
4
1
2
0
0
1
240
0
0
0
0
0
0
17
0
0
0
15
0
0
0
0
0
3
2
0
17
0
0
9
0
0
0
0
0
0
0
0
0
241
0
0
0
0
40
0
4
3
1
4
2
1
29
2
11
0
0
0
0
0
95
0
0
1
0
6
0
0
0
0
113
0
2
0
0
3
1
22
9
22
7
19
0
0
0
0
0
6
0
0
0
1
1
15
0
0
0
64
0
1
0
17
346
1
11
1
1
0
6
0
0
25
0
5
27
3
0
3
2
27
0
0
0
1
2
0
0
0
34
1
1
118
0
0
72
49
0
2
0
0
0
0
0
0
0
0
0
0
19
1
27
0
0
0
0
3
1
3
0
0
21
0
0
2
1
0
0
0
0
66
17
61
1
0
0
0
0
1
0
0
0
0
1
0
0
0
0
3
0
85
1
21
0
0
0
326
0
14
0
0
0
0
0
26
0
0
3
144
116
8
5
4
0
50
107
0
0
25
1
7
0
0
0
1
0
0
3
16
2
2
0
0
2
0
1
2
3
0
0
0
0
4
5
42
16
30
5
0
0
0
1
0
0
1
0
0
491
0
5
5
13
0
0
0
0
0
0
0
0
9
1
0
0
0
0
0
6
0
4
54
1
25
0
4
0
0
0
5
8
17
5
57
1
0
1
0
0
11
16
31
13
0
0
0
1
26
1
10
0
0
0
0
0
172
1
1
2
0
0
0
0
0
0
1
0
0
0
0
1
0
1
0
0
1
0
0
5
0
0
6
0
4
8
20
55
0
0
18
5
24
36
0
48
230
0
10
0
2
6
50
0
2
127
12
2
3
1
41
0
2
1
0
2
15
0
56
1
75
2
8
264
0
0
9
347
327
19
45
3
11
420
37
0
222
64
405
1
528
354
0
7
2
1
0
14
161
67
16
9
88
1
50
0
4
9
78
31
31
205
4
10
7
64
0
37
44
24
0
301
65
28
2
258
598
0
28
5
12
4
0
0
79
34
0
7
0
176
41
29
0
0
2
0
1406
0
0
16
0
0
0
0
9
0
0
118
0
0
0
0
4
110
2
9
18
0
3
22
562
45
0
1982
0
9
1
13
81
0
38
65
0
0
0
19
0
111
7
21
0
0
0
0
4
15
6
0
0
0
13
1
0
4
249
0
0
0
10
1
26
2
0
14
0
1
1
0
0
107
0
264
1
1010
20
11
1124
280
3625
248
960
1215
1660
952
1051
1554
34
3446
88
1373
183
0
859
0
1101
503
20
49
659
626
2963
408
365
304
195
20
589
25
67
9759
597
533
87
14
387
1624
170
858
843
53
43
1
6813
664
774
608
18
1417
169
278
376
7
99
6183
298
21
180
167
121
897
281
1
303
399
6
63
469
500
350
2608
164
142
6007
1000
599
511
0
400
2
0
135
272
2
66
0
1
59
2
0
1515
148
57
540
0
0
8
0
236
1
2
2618
168
480
66
0
34
417
5
88
4
1262
113
310
190
572
0
111
228
374
150
417
43
1
0
0
42
0
0
447
226
2424
1782
178
6
1
6589
1802
968
448
376
290
350
122
625
473
1
1401
54
223
1
30
19
108
432
64
771
0
1
10
1
509
882
2623
4
2902
461
540
1672
412
65
2
173
4
934
2065
1217
1149
47
11
0
5
601
280
188
3
0
2558
24
240
12
421
18
1
1420
78
0
0
2280
7
0
0
0
0
86
243
77
780
154
290
80
458
0
41
307
378
216
1973
450
259
426
394
14
16
34
357
5
3115
92
88545
1662
655
516
27
210
753
347
4075
887
3
35
891
946
122
1
18
1330
0
1766
937
226
1242
622
191
0
8
1
1372
57
0
0
0
0
49
0
2
0
11
0
38
0
0
1
42
11
0
0
0
1
0
1
0
35
551
263
214
634
88
0
0
908
10
1135
0
0
6
0
622
0
5
3475
154
348
74
491
135
738
72
730
37
626
235
267
349
2825
0
0
0
1289
0
0
0
542
566
277
5653
99
44
284
1757
122
81
10207
46
2090
30
919
543
111
1760
155
9
613
423
631
1
3
216
487
716
8
453
1711
724
840
740
556
18
549
2
344
2208
705
366
439
114
0
0
1030
681
75
141
1
1285
1927
2473
759
1677
57
1
137
1
7
350
1028
407
126
450
106
904
746
2
874
254
0
65
0
0
2819
662
1015
456
324
28
943
1747
943
600
107
0
0
0
0
0
0
997
0
1942
9
336
0
0
485
1576
0
3
13
126
0
73
5
731
317
128
1119
372
106
909
21
1811
1037
629
314
0
18
20
5
0
781
54
328
0
1008
16
716
148
311
893
1
17
319
856
0
27
2
2669
2
0
0
1015
0
0
0
13
0
730
0
29
420
756
86
117
172
256
545
3
151
367
7
0
224
0
103
46
485
0
282
2
456
882
806
775
374
1815
1569
5
1302
3053
375
382
16
333
732
1245
294
1235
6
192
295
0
1377
344
370
27
742
782
489
128
33
400
372
183
14
5
97
542
49
202
141
3
935
154
30
0
0
0
0
2
8
0
0
0
0
0
0
0
167
0
21
262
1088
1230
516
739
417
2262
1330
541
301
2587
747
180
2
268
660
0
226
8
3
395
2308
1043
10
294
15
173
28
263
309
1155
1016
238
127
9
0
456
21
0
0
0
5
13
0
3
0
0
0
0
0
3
0
1
0
0
5
2
1
0
0
0
0
0
0
29
0
0
257
295
861
212
271
0
7
852
330
566
4562
0
0
0
0
0
0
1095
34
340
659
98
393
91
1334
405
24
0
1
0
2
48
322
1
3
1840
1
0
98
622
0
425
703
0
0
4
1
0
0
0
275
0
0
0
0
0
0
33
0
2
97
576
0
53
5416
271
2
0
66
0
113
106
888
0
4751
463
62
0
0
89
243
1656
0
42
143
296
0
0
2519
348
5
181
0
0
1
0
1401
48
438
97
333
675
7913
747
24
355
466
226
414
0
13
0
0
0
0
0
0
15554
65
7692
0
4
0
0
1
0
0
0
0
337
0
0
0
0
61
1
2
5
4
0
0
0
0
0
0
0
0
0
59
0
403
53
7
0
2
0
0
1
0
0
0
1
1
0
0
0
0
9
2
0
12
4
0
0
0
0
3
0
0
9
0
0
8
78
530
39
808
26
0
0
226
0
219
0
0
0
1
0
0
0
0
3
0
25
118
1
13
225
2
3
0
0
1
1
0
0
0
31
25
1
3
0
95
2
0
67
5
0
3
1
0
0
0
7
187
0
0
8
0
0
0
1
310
41
0
9
513
0
0
0
0
1
0
336
0
0
2
0
2
0
7
15
0
0
0
0
0
0
0
1
0
10
2
0
1
0
1
3
0
188
0
35
1
1
0
0
2
0
0
0
0
0
937
0
0
0
11
10
36
0
0
0
0
11
10
2
0
0
0
0
47
8
7
0
0
45
0
0
0
0
0
3
0
2
0
0
0
0
0
0
1070
0
0
0
2
0
0
0
0
0
0
24
17
0
0
4
0
0
3
0
0
0
0
2
1
0
0
0
0
4
0
13
0
0
0
0
0
26
1
73
1
1
0
0
0
0
7
0
4
0
0
17
0
0
0
0
0
0
1
3
0
2
15
8
3
0
0
0
0
0
1
565
7
0
0
0
0
0
10
0
1
0
1
4
0
0
8
0
19
0
13
0
0
0
46
115
11
0
0
2
0
1
0
0
0
3
16
1
611
15
76
9
2677
14
0
0
0
41
1
1
5
8
31
3
0
0
0
0
0
0
52
7
0
0
0
24
5
2
1
25
0
8
4
45
0
9
102
8
140
2
1
28
0
0
0
0
2
0
0
9
10
99
37
55
0
0
16
0
51
7
150
197
0
0
0
5
0
14
0
0
47
47
48
12
4
0
2
0
0
0
2
18
1
2
0
1
106
0
0
3
0
0
0
0
0
2
0
0
1
9
178
20
3
0
1
0
4
8
28
15
3
0
0
0
53
0
2
3
7
0
0
3
78
1
0
0
248
0
4
1
4
47
37
1
1
2
0
0
34
48
0
1
0
4
57
7
7
17
19
3
1535
0
0
244
0
43
1
595
73
1
0
291
9
0
8
33
1
5
9229
1
332
153
0
7
0
0
0
38
0
2
0
1
0
0
0
4
0
0
1
23
0
0
0
3
0
1
5
0
0
0
0
0
0
0
0
0
0
18
0
36
0
9
4
526
2
0
0
0
0
0
0
0
1
516
1831
11
0
68
19
2
0
2
4
1489
0
0
2
0
9
2
0
0
0
0
23
3
15
353
399
0
2060
218
208
2550
362
1642
95
6
389
220
51
27
723
201
19
53
32
176
0
778
832
4
58
306
409
68
0
725
42
815
0
759
0
542
0
287
34
0
678
163
593
1
1704
0
585
658
0
153
5
0
768
3390
842
996
3549
250
375
580
654
1
1442
2060
0
466
75
301
1173
0
865
1218
64
0
420
0
1
222
727
144
352
2101
99
436
162
1195
105
331
1465
4457
194
1025
0
200
5
43
3
419
525
109
12
62
17
222
629
2
283
2805
0
116
902
214
635
0
87
125
24
0
395
20
0
539
592
20
232
313
1011
180
0
620
487
3270
0
417
14
0
121
80
4
0
0
681
13
286
0
109
341
2720
215
591
206
1170
356
691
6924
37
1572
308
525
0
2
730
0
12
3308
1079
502
820
765
28
351
232
15
189
168
910
1
178
811
17
110
2174
0
0
278
1
5
722
676
2
0
1159
1341
292
0
854
111
1803
336
1045
0
0
487
471
1626
550
2351
19
834
2
0
3
2080
0
845
1971
2
167
101
293
985
337
1772
76
29
568
0
999
912
105
303
313
543
498
322
11
269
3
0
324
443
544
72
10
0
4
44
2
151
87
948
16
4846
399
108
9
234
4
0
0
0
0
64
104
0
1797
3067
26
159
429
0
44
227
228
11
1084
0
2
1
0
593
7
7
733
102
1767
30
1848
1838
6
64
349
2
361
378
1002
675
10
8
0
967
3029
159
815
2094
901
382
622
783
146
78
285
682
132
0
2
2191
0
803
1912
2114
2032
3272
2140
5006
703
110
112
291
184
33
117
13
0
214
0
232
685
632
1140
33
364
4
698
363
4
0
4619
203
261
2
1
1
0
0
1
2
1
2320
654
170
693
34
0
773
219
634
354
2136
2
27
0
2261
73
683
439
651
26
835
132
384
231
196
317
0
754
351
4928
93
398
75
39
2930
0
136
1118
3099
7
1653
1009
325
35
8
1466
36
6
133
1
1
2
28
0
30
0
334
19
39
4
3462
541
37
358
1
277
0
220
126
0
0
0
1004
0
0
10
0
0
921
259
0
0
0
25
3
0
1
368
0
1754
890
1100
1445
249
1519
40
218
978
1685
546
636
271
878
74
0
2
778
392
905
483
357
0
978
11
0
21
339
149
829
1670
0
97
15397
37
1322
121
1710
10
448
483
0
2271
164
26
0
347
22
5000
351
425
399
2
860
972
634
11
1524
2679
124
48
437
648
4481
1033
375
1049
148
17
142
0
164
199
633
0
1371
247
1461
672
0
77
608
3
400
256
1
0
653
2308
1
6
790
0
99
579
17
203
425
128
290
73
2050
170
159
641
1202
4705
437
1
1815
547
2637
0
101
346
230
607
536
588
630
114
102
0
4
88
77
886
1242
490
476
23
11
958
468
0
498
63
357
2
4
0
0
0
1
45
8
308
1
333
297
341
526
0
0
0
0
0
0
0
2
6339
57
2984
759
0
0
1
0
1
75
2120
1050
132
226
28
0
0
3
0
327
0
0
0
671
445
188
666
357
0
2547
5793
1637
2003
54
2447
84
336
474
2031
158
109
0
220
187
143
875
512
3
4
457
177
381
283
672
637
62
319
0
1030
515
55
25
368
5
131
785
314
0
3249
27
790
376
649
542
252
65
482
284
0
269
782
313
187
127
1146
722
0
0
561
1825
131
31
452
1077
0
2191
128
8
28
0
4
948
6
1555
1
242
311
179
23
1503
2
588
75
446
923
0
5045
26
0
2
0
812
279
59
698
465
1098
221
300
17
325
923
749
0
191
3
1677
743
473
223
278
112
418
2135
3
4
0
63
3
260
167
812
815
0
1
19
246
95
1210
254
117
0
1166
87
1441
2559
566
0
580
27
0
1927
992
124
0
0
6
24
0
0
0
19
0
5
0
61
0
4
20
25
0
38
1
3
0
0
263
1
0
0
0
0
0
0
2
8
0
1
0
0
1
1
0
0
17
13
1
0
31
2
0
0
0
0
61
0
0
0
24
21
0
220
0
0
0
0
2
0
5
0
0
0
0
0
0
0
0
0
3
3
0
0
14
4
0
0
31
0
0
0
0
0
1
0
0
0
0
1
1
0
0
0
0
0
1675
11
0
0
0
0
0
3
0
0
5
1
0
1
1
0
0
0
0
3
0
44
288
0
181
5
2
1
0
23
1
0
26
0
0
0
0
1
0
0
0
0
0
4
16
19
0
0
306
6
2
1
1
0
11
1
2
0
0
0
0
3
1
4
2
57
7
0
0
0
0
0
5
87
0
6
16
0
2
6
79
145
0
33
2
66
3332
2
19
0
0
2
0
0
0
0
0
22
0
0
0
0
53
1
1
0
0
0
4
0
0
0
0
2
0
0
0
0
0
0
36
0
0
3
13
29
70
1
0
0
6
0
0
0
10
0
39
0
0
4
0
6
0
7
31
0
1
14
3
4
1
14
49
0
4
80
17
0
8
62
12
8
0
0
0
8
205
3
0
0
0
1
362
0
338
31
0
0
38
4
5
475
68
58
10
0
2
6
0
540
11
4
2
565
0
5
242
1
303
0
3
13
23
0
1
0
1
0
2239
0
2
91
0
17
19
120
7
26
1
0
78
14
3
899
278
0
82
81
19
22
73
152
6
13
2439
113
500
23
60
8
43
6
47
0
61
146
13
4
0
92
0
12
147
3
265
196
62
1
202
2
0
3
16
0
5
0
0
0
0
0
0
0
0
0
0
38
1
0
0
0
3
26
4
28
3
113
1
1
1
0
4
0
0
2
0
390
42
0
15
63
4
10
186
70
0
0
1
3
52
11
22
68
12
108
19
45
0
21
748
71
15
8
0
4
2
17
2
20
0
37
77
86
0
1
4
28
4
0
57
17
5
1
9
0
3
0
0
0
2
0
0
0
1
373
2
84
2775
446
6
2256
12
4578
360
739
2156
884
50
84
2
341
60
1081
336
361
147
10
26
590
1472
1109
75
1827
12
15971
1
485
0
49
739
217
293
1185
1082
125
335
1141
621
779
311
80
915
1263
502
581
443
287
565
2702
26691
138
1319
0
223
865
3
17
371
192
181
0
148
1
1606
20
390
905
503
590
527
1477
278
1140
2
0
0
21
3
2
18
200
3982
131
51
1
2592
0
7
0
6
26
0
498
334
701
435
267
67
0
8096
285
1063
201
363
505
2
124
405
5495
1731
1080
65
1531
0
0
2
635
253
503
1294
11518
3
511
234
866
135
466
820
585
1641
1765
247
424
810
0
0
3
1472
555
8
0
37
224
0
318
0
332
429
4
0
570
1106
244
1
65
0
2
735
97
1602
12
161
1233
55
2455
676
265
912
1331
0
0
1
536
4
636
10
4
0
2
0
0
1025
0
8
0
0
0
0
0
0
0
1
0
0
0
0
0
0
0
36
0
0
0
0
343
1485
166
148
672
0
612
1170
0
75
222
259
696
465
482
335
9
1
9
0
0
1
74
2
0
30
649
531
2222
1234
0
241
22
4
421
220
263
5100
160
3265
0
1173
348
454
265
223
10
1669
0
3
371
629
0
27
14
8
4675
2
264
556
0
1024
4
369
262
807
2
3860
1383
485
5
2129
840
408
9
115
10
0
20
0
34
1
730
2573
724
1281
425
620
66
1302
748
0
909
11
0
57
0
0
0
0
0
0
0
0
0
0
0
0
0
0
0
0
0
0
0
0
0
0
0
0
0
0
0
0
0
57
0
0
0
0
923
0
69
437
313
1
259
274
517
132
1
2761
309
201
2406
506
76
13
148
110
412
8
26
645
261
34
1
209
600
33
184
1615
374
478
734
290
927
0
500
823
1948
224
584
65
1778
1026
178
169
229
221
953
290
858
430
2132
455
4
0
104
4319
1418
26
165
394
1049
0
298
0
533
571
2241
2
865
26
1
0
3
16
9640
25
351
4
0
1069
433
6735
35
3
209
0
11
431
3031
287
0
1537
5257
545
62
780
7
130
57
0
0
1245
287
7
347
343
152
0
0
613
515
356
1878
994
8
82
1
1322
0
456
122
861
3537
6
0
39
5229
666
585
559
155
1130
1235
9
43
1394
1
26
502
481
631
1530
225
218
437
2
298
196
13
519
568
0
230
1116
4
2
861
2015
1
2949
3
384
59
442
0
345
3255
260
122
1010
78
1
329
333
2309
485
489
595
176
204
164
1
24
10
0
34
2
0
1
0
0
0
122
500
1204
45
475
3609
254
1
29
12
154
344
0
420
1168
1187
1232
145
553
735
617
1409
113
11
718
1514
8
558
3667
402
502
796
142
224
128
1666
4
0
752
1365
3
64
167
0
0
526
1
302
160
182
966
476
3753
44
411
1085
49
1
225
79
91
333
0
0
669
2
830
107
30
976
0
3256
25
1
14
454
262
0
630
97
369
5825
430
280
0
141
0
0
0
1
81
375
172
301
384
572
654
887
304
99
1205
14
157
21
98
718
2
149
143
616
7
222
360
54
699
183
0
0
0
478
1
0
0
0
0
1
0
3
1
12
0
0
0
2
0
29
0
19
31
4
0
21
3
0
27
6
212
1
3
0
0
12
0
4
6
2
0
0
2
0
8
2
0
0
0
0
0
1
0
0
0
74
0
8
0
15
0
4
20
0
0
0
0
3
112
3
0
6
6
8
0
0
0
2
0
1
0
0
0
1
0
0
3
20
6
1
0
0
0
1
0
0
0
0
0
1
0
1
0
0
0
0
20
1
1
0
18
0
2
0
0
0
0
0
0
0
0
0
0
4
0
6
0
4
0
2
0
11
6
28
0
0
9
10
53
0
12
30
567
8
2
32
0
28
20
47
18
0
0
0
0
7
52
3
31
2
36
3
5
0
0
0
0
1
4
0
0
0
21
0
43
0
0
65
0
0
175
0
0
2
9
1
2
14
0
0
1
12
1
17
0
1
0
1
34
73
58
0
3
12
1
5
2
0
0
3
398
16
18
27
1
0
74
0
236
124
0
1
5
1
75
0
7
0
8
15
0
80
2
8
0
0
1
5
228
0
23
4
92
10
9
69
0
47
73
10
240
0
0
1
15
375
1
1
44
11
102
4
0
708
0
33
5
6
385
28
0
2
41
4
3
1375
6
0
57
3499
35
1
9
829
37
41
2
0
0
0
0
2
0
0
0
0
9
3
28
103
0
0
0
97
7
14
2
3
0
21
30
10
0
0
2
1
6
530
10
3
1
274
96
0
1
0
5
0
12
0
91
4
0
5
0
0
53
2
305
666
370
43
471
698
231
309
427
0
0
435
0
84
564
5
499
953
1710
32
495
0
1
5
478
9
10
34
21
73
954
1
1
0
48
2389
54
88
84
61
974
713
409
853
293
0
478
10
1
157
25
156
20
2
0
1
49
334
0
19
21045
867
266
1
13
0
0
202
0
434
0
0
207
0
1
166
0
15
6
16
89
301
945
5
414
668
2
1098
414
1316
4
299
1191
1933
55
2
0
1
0
854
108
181
251
70
42
479
8
473
1
118
514
169
95
201
69
1602
199
617
526
382
7278
54
118
116
779
513
1373
71
80
536
552
257
1381
125
448
111
1164
0
1345
544
1183
901
525
337
2592
90
214
3159
1
1879
156
70
206
3
2
492
366
1046
1046
12905
290
81
244
1953
77
0
2
343
256
0
104
356
55
118
2
215
19
488
747
1
874
611
505
651
33
112
0
29
811
1
2443
680
816
203
389
943
571
162
141
1756
227
28
0
0
194
207
598
676
1228
947
0
274
1620
6
222
351
1882
637
6052
304
433
129
1288
9
1297
0
21
1103
291
0
120
95
0
853
157
35
352
477
360
361
0
337
354
555
0
275
5
56
899
702
829
960
0
3795
5
43
926
1047
601
992
375
308
451
248
585
276
85
2455
203
759
178
246
2
0
129
199
4171
1
14
0
2730
8
8
0
174
0
0
159
0
0
39
0
94
2315
69
1199
19
59
264
0
769
885
3
51
2317
5
521
2134
64
0
1
444
11986
28
136
0
116
416
830
7607
0
488
0
832
34
391
0
3
1027
747
0
0
16
266
236
103
684
1003
2
181
0
0
0
700
1323
0
335
7
1
0
0
4198
0
281
65
10
0
9
0
78
16
173
910
11
1
432
3
0
0
485
0
0
1
0
0
0
566
0
1
7
0
3
0
416
289
6
0
854
0
0
69
0
1450
3
4
0
0
0
0
1850
0
0
0
482
523
0
0
0
0
129
0
55
0
0
0
2291
0
0
0
912
0
0
0
330
1
1828
0
624
758
430
379
126
1
122
1438
646
3
0
808
279
439
9
2
45
76
12
396
46
4561
491
457
3295
1
165
2
9
7
2136
4850
196
28
241
171
249
0
0
292
5
0
352
3
8
15
771
104
246
14
2
7
5
951
0
931
2
0
0
0
221
5
89
3
51
484
19
1
857
0
0
0
5343
2
158
1
6
2
0
0
2668
472
2
626
87
848
857
1
0
1
0
576
124
255
2028
126
261
258
344
77
275
625
21
59
119
301
6032
5
175
149
293
747
0
4502
561
264
16
53
894
1861
612
112
108
373
728
130
1199
210
1185
505
821
0
4
78
336
77
3469
848
647
20095
188
693
316
593
335
96
411
2
2681
102
284
0
339
2227
510
448
714
526
71
972
32
107
319
486
270
17
290
0
0
7
0
2
210
2036
1235
57
42
0
4
12
518
123
316
326
201
690
232
369
329
234
534
126
285
488
748
53
3
3
417
7
343
0
383
570
189
0
1117
2107
6319
5906
561
383
430
156
996
149
1693
528
1648
70
221
446
13
275
576
82
1169
463
280
1240
0
1507
0
484
0
3
99
585
1178
139
298
417
552
124
703
47
507
15
321
315
5
1766
2137
2961
740
280
49
76
252
338
0
8
358
3821
47
320
127
0
640
142
399
176
242
10
0
1
5
211
3
753
386
596
4
0
4535
618
771
586
47
1
0
4
351
588
2629
100
644
30
243
86
3
10
108
10
1700
22
21
4
0
50
524
246
4
71
784
0
1542
231
0
0
1
7
0
8
0
0
3
196
41
605
330
60
795
1685
345
2259
336
7
184
0
67
251
1944
251
1890
220
101
56
2228
418
15720
988
203
32
749
32
62
2456
1472
109
223
0
132
63
0
0
1
0
1
53
4
1
85
65
1
75
102
152
438
292
5
0
26
4
0
8171
2
138
2734
153
3024
3472
7
7
0
149
6
9
77
967
6
239
541
277
1
3252
619
8
649
116
2
0
2556
512
0
0
0
0
132
1299
795
713
68
53
64
318
1
1
0
569
0
13
450
151
959
0
0
0
0
0
0
0
0
394
1022
3
156
963
661
1117
82
184
4
166
252
17
123
420
145
1948
260
7
161
968
116
0
16
53
613
167
54
478
2111
1
0
248
126
93
6
389
487
48
133
130
1567
408
30
44
119
29
3
692
0
24
350
255
140
0
698
1815
62
89
466
187
40
251
204
2922
142
887
357
795
123
499
113
283
189
354
663
5586
0
4
0
1
54
2
1
3
5
165
1
46
115
2
601
579
503
1292
79
77
30
204
241
1615
1
1
345
483
82
710
28
397
513
119
2
1169
520
3958
532
864
558
76
332
730
294
989
261
1422
713
610
379
147
1057
581
419
1077
1
0
108
1
3524
1072
1220
118
1392
1914
865
105
0
17
7
0
4854
0
0
0
14
0
0
0
0
162
919
445
198
123
558
1056
0
388
4272
2371
378
1590
331
11
732
164
480
50
389
26
1144
1
0
0
1
0
320
9
0
13
0
1
0
1
0
24
0
0
0
4
2
1
0
0
0
0
0
1
0
1
0
0
0
6
0
26
0
0
0
7
0
0
0
0
0
0
0
0
0
0
0
0
0
0
0
0
203
11
155
0
0
7
3
0
50
0
109
7
0
1
0
1
1
30
0
0
0
0
1
11
0
8
0
13
6
3
0
2
5
25
88
2
467
0
0
0
0
0
37
0
0
2
6
1
7
0
3
33
0
0
0
3
6
10
12
0
28
42
0
0
0
0
22
2
0
1
0
0
0
0
0
2
0
0
0
0
0
3
23
9
0
0
0
2
0
0
0
5
0
0
0
18
1
0
1
0
0
0
10
43
0
2
2
3
0
0
0
5
11
9
0
0
4
14
14
6
0
6
1
0
1
1078
0
0
163
16
0
28
0
5
30
0
0
0
0
0
98
0
3
11
5
103
1
585
0
76
6
20
0
21
0
0
0
0
19
6
0
3
230
0
8
0
7
2
1
1
0
1
9
0
1
0
9
1
5
32
0
0
19
7
66
0
0
0
81
0
1
0
2
14
184
1
17
57
8
20
9
0
5
3
0
0
0
7
2
297
10
2
2
25
17
0
0
5
18
81
35
143
1
100
205
0
0
0
0
50
119
0
1
1
1
12
0
1
15
0
3
0
0
4
0
3
26
0
17
617
3
6
4
33
1
1
2
12
24
1
0
395
63
7
51
0
5
77
3
6
58
14
0
66
33
234
470
16
164
620
6
232
2
333
0
3
143
0
9
33
0
110
1
0
6
8
0
282
208
32
13
6
0
402
14
3158
80
0
2
346
113
278
0
1
133
47
0
149
1763
57
3
325
14
117
203
4
42
6
0
0
0
170
5
3
2
14
185
55
2
0
4
1
1
3
43
321
1
66
3
109
0
10
2
6
310
0
52
1092
1
48
6
11
0
131
19
41
11
0
1
1
84
0
5
7
4
8
0
0
4
0
7
7
20
8
50
2
166
94
1492
1
30
46
0
15
0
50
1
1
518
4
0
3
6
5
7
0
0
0
0
258
18
1
7
8
34
96
42
9
1049
0
10
0
157
0
229
81
543
25
1
0
52
0
3
13
49
152
0
0
1
1
4
188
1059
0
21
710
1055
1
2666
298
26
0
0
0
0
236
0
231
0
246
186
1
191
235
0
111
3
1111
254
1086
0
172
38
4
6
473
14
0
15
111
711
21
482
23
1960
455
2039
3
603
4
1118
5974
3884
1962
6124
1130
2577
97
647
163
190
31
993
349
914
23
3
0
496
1031
1091
1933
5
31
107
219
482
432
304
0
0
135
901
720
523
98
929
2736
655
19
583
8
0
0
1263
61
29
1694
314
1556
510
0
40
173
507
20
471
382
561
599
2429
985
1200
681
43
1571
0
376
153
241
2
6
3561
1124
27
592
963
212
1996
15
231
762
689
3558
79
405
91
5134
816
980
564
5
2422
11
1
326
384
393
66
808
512
787
2163
29
755
88
27
304
579
555
2736
0
0
0
1
0
3
1
0
0
0
0
2
0
12
701
1
7
0
11
0
12
25
16
12
1
30
3
40
1267
5
14
9
12
77
7
54
89
8
15
65
51
41
48
0
14
525
0
50
64
37
23
37
50
105
194
149
336
1456
72
220
101
73
220
0
78
140
83
106
67
844
123
94
380
684
462
137
53
58
639
324
6
317
58
2338
481
499
452
373
18
815
665
102
0
2121
995
617
138
978
410
1687
2025
18
1161
5
28
0
399
0
647
575
0
1146
1
129
32
200
7
14
0
11129
0
64
1
560
1265
722
66
48
1459
241
655
367
765
321
24
0
184
12
1473
1
77
2390
944
444
0
0
28
0
276
251
352
7
0
32
3
637
564
807
265
5685
166
1003
20
205
814
1
484
1501
305
506
1053
945
521
437
179
3119
630
1067
102
144
623
1
34
302
0
41
26
48
676
789
594
1335
0
0
688
664
804
1377
0
345
2
1
1860
11
381
5
0
0
420
413
181
1
1705
206
926
140
152
2974
310
3957
200
662
154
0
422
1152
0
79
1138
16
112
339
330
433
291
1294
134
0
228
335
222
0
515
2161
347
1358
4486
1130
0
864
19
307
2427
2040
221
2
838
0
579
1551
1487
4985
84
1156
360
201
1621
2051
47
6095
491
887
17
20
47
303
828
540
89
1012
980
847
1866
1
4
2489
0
510
777
147
3251
441
0
0
0
0
0
0
0
0
0
727
205
70
518
0
1
4124
1934
1004
1
0
457
125
294
126
427
287
3743
249
19
0
728
596
45
0
0
0
499
1606
916
68
0
4
16
566
191
521
63
375
250
251
1641
305
21
659
1
144
3458
3
4
0
0
0
0
0
0
0
1
0
1
0
12
0
0
2
0
0
0
19
0
0
0
6
9
5
2
1
0
0
0
0
0
0
0
0
768
1
2
141
15
4
0
67
2
1
0
6
0
0
0
0
0
0
11
0
0
6
26
2
0
0
1
0
52
1
1
0
1
17
156
0
3
0
0
0
1327
0
0
0
89
2
5
1
0
0
0
0
3
0
4
195
27
1
0
0
78
183
0
0
0
0
0
0
0
1
0
0
0
2
0
0
0
1
0
0
0
0
0
6
0
2
15
0
0
6
0
0
0
0
0
0
0
4
0
0
30
0
1
0
0
5
0
0
0
3
0
9
0
0
1
53
2
0
0
172
0
0
0
0
0
0
0
1
0
0
0
0
0
0
0
0
0
0
0
0
28
25
0
0
3
0
0
1
0
6
0
0
0
0
0
0
0
6
0
0
0
0
0
0
0
0
18
0
3
0
4
113
39
10
1
0
0
143
3
1
0
0
53
0
1
0
18
230
0
0
34
0
0
32
1
1
2
29
0
0
4
499
31
3
0
0
0
178
152
0
0
1
71
20
0
2
0
30
12
6
0
0
7
220
0
94
2
4
238
29
171
4
0
446
652
0
12
0
93
0
88
55
345
6
99
16
9
34
1
182
0
4
12
62
242
574
92
4
35
301
1
1
0
0
106
0
1
5
2
1
11
20
26
15
5
1
7
1
24
0
9
0
3
99
11
174
0
410
0
0
9
1
0
1
1
0
0
0
13
99
0
0
0
3
0
2
30
355
2662
0
1454
299
170
1285
47
2085
1512
169
524
458
38
67
0
1
7
282
516
1906
394
0
22
42
1658
2100
964
448
2257
7
0
2
1
350
208
5
388
0
812
432
0
591
117
768
168
391
407
1210
366
63
40
53
350
2306
0
422
785
678
0
545
812
2135
244
702
439
499
879
260
0
0
6
759
0
0
96
329
20
348
553
700
10
0
1102
0
0
1649
57
589
772
0
81
1712
982
0
950
2
3
1053
10
557
54
3431
401
8
2591
555
1142
450
99
230
706
0
440
2590
428
7
0
6
268
256
0
599
2052
2
300
0
169
0
3
0
5
0
0
0
4
150
68
831
277
1132
206
411
52
147
17
37
473
4
222
360
336
552
712
781
147
5
260
163
281
1715
230
169
557
99
20
9
1171
1242
3199
303
73
2199
67
234
2
3
980
3160
130
1927
0
34
277
165
0
644
8
166
904
198
213
164
0
0
0
0
0
0
0
0
0
84
0
63
0
0
511
1717
0
834
0
1118
22
1188
2565
232
86
917
14
3
88
1527
251
280
702
3
280
1767
515
875
319
120
0
0
1
0
2
0
2425
0
0
887
0
1600
0
0
0
64
21
66
67
459
730
359
1032
115
0
95
0
40
858
440
2102
6
499
15
61
0
261
9277
72
264
3
120
3
223
0
949
1042
318
259
140
704
110
67
465
4
386
494
97
116
3
386
2476
154
281
757
291
1
6
57
325
2572
577
472
0
982
102
1243
7
0
277
163
0
0
162
209
319
964
783
197
562
477
1
443
2
0
185
3155
4
162
1483
325
267
814
172
92
4
1
0
0
0
1
321
34
333
79
1720
1
0
3
5
459
654
1
0
2
0
0
0
0
1
0
3
1967
0
0
0
0
1
1
2
0
0
953
148
199
762
0
0
0
0
0
0
0
1121
265
0
146
9
0
5
0
0
0
2
0
0
0
0
0
75
0
0
0
0
0
1712
0
0
0
3
0
0
0
0
0
0
0
0
0
0
0
0
6
509
1349
54
293
57
2697
102
145
326
146
186
714
2911
0
202
365
1217
210
604
438
1407
795
397
3
230
303
846
205
394
431
286
1408
37
1584
0
564
113
672
550
235
0
0
1436
281
3822
512
0
838
3050
180
894
318
1134
3174
2174
52
757
2725
1039
105
395
146
0
7
0
497
1007
128
2
824
14
473
919
883
1121
19
2448
10
4
1040
965
1190
4241
10705
1384
183
1067
2
4
41
0
6
277
88
292
143
22
105
5
769
624
268
699
18
4
60
285
706
87
277
827
334
178
0
388
233
132
837
3573
332
351
8
1242
170
408
0
649
721
146
4253
145
114
146
0
0
389
20
4
87
313
287
67
359
1037
472
801
3
27
565
372
1062
714
668
208
191
77
67
875
413
10
374
729
753
157
122
2191
396
12
565
0
0
0
0
0
0
0
0
0
0
0
0
1071
2
4
260
15
688
1656
0
23
609
54
591
356
40
0
139
1096
1101
412
254
4011
22
1431
591
1114
32
576
252
1236
16
797
119
44
179
217
7075
69
9142
0
29
0
426
943
272
0
13
0
830
0
0
0
3
241
0
58
205
461
387
115
546
2039
0
0
25
0
221
422
6
104
334
341
25
146
2
131
313
702
155
159
0
13
2
1
3
134
27
126
178
25
369
298
0
6
2181
184
1
1864
2267
350
583
63
465
180
1198
11113
463391
119
5345
4
2642
1975
257
1341
323
19
0
6
0
4
0
3
3
0
0
0
0
0
0
33
25
224
23
8
6
1
5
4
2
0
32
13
9
2
0
0
1
0
1051
0
0
0
0
151
27
0
0
0
0
17
23
40
0
0
0
0
1
0
1
5
9
5
6
1
10
0
6
1441
10
0
0
7
14
106
293
0
2
124
5
0
16
3
15
0
12
0
5
0
0
0
0
0
0
0
17
2
5
29
0
0
0
0
0
0
4
1
87
12
158
1
4
0
0
3
0
1
0
0
7
6
0
0
99
2
0
0
8
0
7
3
0
0
2
6
0
0
22
18
0
26
1
0
0
0
0
0
0
0
0
0
0
0
0
36
0
1
6
1
2
49
0
1
368
0
126
421
4
0
23
41
0
10
18
0
24
17
2
0
0
14
1
0
69
2
7
40
54
2
14
30
0
340
72
971
0
0
74
7
0
0
26
0
22
14
95
0
4
226
20
14
12
12
0
1
31
0
4
33
0
2
30
7
0
12
0
4
114
11
94
6
23
5
20
45
82
668
779
14
75
13
99
24
60
5
116
0
19
0
1
249
1
1
33
73
24
41
79
145
0
29
0
0
25
0
12
0
77
101
0
718
0
1
13
51
16
3
5
0
0
0
0
1041
0
109
144
1
305
1
2
1
0
64
534
16
1
0
53
2
1
8
40
833
387
11
0
2
1
143
6
0
0
0
0
1
63165
46
0
3241842
992
5
0
4
2
0
939
0
0
4
279
228
291
1
0
77
0
0
0
745
0
267
0
0
317
0
16
156
0
128
15
0
496
987
2
108
0
2
12
0
0
1
2
0
7
2
0
5
2275
0
0
0
203
0
925
0
0
1
55
439
1
118
1
3
950
0
76
0
0
70
197
470
1
1
325
0
10
528
0
0
0
0
270
0
0
1
0
407
0
0
0
2
2
0
226
0
595
107
51
0
0
0
0
622
0
19
0
0
80
0
0
42
44
0
336
0
0
1782
191
3
0
8
8
1
2
8
30
490
1
536
724
1460
154
1001
101
877
2
0
215
437
48
107
143
136
86
1
18
33
1
713
401
1253
198
775
204
2302
293
549
0
3377
232
733
901
2145
0
0
2443
539
598
71
237
530
332
166
0
87
633
0
169
3
3
36
117
1879
0
82
646
424
268
0
16
0
185
125
673
23
3
567
1684
0
322
314
1
2
1989
209
208
0
704
531
764
0
99
1161
1054
271
97
290
130
32
95
384
803
1072
254
0
0
959
642
0
671
473
12
612
115
85
49
0
778
0
0
1320
362
3
0
4534
2
30
0
0
0
0
0
894
10
18
2
8194
0
188
49
1557
16
72
381
0
0
132
132
48
2079
756
333
488
328
146
15
18
1511
12
0
217
451
137
501
54
1521
549
1327
7
71
685
11
3666
587
790
671
619
722
1524
1175
354
1680
61
1
6
395
38
373
23
13
1195
816
391
2
867
91
3
1547
200
2996
4
116
292
204
2051
280
708
0
0
1628
591
1363
350
292
6
74
185
2105
724
1921
1
724
26
0
2754
748
560
308
294
670
1696
257
324
2
304
393
0
6048
711
439
1405
111
2627
617
22727
708
1357
402
1628
19
474
105
0
680
935
276
192
594
191
0
1876
7
0
386
256
560
905
461
321
4
706
280
1340
529
52
343
958
0
12
571
5070
7
206
0
417
277
0
5
3
1
0
0
2100
25
1206
72
140
69
28
816
722
19
207
12
188
260
215
490
5
1168
789
51
1452
272
2
316
367
3
764
1
0
1
1192
310
352
5197
96
272
1206
4
741
1423
0
378
1221
0
0
0
608
0
0
2
3
0
485
13
0
688
0
302
226
1086
18
114
1
429
201
9770
1651
22
674
154
1301
302
4
1064
206
191
0
87
12
815
16
1
376
117
1436
1324
0
853
0
1454
2963
261
0
180
327
605
3
169
437
131
18
5
650
1420
119
1563
215
4
2
5
238
2740
4690
134
0
1448
398
141
1
3911
1428
40
2351
148
1372
228
3
1665
583
121
11
275
4581
63
754
4
98
801
354
0
387
736
0
71
37
3609
89
234
58
360
1934
528
706
1
211
299
1
958
0
25
145
0
1
335
25
2276
18
476
7
3209
128
0
0
628
1461
2154
12
66
28
693
456
949
0
0
0
594
0
0
0
536
0
0
0
1642
0
0
311
239
105
0
26
98
545
130
2325
602
3370
2523
7
728
789
0
1
194
752
196
549
2133
131
811
304
0
0
12964
8
341
1
0
3
0
0
0
0
0
8
0
67
0
0
234
1
121
83
442
639
386
219
89
17
1
535
1271
1754
2245
102
216
55
173
98
17
155
45
58
63
4
169
605
260
68
260
1279
1053
839
921
148
253
174
898
0
757
135
0
843
935
15
0
0
32
0
507
0
0
250
553
183
1
0
0
220
12
0
189
0
87
3274
1113
372
73
82
102
186
0
382
690
1332
0
160
362
0
97
282
153
79
952
0
3
3338
0
0
9
146
0
932
709
254
76
0
279
0
1063
141
58
3
398
215
500
26
0
178
202
79
457
14
1475
2590
1721
123
0
10
676
766
104
63
290
411
607
7
2334
317
0
687
191
580
192
1027
506
341
9
70
71
555
632
22
301
891
407
526
526
224
243
436
235
213
419
1706
920
203
7
4
263
1
139
134
12
809
806
139
2
219
62
1519
176
31
599
1
951
137
1131
428
772
104
100
3
226
272
461
700
90
277
15
482
38
144
2
0
1177
0
1000
0
0
686
595
0
0
1
0
0
59
0
3262
0
2
0
1
554
0
0
474
1251
503
3
2
237
1483
722
0
296
734
858
0
122
173
611
0
0
1
283
940
148
3
0
0
24
2206
0
0
231
0
0
7
238
8
77
0
0
189
0
343
1
8
0
0
34
0
0
61
17
27
0
0
23
0
0
0
0
262
0
2
0
152
0
0
0
0
0
0
345
0
0
0
0
0
81
0
0
646
6
0
0
0
0
0
0
456
181
2
0
0
0
0
6
0
0
1
0
0
0
0
1
0
0
2
0
0
295
31
0
963
0
733
0
0
0
6
0
1
24
0
138
2
19
0
0
0
0
0
0
0
0
0
0
0
0
0
1
0
0
31
0
54
0
0
0
0
0
196
0
0
0
0
6
0
0
0
1334
0
0
2
179
24
101
0
0
292
199
158
80
330
1201
635
0
0
86
366
0
206
95
377
208
1128
0
1165
906
416
129
1042
519
453
66
353
549
295
0
4
36
2795
653
6095
0
615
1564
122
1291
133
1649
295
0
13
399
360
62
632
198
437
656
35
247
156
75
5
1
915
140
153
1759
0
4962
603
0
0
0
2478
0
0
35
0
0
0
258
0
1
724
0
119
0
0
3
0
0
244
2
0
0
0
0
115
0
0
1
286
2
0
44
4
351
0
1554
13
314
391
235
2731
1018
418
732
450
2661
80
242
203
183
1530
0
0
0
1535
1
2070
2960
117
1509
768
347
0
1
1
0
32
0
0
12
3564
0
2954
0
275
20
1598
276
83
156
20
3
242
361
527
51
491
301
336
21
64
9
0
223
33
651
0
37
492
506
382
18
647
174
1821
405
40
722
813
830
56
1
0
546
0
1
21
242
86
112
826
1316
390
0
954
202
6792
358
1007
905
777
21
33
349
276
0
296
126
8
2998
54
670
148
521
206
1917
410
118
73
1
221
537
80
0
919
36
328
291
1002
20
2068
387
4368
4488
231
435
432
1200
6631
726
256
2
3
1118
76
139
34
211
75
493
143
300
3866
22
249
312
750
122
0
809
1
823
996
664
1726
419
305
913
141
81
1213
110
214
298
61
211
1
363
0
5725
1098
19
0
545
846
9
2
486
0
11
689
45
632
58
8
8
0
889
753
691
0
103
0
0
0
0
3
1
0
1
0
0
0
31
471
617
23
441
0
1
0
0
1
0
0
0
0
160
0
803
145
1
0
0
1
0
0
0
0
0
0
0
0
0
0
0
0
0
0
0
0
0
34
0
7
1
8
0
0
0
0
0
3
0
1
0
0
0
5
0
0
0
0
0
0
0
0
1
0
0
2
0
0
0
0
0
0
7
2
0
0
1
3
400
527
2
309
0
174
2
880
1600
3969
389
13
84
359
0
0
1118
786
1100
396
811
165
10
0
746
4274
1301
41
620
864
614
916
436
573
177
446
36
752
443
1
388
346
185
2515
265
1741
449
933
258
46
178
400
218
774
0
2231
0
3
259
327
281
505
25
1002
544
9
127
33
0
1308
0
0
2
262
2576
193
286
362
0
246
680
319
495
290
817
166
2
145
48
81
0
0
303
374
1266
612
1
0
66
69
65
533
1035
317
0
0
498
1
433
365
126
398
1
190
1
69
138
1627
1
4
9
0
25
0
31
7
28
28
45
153
252
0
272
8
24
266
1133
1
521
0
265
0
0
0
2
0
0
0
0
0
101
0
0
0
0
0
0
0
0
0
0
0
0
90
1
524
0
3
14
28
147
143
0
0
58
0
1649
1200
1350
6
62
784
461
2
1629
665
128
0
268
928
2795
1069
3416
332
1342
1
17
275
94
855
773
37
0
416
420
41
492
560
1216
106
124
9
177
116
384
59
543
61
9
22
63
15
61
36
115
0
30
1447
0
0
0
286
0
0
0
0
1
1
541
5
0
123
0
168
118
682
4
874
24
87
443
1070
27
1033
72
1573
244
653
441
8
0
347
44
324
0
73
1220
2168
371
421
53
61
7
942
12
112
4
0
0
0
0
0
251
0
0
0
0
0
0
0
1
906
308
463
272
1
288
1877
95
1765
357
395
2672
3757
217
1858
3
336
106
27
2082
10627
118
2446
5162
10243
436
124
1193
42
363
1
7
3255
342
0
22
0
910
4206
265
1621
99
0
75
875
267
1694
304
176
32
190
902
368
1827
57
341
1956
5
14
156
0
1155
290
182
586
209
238
2306
301
611
1792
253
667
10
2
1
160
168
440
1118
820
2303
370
908
4
272
138
580
885
1447
1087
258
24
32
1541
1567
2809
387
1215
201
345
1000
0
0
0
1
0
0
0
1
0
71
0
0
1
1
0
0
0
0
8
0
1
3
0
0
1
3
1
52
66
1
20
0
1
0
0
2
153
24
0
1
0
2
1
1
0
0
0
0
0
1
1
0
0
13
0
80
68
4
0
142
0
1167
0
0
0
0
0
0
0
0
1
50
16
0
7
7
0
0
31
7
210
10
0
0
1
0
0
1
0
0
147
19
11
0
0
0
10
0
0
0
4
1
0
1
0
0
0
0
1
4
119
0
0
58
1
6
15
0
2
0
27
0
22
1
3
8
0
0
0
0
0
0
1
0
0
0
0
1
275
0
0
0
1
1
3
4
0
0
0
0
0
0
2
1
0
2
0
0
0
4
0
0
0
0
23
57
0
6
0
0
0
0
5
0
47
0
4
0
0
0
0
12
1
0
0
0
0
12
4
1
0
8
0
20
2
3
10
0
0
0
0
0
0
17
10
31
0
9
3
0
0
0
0
15
11
88
13
1
0
11
5
0
7
0
0
15
20
15
0
0
2
2
16
0
0
0
0
0
0
0
19
258
0
0
0
4
1
0
1
0
0
0
0
0
0
0
0
2
0
0
2
0
27
0
10
0
36
19
0
7
32
5
0
0
0
0
5
0
0
0
0
1
0
0
0
0
0
0
0
0
3
7
0
3
9
5
6
1
27
0
0
0
0
4
3
5
0
2
0
0
2
1
0
0
5
0
0
0
2
19
0
1
0
0
5
2
0
0
0
0
0
0
0
0
1
1
3
0
0
0
1
0
1
0
0
0
0
0
2
0
0
0
0
3
2
8
0
0
1
0
0
1
0
1
0
0
3
0
0
0
0
0
0
14
9
0
1
45
0
8
0
2
0
16
3
0
0
0
0
0
4
2
6
0
19
1
0
0
0
25
17
25
0
4
11
0
4
0
0
0
0
0
0
0
4
2
72
25
5
11
279
0
0
6
0
1
13
65
2
1
0
0
0
18
0
24
0
0
1
0
4
1
0
0
0
45
105
0
10
172
18
17
4
4
0
0
6
2
50
57
29
2004
2
36
2
0
0
19
1
1799
0
58
10
16
35
3
7
20
0
4
1
0
76
6
5
389
10
64
482
19
49
575
395
3
77
47
13
0
49
319
1
7
5
33
2
1
0
3
0
2
94
179
0
171
78
2875
29
68
85
24
9
5
99
3
115
1
0
402
108
17
101
0
1764
16
1
79
70
3
143
135
0
17
2
29
2052
246
0
2
3
10
68
0
4
16
42
652
2
11
48
1
3955
0
1
30
1
783
0
5
0
0
0
0
1
0
0
5
9
0
1581
1
3
28
1
19
60
2
30
35
0
1
0
224
1
16
0
1
0
10
22
0
1
0
0
80
67
0
15
2
71
0
1
3
3
17
3
1
2
0
0
1
46
15
0
0
0
0
0
0
0
0
9
0
0
0
7
0
0
4
1
6
1
0
1
0
0
0
0
0
7
1
0
0
0
1
10
13
0
0
0
181
1
0
94
0
0
0
45
125
7
0
0
0
2
18
0
0
0
4
0
0
318
0
0
13
345
53
1
2
23
10
6
63
9
1
0
0
0
1
0
8
19
0
1
0
1
1
0
2
2
0
0
0
11
40
0
96
1
0
20
0
12
34
93
897
593
904
495
0
60
92
80
1292
1138
818
586
16
1250
145
3376
964
0
414
31
405
31
27
0
1209
473
0
0
31
396
2
251
1013
795
598
0
10140
9198
13
3452
0
0
611
74
887
0
357
505
1547
1008
1314
327
13
729
526
2
899
812
125
485
581
229
1844
1118
24
732
5
2353
46
3
984
338
19
399
0
1
202
1532
49
554
12
62
1515
235
8
754
54
631
304
1
84
475
536
28
2
473
0
34
440
310
0
3969
21
93
7
315
1
57
2276
195
59
724
17
373
432
1142
69
9
232
319
710
108
11
1563
0
86
108
4
6
2820
1184
7
10
62
803
35
330
64
46
137
439
693
3261
0
3
828
0
3
252
333
145
102
90
60
173
96
200
89
259
862
133
1004
1
445
4329
163
3380
14
336
31
77
1039
2696
1523
253
437
5328
763
25
653
18
521
358
0
205
80
1000
853
3616
42
843
229
119
1262
414
423
215
42
190
15
2
2065
164
0
1090
125
245
214
50
33
339
120
7
38
179
49
0
41
911
579
3
5
58
0
137
853
1
7
13
1
133
244
583
2209
127
754
73
17
120
18
912
0
415
537
1402
7
2
349
1879
350
2
853
741
461
17
2853
3
284
125
333
0
710
158
288
546
562
1079
70
5
1413
1
41
0
226
22
402
0
849
0
842
104
8
51
4946
791
3
0
434
318
183
853
325
89
574
2151
0
0
552
0
94
0
88
550
0
0
0
1123
0
93
3302
9
0
1
292
225
100
4
0
344
2178
149
324
10
6
13
13
2309
158
1359
154
1683
340
491
7
91
237
4
1682
47
0
65
350
354
805
27
116
1173
297
9411
571
446
2629
10
868
1272
53
0
183
540
1018
4
531
211
746
2251
449
1447
1
3195
1129
0
0
0
0
355
1036
2134
19
90
616
0
284
283
1
391
328
344
6203
293
17
1786
344
2549
4
32
0
2284
2776
0
713
802
385
3533
0
133
1706
124
276
840
0
1521
2
1672
1056
298
0
15
1048
237
23
740
629
1013
0
3
37
126
153
967
0
18
0
905
500
40
74
326
166
942
6
41
3835
488
823
138
5
26
69
3
1
920
2
46
0
38
273
2674
174
0
0
272
1
0
4
333
0
427
3203
293
256
200
2
4
9628
40
350
2060
1187
4780
2150
0
1471
756
0
667
1389
1062
732
3
244
4
11
1342
2874
317
5
247
410
180
399
7
100
589
499
299
21
0
332
2972
670
284
202
87
2533
455
4917
1569
1752
1352
648
9
1074
0
2
146
644
688
2329
0
31
1279
57
59
1278
1489
66
24
105
1277
29
1
0
78
0
1351
2769
1057
98
1052
821
2
7216
59
444
36
1025
2131
2
1
1
802
1560
4
2
469
1153
2
0
1150
410
115
66
147
118
7
343
589
1333
1433
0
0
128
617
1845
355
439
1
158
759
729
322
498
162
2135
360
297
85
514
380
315
262
1548
834
424
0
41
4
0
10
33
26
56
5
766
848
2157
68
766
937
2
314
42
1081
0
3
9
570
5
161
236
80
4
1456
276
6625
202
2210
100
277
210
559
422
177
3
3615
1409
1223
70
6339
1997
3
3214
49
4
430
375
0
434
295
1571
2
304
657
620
6
109
597
0
0
0
0
1341
0
141
0
0
6
0
0
0
0
2005
0
0
0
0
0
0
0
0
0
0
0
0
0
0
0
0
0
0
0
0
0
0
0
0
0
0
0
1
10
5
1
56
503
0
0
183
1040
26
1570
1317
4
102
396
550
1808
191
562
1200
663
10
24
0
4
14
54
4
323
2
8
209
46
36
10
345
551
35
3824
422
358
181
236
2
8531
109
1
11
1678
471
13
351
67
4
655
721
73
1616
0
0
0
0
0
0
0
0
0
513
159
0
251
0
2491
882
0
0
0
0
0
0
48
0
0
9
0
0
2
115
409
0
5
139
5
157
282
61
1105
421
889
5
1287
440
1039
2
1471
3434
426
699
517
1548
334
238
162
1042
549
2
577
241
0
0
0
0
0
0
7
808
0
823
48
117
0
1
3
428
37
917
8
2
0
69
0
4470
4
525
1
147
706
195
272
238
1229
17
2
0
126
1171
491
65
266
9
71
808
320
1428
173
240
4539
1320
963
5
4466
25
120
207
1001
46
502
539
465
0
0
9
4
0
389
844
603
1905
2190
0
6960
514
1198
12
11
678
476
206
246
119
324
9
828
370
1216
0
575
505
790
1
1476
1040
11
0
553
1195
531
2795
393
524
2254
702
0
0
0
236
460
445
562
1062
104
1964
0
27
3064
675
3475
430
325
628
1162
930
1121
1724
429
3
15
73
179
1319
1168
318
0
255
65
1
2075
98
823
1227
2103
1203
1296
1031
750
111
778
3
3
0
212
0
5035
51
1137
1444
0
0
67
7
0
0
0
3
0
0
0
177
0
0
0
16
1
0
7
332
245
151
0
0
0
0
0
101
0
1
0
0
6
11
12
2
90
0
0
0
0
0
1
0
0
3
30
5
0
1
0
0
144
0
0
32
1
0
0
6
0
0
0
0
1
430
0
0
0
0
0
2
0
0
0
2
0
0
3
1
1
0
0
2
0
0
0
0
1
0
8
3
0
0
0
0
0
0
2
46
0
0
0
0
1
0
32
2
0
0
0
0
1
0
0
0
3
5
10
4
2
1477
0
0
0
2
1
0
0
3
0
2
44
19
128
35
0
9
0
0
0
0
0
23
7
0
0
0
3
0
0
3
1
66
0
0
2
21
22
18
0
0
4
0
2
4
18
3
0
0
2
0
0
0
3
0
3
0
4
1
7
0
0
0
0
5
1
0
79
123
27
0
0
0
0
0
9
0
135
154
0
0
0
3
1
2
0
0
158
0
285
216
794
55
6
2
224
0
249
100
61
1
179
340
0
0
61
0
2
18
87
7
0
1
13
1
0
0
7
9
6
4
221
0
1
0
0
0
0
1
1
14
459
15
3
6
0
18
14
0
84
0
16
1
5
246
0
0
0
2
2
13
0
0
0
0
0
4
3
43
0
1
7
0
5
28
68
73
129
1
0
0
0
8
4
692
558
302
713
1857
1024
891
237
1872
1241
482
31
0
513
246
374
73
10
0
1
2
0
0
0
0
13
8
6
92
691
4
1
5
0
0
0
0
0
0
0
4
0
0
1
891
0
3
6
651
447
1
0
12
3
295
0
21
0
0
0
123
1
0
0
0
0
1
2
4
0
0
0
0
0
1
34
0
5
1
0
0
3
0
26
14
1
0
1
1
49
125
0
59
1
84
0
0
0
0
0
35
0
52
0
0
2
5
4
6
0
0
4
1
12
66
147
15
17
3
7
10
0
2
5
14
70
125
25
6
6
220
2
6
4
23
0
29
1
49
0
19
7
47
4
0
3
0
93
3
13
1
0
1013
4
3
36
6
22
14
458
3
15
7
0
133
0
0
0
0
26
4
29
308
251
11
1
48
24
16
131
1
57
1
0
53
31
8
26
140
49
17
375
20
0
441
209
61
3
50
27
0
967
166
1
0
19
77
126
22
3
16
0
143
0
256
2
135
28
184
265
0
0
0
0
1
2
0
78
7
83
19
0
0
58
0
7
17
327
7
10
25
3
8
70
24
0
0
18
3
1
0
1
0
3
1291
0
0
1
0
0
0
1
2
3
90
0
409
376
680
170
600
90
9
31
818
26
372
25
131
16
4
10
0
3
6
737
1545
4
0
0
0
68
2
93
14
2
1
84
3
44
235
8
402
2
275
8
3
0
14
0
0
0
19
0
44
118
27
28
69
4
0
270
397
1932
531
33
307
10
658
373
12
673
2
0
85
3
626
470
4
362
248
495
479
780
0
2783
304
346
87
198
945
151
603
137
1719
2762
0
254
16
908
0
331
54
320
0
311
53
267
2236
221
275
576
91
254
74
24
771
355
70
1
0
0
0
0
0
0
0
0
8
0
0
0
0
0
0
0
0
0
6976
0
0
81
63
562
3209
319
320
2
19
147
1190
413
1426
2
551
0
140
144
141
256
253
308
2
3091
550
161
639
4
4
164
192
0
0
143
184
365
0
2109
1065
505
656
499
9
1807
1
0
1
444
787
0
755
1396
640
219
793
3
290
91
204
679
138
3
0
145
1354
1
406
0
0
579
65
1266
1
543
59
55
38
91
277
38
706
180
521
0
2371
7
524
725
499
173
58
2731
125
374
271
0
463
1338
203
841
135
0
8
1048
530
58
0
0
172
212
0
0
2016
0
6
1233
455
173
822
107
513
899
0
125
371
27
287
60
111
181
297
7
214
705
332
36
160
944
32
394
80
0
732
452
306
1040
5
933
0
1797
11
63
29
1
44
1
110
0
436
1423
326
0
705
0
90
0
388
95
79
0
105
0
918
0
44
0
129
238
917
65
329
0
0
126
104
3
144
3236
252
519
235
359
0
235
6
0
0
65
0
0
0
1
0
3175
323
425
457
103
653
285
1319
5
1012
468
771
284
342
630
1
203
0
3
1
0
125
1041
1353
685
0
868
130
1213
408
909
284
9125
146
1559
0
466
0
42
409
79
0
0
121
633
3
191
5
29
8
35
16
4
1396
485
562
210
599
5
1695
481
99
933
1271
367
728
279
396
1278
1020
3
1294
26955
707
277
2414
166
580
240
366
122
696
154
3591
1651
407
53
575
193
0
375
1072
212
5
436
205
1524
437
4
1316
433
10
1264
117
809
1952
39
14
1876
1195
229
6480
3
735
50
1138
88
908
407
245
250
751
2079
201
35
0
405
120
22
2636
1845
765
197
223
627
393
240
227
64
123
6439
1
740
1
0
1898
345
6232
15
0
0
31
61
58
1158
868
1
234
0
670
458
13
745
99
216
204
369
1
315
857
712
2765
0
0
0
933
51
707
0
0
0
127
0
0
140
58
0
186
3
709
6302
224
4
2267
960
362
1034
3712
49
2923
6
373
14
913
189
166
443
285
6
253
0
0
27
1
0
0
0
0
0
2541
0
0
1
0
0
0
293
75
855
13
26
266
126
0
437
2938
2
415
10
41
588
362
15
0
258
1183
2
145
0
1809
632
144
0
1048
951
57
2474
24
1748
162
82
187
208
72
5
2304
186
160
18
136
989
326
416
1508
1375
2
0
1329
0
17
0
42
1756
2
329
11
1408
773
402
0
304
0
491
1
569
0
73
98
57
401
0
524
0
1775
0
0
0
0
1378
454
408
157
203
144
648
214
2
0
0
187
80
29
0
4
45
58
49
224
422
2
8
305
8
0
915
1476
345
3098
293
317
0
360
508
0
483
16
293
4
294
553
14
3
0
8
1
264
1436
405
131
3
967
0
1364
1309
0
0
0
0
0
0
0
1660
1352
379
11
2
79
2
0
1
0
363
2
34
1
1
44
7
73
975
545
114
622
532
3
1142
11
327
781
364
181
414
5
1
73
318
296
707
475
196
491
391
2
519
277
520
175
597
727
65
2490
1200
420
238
419
352
1923
746
1344
115
156
306
0
209
496
26
3
7
0
4
1
181
25
689
12
293
136
249
216
436
63
1296
1237
13264
253
27
239
1
83
7015
3
791
130
932
545
4
1
175
1
1112
369
232
134
1329
344
0
461
391
0
155
13
854
433
0
1016
2475
617
373
0
1
0
934
22
438
911
65
943
119
3533
2
115
332
12
161
1
0
28
0
1
1333
0
2652
5
1316
344
139
54
155
1
458
0
409
790
25
0
0
470
0
2082
0
0
415
1608
215
2058
987
473
1697
968
2
3
124
3780
0
1271
5
318
6
0
445
901
843
148
209
1510
1
338
1
495
2026
597
79
453
1260
1023
14
51
767
656
640
1484
4
78
674
125
888
757
690
696
413
42
25
294
101
2
184
109
83
66
639
536
576
268
287
101
264
53
387
44
3
0
0
364
468
3
294
162
536
114
19
6
625
99
192
191
0
0
0
0
0
0
0
533
1726
69
1025
598
368
157
31
843
77
32
162
1615
365
283
2
768
243
579
14
293
0
10
79
358
198
211
0
962
298
1185
31
111
7430
179
459
44
64
421
93
92
199
760
2334
345
4
0
56
1156
380
1126
399
324
329
0
35
3
738
219
270
405
401
0
48
204
56
1443
30
1004
432
419
536
41
92
44
3
0
18
1
289
46
2
320
1195
33
0
0
304
0
0
1147
432
1504
769
2
393
632
2942
0
4
354
405
0
497
2004
381
74
141
403
10
0
9
2
1
0
75
228
392
1
198
114
234
0
445
554
749
715
18
998
386
31
336
173
816
1
144
7
356
21585
1493
0
0
315
60
105
1619
2515
264
0
143
466
871
262
642
137
0
6324
0
0
0
0
0
196
0
0
0
0
0
19
37
551
0
0
0
0
0
0
264
199
10
1
1454
574
0
0
0
0
0
15
0
0
104
0
0
0
0
0
0
0
0
0
0
0
0
0
5
0
0
0
0
0
0
0
0
0
0
10
434
4
0
0
262
78
2
2148
120
295
159
508
6
1312
759
2449
52
0
2373
153
4
0
480
47
181
1536
656
45
0
3893
659
194
790
0
0
0
0
0
0
403
0
1
158
342
131
1
1
0
116
760
337
1781
230
431
74
657
156
526
198
67
416
5536
355
1141
1180
13
49
225
76
304
556
85
108
961
86
57
550
736
456
228
0
554
316
82
5855
96
343
22
1113
1
0
8
582
0
34
45
733
8
3
225
153
67
83
2496
372
18
628
814
280
289
161
13
2152
0
0
7
722
226
0
0
0
0
0
0
0
0
0
0
1097
0
0
0
0
0
0
0
0
0
0
0
0
0
2
0
0
0
0
0
0
0
1
0
362
204
303
0
8
0
0
4
0
6
2864
1797
0
193
1380
1178
376
20
7
79
1037
478
531
13
1248
293
146
19
120
0
16
0
2
1
0
0
26
2
1
0
0
2
0
4
0
4
0
3
0
24
16
7
0
0
0
1
0
26
0
63
0
0
2
0
0
0
0
0
3
71
0
0
82
1
1
0
0
0
29
0
0
0
0
0
1
0
7
13
88
0
4
1183
31
26
11
4
0
2
16
0
0
0
0
0
0
0
5
0
7
4
4
0
0
0
1
0
54
193
0
3
55
0
0
0
2
0
1
3
0
0
0
0
0
4
0
0
2
0
342
72
0
0
1
18
10
146
0
0
1
18
37
0
0
0
0
0
0
0
8
0
0
3
0
0
1
20
6
0
0
7
0
2
1
0
0
0
24
0
4
39
10
0
0
55
0
11
1
3
0
24
5
4
0
0
0
0
0
0
0
1
1
4
0
0
0
8
2
81
0
0
0
17
9
10
191
0
0
0
10
0
0
12
79
0
0
1
0
0
1
0
2
6
0
0
1
1
0
0
0
0
1
0
116
1
0
0
0
0
2
0
2
0
0
0
0
0
25
0
2
0
2
0
2
0
0
0
0
1
0
2
9
7
0
319
236
5
0
0
0
3
0
0
0
1
0
0
1
13
1
0
0
0
0
0
2
49
0
0
4
0
30
0
0
2
0
0
0
6
0
0
21
0
9
22
2
0
78
1
0
0
4
0
1
0
0
0
0
4
7
6
0
1
0
0
0
1
0
8
6
6
0
0
1
3
0
0
74
0
13
36
3
7
0
17
3
0
32
0
148
2
5
1
8
5
1
0
1
0
0
117
0
4
1
45
0
0
3
257
10
0
4
16
4
2
0
1
1
0
1
3
336
9
4
4
8
29
21
91
8
246
1
1085
121
2
1
127
0
1
0
33
0
209
1
10
1
0
350
24
2
41
27
3
7
36
6
93
1
3
11
0
35
105
71
5
1
0
0
18
2
0
13
2
0
92
0
41
1
0
0
58
457
28
31
178
39
1
2
4
0
22
182
13
16
613
0
254
5
0
5
24
324
7
17
46
0
6
0
26
140
750
0
0
3
2
0
0
2
0
4
2
23
9
20
12
6
0
7
8
101
0
1
5
0
1
71
0
2
0
6
0
0
190
174
1
28
81
1
47
327
0
0
212
8
0
2
1
0
0
31
0
0
5
0
16
42
345
0
2
0
107
0
10
0
4
0
27
0
2
176
0
21
4
0
16
0
37
0
18
20
14
4
983
913
1529
290
747
405
215
986
10156
295
1273
182
3
723
3322
2731
394
969
537
1641
21
443
426
6540
361
0
66
235
10
0
11
363
2820
16
25
1
249
2625
187
18
289
1
2
595
2550
2790
5
2598
699
1265
1
0
742
0
0
83
46
219
0
2026
1388
667
278
615
0
34
761
1
0
0
2
120
0
0
313
1368
717
1908
82
73
309
375
1284
0
0
179
102
1410
354
1332
0
0
826
952
1312
631
0
2790
0
0
2
858
1
2617
1549
247
471
368
125
879
198
232
490
1
228
1083
172
135
214
2317
2
597
14
321
0
0
0
334
651
0
0
1329
581
0
267
109
148
0
0
0
0
26
175
129
85
1232
35
446
3706
1851
73
47
2667
315
1114
72
0
42
0
1197
459
0
0
2194
1098
1598
2416
383
719
3
311
2214
1321
351
0
430
587
27
139
0
135
0
69
175
1104
508
29
1880
32
0
187
703
3029
0
1054
1286
71
331
0
0
1439
233
15
639
0
542
1788
369
336
182
945
170
1
392
707
0
0
0
0
293
59
2254
1348
1037
1874
2045
99
875
407
353
1575
1817
3676
537
2780
0
0
1929
0
1141
256
262
2
155
157
2
1
0
914
1
1288
97
362
3
66
643
0
19
308
1
321
3478
711
0
0
5
0
160
562
117
196
3262
449
0
1149
2
1925
12
1241
5631
7
123
618
1824
1
1
0
0
45
0
3
0
0
10
519
711
243
1010
843
215
487
225
367
150
279
70
22
3
1117
16
1
166
190
2191
0
144
236
503
463
1748
4425
556
13
168
172
229
202
836
1378
589
192
81
678
202
711
77
792
858
553
16
41
0
1064
503
2
1
755
0
1
8
2294
219
1168
3532
2
213
108
603
26
157
202
102
743
3
94
0
5
0
3385
1
98
29
63
143
0
50
43
6
0
2
1075
649
4704
260
1845
231
0
631
2557
31
1082
949
4200
91
227
219
1
41
71
669
5113
654
374
986
291
164
101
76
38
549
3
3
362
61
0
1
279
0
74
1
0
1
1084
288
0
160
0
16
242
382
487
0
3105
522
3
1155
1
0
3399
1
0
1
0
0
0
0
10
0
0
173
83
0
0
404
211
299
2
688
536
56
3
58
721
252
67
142
8
3
0
184
6242
690
3332
2
667
2592
164
0
246
142
400
3
183
1205
0
848
0
221
144
0
2
1344
161
355
442
107
438
767
78
96
129
9
213
1158
673
6
455
378
5115
2354
156
710
220
3
0
23
1422
1493
721
1167
812
724
492
31
138
325
773
7
4
198
0
1
401
290
385
999
318
3
0
7
175
1608
91
615
16
2556
692
20
0
146
1086
1288
319
584
0
1528
4052
1521
7
2885
1
9
0
1508
3
444
1140
149
214
86
130
139
127
7915
752
111
271
3752
608
1
1
4
55
93
127
232
454
3
0
0
0
1852
2
591
0
0
0
0
0
0
0
0
0
379
747
1535
593
68
74
146
1
522
667
0
1281
2255
0
1742
5
412
736
202
2116
1287
836
2
64
773
371
795
1047
24255
401
158
10
583
539
1058
0
1687
2847
2409
784
37
852
45
298
1163
1596
590
503
193
440
34
826
131
1
0
2157
53
240
1418
168
32
398
101
444
193
10
420
124
20
73
1595
652
2
1345
3784
99
39
209
303
201
1286
99
0
12
1106
0
213
565
134
4255
414
835
108
595
0
0
403
498
101
448
426
62
693
2
199
8
91
761
725
484
0
342
1957
4
0
2
48
1354
80
0
3554
0
1663
5010
726
62
138
3146
111
601
1563
630
1268
347
141
0
0
1
0
444
20
2331
10865
1
697
283
1336
2889
499
141
466
976
417
314
916
207
825
477
67
3
898
1335
8
229
501
582
522
695
1330
57
171
0
811
980
955
215
2044
196
120
2162
2904
0
1
473
73
2162
587
120
271
268
41
241
182
374
2953
1
0
0
262
627
1925
0
3
791
4013
176
64
570
6
329
870
27
12
256
270
0
561
271
433
107
284
241
59
2559
0
1
670
299
517
228
298
1340
811
105
50
8
579
625
0
1
16
6
1017
0
956
275
196
0
5266
81
186
1522
684
120
234
0
141
959
140
11
161
0
380
66
89
98
225
843
1
298
0
672
623
883
251
425
365
451
47
294
493
538
156
0
1077
9
1667
627
12454
36
1281
103
242
3771
2134
314
97
147
2106
1140
144
119
627
2358
12
125
0
1378
849
132
104
189
1964
251
137
572
960
279
1518
368
605
331
700
119
170
236
227
211
184
210
756
2115
508
136
153
156
620
0
48
0
683
993
96
420
708
93
598
583
0
361
270
1872
0
27
6
5
44
1702
232
545
480
91
0
201
3284
3150
0
4
242
0
14
859
332
544
351
136
18
1023
6
478
87
184
723
10
119
0
4982
40
134
4
552
1517
465
431
0
0
227
178
2
211
244
0
526
384
1489
6
237
965
147
299
3064
135
422
295
353
0
282
343
486
113
1
178
307
374
690
172
59
119
17
383
67
4
6
1
0
0
2
125
22
0
42
7
942
823
536
917
306
164
2623
275
0
0
95
570
0
166
1845
993
89
484
101
1671
0
0
0
0
0
0
0
0
0
0
0
0
0
0
0
0
0
0
0
0
0
0
207
51
430
143
259
51
1930
328
1937
552
21
247
4291
308
1569
164
594
481
0
647
6098
417
956
1772
15
0
470
22
17
55
16
29
585
58
235
603
44
244
50
87
72
1
237
0
0
2425
0
727
707
2
970
689
0
16
184
465
815
973
0
489
448
230
244
608
1727
65
420
0
961
273
473
74
21
37
456
192
1686
0
384
937
295
110
321
567
134
801
720
320
1538
855
662
518
1142
81
5
1977
9
354
0
1278
1075
4
1266
0
3826
1143
17
161
0
0
0
0
0
0
0
0
0
0
279
373
348
167
195
16
7
199
0
0
0
0
0
0
0
0
1
0
0
0
1459
410
24
28
30
87
0
2044
450
124
756
89
0
244
5
143
529
342
33
5
0
47
57
13
0
2
37
2
215
286
772
3
203
0
113
376
0
735
407
50
2
0
501
0
166
0
0
0
7
0
1
6
0
50
0
0
0
0
0
0
0
0
0
0
1
0
0
0
0
0
1
1
2
220
133
26
0
3
100
0
2
9
8
1
3
0
0
24
81
59
1073
15
0
0
0
0
25
0
0
1
0
0
7
2
0
0
2
0
0
11
0
0
0
1
5
84
0
0
1
0
0
0
5
38
0
1
0
0
1
1
0
0
2
7
0
0
2
25
2
1
1
3
0
0
0
0
0
1
0
5
2
0
1
3
377
2
1
8
33
10
5
0
0
0
0
0
0
0
0
0
112
1
0
2
46
3
96
198
14
10
1
0
6
17
1
0
9
0
0
0
1
0
1
0
0
0
0
0
0
1
1
0
0
0
0
0
0
0
0
0
0
0
2
0
4
20
840
0
17
0
0
0
0
0
0
0
0
0
0
0
0
0
0
0
0
6
0
0
0
1
3
0
0
0
0
0
0
3
0
0
0
9
0
0
2
2
0
1
0
0
0
0
2
0
0
1
57
10
32
0
0
0
0
0
0
1
0
142
30
1
2
289
15
5
13
8
0
0
8
12
286
0
0
9
2
3
0
1
23
0
2
3
6
0
0
3
1
2
0
149
0
43
2
0
2
0
0
0
3
0
0
0
0
0
0
2
0
8
0
0
0
0
0
0
0
446
0
2
0
0
23
1
94
1
37
0
47
151
234
7
0
234
3
0
0
0
493
0
0
1
29
23
0
5
0
0
0
0
0
0
0
0
17
0
0
2
1
0
0
0
5
0
0
3
0
4
0
0
5
20
0
0
0
1
142
0
0
3
1
0
0
0
0
0
66
166
0
0
0
0
0
2
33
14
13
2
0
66
0
1
3
0
5
1
0
121
0
0
0
0
28
3
0
177
104
3
0
0
1
2
12
0
7
0
77
97
2
16
10
0
43
0
0
1
0
0
0
0
0
0
1
0
0
74
4
2
0
1
0
0
0
6
0
0
3
17
1
0
0
0
0
0
56
0
23
1
17
9
20
72
18
1
0
5
1
24
24
121
0
38
0
0
0
0
278
0
63
92
0
64
100
0
84
0
17
1
4
315
18
0
8
4
0
19
48
7
4
0
43
21
81
1
0
43
26
95
1829
167
28
9
678
5
3
3
1
91
0
13
3740
7
0
4
21
3
49
42
835
857
11
4
17
6
0
0
3
4
2
48
20
1
2
7
68
6
57
114
213
4
3111
142
11
13
242
3
668
10
90
153
16
30
28
2
41
0
0
173
22
1
3
0
6
169
66
0
17
280
282
102
0
0
3
0
61
6
32
10
155
239
42
0
0
7
51
23
149
147
13
114
0
217
23
0
1
352
0
45
0
0
0
8
0
0
0
9
41
54
6
26
252
11
61
11
0
1
265
1
0
0
0
1
154
1
2
455
7
4
0
1082
0
9
1
3
533
33
16
8
0
2
0
21
0
0
0
0
0
7
1
0
0
9
1
1
158
1
2389
556
117
23
0
0
0
2
13
1
2
3
0
241
9
166
47
196
6
0
10
49
23
16
9
0
0
0
0
0
0
0
0
0
0
0
0
0
10
126
76
7
3
45
17
473
2
0
17
0
0
1
0
0
5
0
0
0
0
0
0
85
0
4
173
224
727
554
281
264
27
0
827
6
40
6
1102
0
2
244
618
76
120
238
956
119
390
272
276
2
294
299
6
14
4
0
2
0
1
4
2150
0
13
0
5
58
78
43
32
0
549
0
192
35
6
0
0
2
0
1456
0
1
127
128
0
0
0
0
1
0
973
0
0
0
163
2
1238
643
18
1
710
0
613
9
561
139
42
34
6
70
35
973
144
459
52
2
193
58
1061
291
573
20
148
338
1539
508
1
1588
346
417
262
31
2018
575
1815
307
155
0
0
6
10
227
1
316
883
0
10
583
6
0
2313
0
0
0
4817
0
0
0
481
0
0
0
621
163
0
421
782
930
525
863
388
79
1
66
0
1585
283
31
255
127
71
254
812
1
0
1344
700
0
186
0
76
407
260
11
803
282
263
1032
618
123
208
684
4
4
2419
105
799
776
257
788
524
77
6
257
147
476
493
515
1262
1374
501
2767
327
2892
2280
5227
173
1
0
0
745
0
419
1389
94319
334
1246
382
1298
553
9471
57
123
363
0
2276
1
309
562
0
3
644
1
2996
2
0
9
1948
223
461
0
1990
393
69
137
1
0
1080
568
0
864
454
829
435
46
754
70
119
18
1
56
265
766
372
252
1170
10
141
404
972
25
199
12
1380
164
371
2182
270
1333
30
584
0
1317
15
103
69
2861
283
1448
848
2052
8
59
11524
109
2
5
3
3
20
876
321
1340
1
902
1069
12
57
1582
154
876
409
1
1
258
0
181
1935
2133
904
736
1281
254
650
2005
384
1010
3318
24
605
931
213
219
758
4751
705
2957
644
0
1
85
10355
7
0
1635
289
11
5
127
517
1033
0
3
2
1
898
769
275
2
918
121
11
54
987
395
864
436
143
132
344
251
169
718
650
334
923
0
279
0
270
459
10
1
84
2
7
2854
5922
139
154
2268
1
3956
469
1902
7
379
578
3
637
137
6563
823
284
331
19
708
4
311
53
312
0
98
0
1
390
0
77
221
46
2
24
214
1
47
2
5
18
26
292
3
133
53
467
0
0
0
0
0
0
0
0
0
32
0
0
0
0
239
0
0
0
0
0
0
0
0
1542
0
0
0
0
0
438
0
0
0
393
0
0
0
978
0
7
0
268
14
1
10
0
8
0
489
3
0
0
2
61
1
118
0
9
0
6
0
24
1676
404
734
123
147
1026
176
976
96
587
848
1
148
0
31
0
0
0
0
2
192
85
0
0
784
0
1783
0
7
43
1
0
0
2
385
360
79
0
8
165
819
1178
110
4
0
1
2
72
286
11
12
1670
486
294
2067
0
1441
1691
3
201
3148
141
556
0
175
1283
1220
267
364
3
2300
0
136
0
855
20
683
669
19
0
4534
817
1
241
39
3
0
0
9
0
0
1037
0
768
47
293
2454
2
49
5
2
14
2
0
37
117
705
363
371
146
2
55
3611
121
0
6093
11
139
508
287
189
0
2040
55
60
90
0
0
477
0
128
0
0
0
2639
1
0
0
578
333
451
52
80
3872
66
1164
247
488
298
0
5
3395
4
0
0
630
2
0
0
93
331
1391
2242
211
568
1433
1315
1383
14
0
29
366
0
4
1084
1413
218
580
552
2218
64
342
247
9
360
729
0
0
1
2409
0
0
60
63
1945
274
144
354
45
552
377
21
0
0
0
770
5315
6197
1443
0
528
1174
459
196
1103
796
132
0
4
0
0
125
0
0
334
905
5
900
737
525
589
776
412
58
2558
2305
136
3252
1067
1055
718
22
593
469
707
88
159
1
7
315
2487
284
622
26
20
985
51
35
0
1392
0
1231
24
69
22
218
119
1369
185
6626
234
27284
86
1
1546
369
738
1448
417
141
1349
201
294
1
593
2495
428
38
906
276
0
1151
2
2
0
2
1
59
0
7
1
537
320
79
216
2520
18
379
878
442
9627
1
0
496
2638
1045
100
417
648
81
726
184
108
1061
164
65
607
3
0
1
0
0
0
66
549
208
0
150
53
747
423
721
372
668
128
76
816
787
144
1128
228
66
397
12
24
0
0
0
17799
307
2040
981
1575
1130
2540
540
6675
13
32
217
0
192
3434
57
732
18
7
0
494
600
634
620
5
4493
384
1271
1478
11
50
1
1838
95
0
105
1313
358
299
205
0
182
421
10
5751
478
1107
26
584
499
443
1043
969
0
838
4
32
73
228
501
36
374
314
0
695
247
826
24
813
539
476
1
1
4
14
3707
0
258
136
1
0
6
715
56
0
32
35
155
1
350
51
138
201
2679
992
136
374
23
368
329
1790
696
204
897
1464
52
5
0
0
0
0
0
0
0
19
143
664
484
273
428
415
409
647
0
631
2843
729
62
4422
1
764
207
0
446
1395
759
0
0
882
441
1596
902
97
335
10
119
1
4
714
113
1462
509
403
2397
74
57
397
1554
508
14
907
53
414
9
320
215
166
661
525
0
0
5
2
7
56
68
39
107
106
1950
6
667
627
709
516
274
1
497
59
1351
68
1194
371
615
467
67
1
172
9
91
28
2144
1002
478
15
440
2923
322
1
2
24
952
277
12
224
0
594
0
0
0
0
0
0
0
0
0
0
0
0
519
177
3107
38
0
0
60
102
0
0
3
0
2
12
0
0
39
5
26
0
11
0
0
38
4
0
3
5
0
21
0
0
0
0
0
0
0
1
0
6
0
0
2
145
0
17
42
14
1
1
1
0
0
1
0
2
5
2
20
0
1
0
5
12
0
0
1
0
0
3
0
11
0
0
4
0
232
4
0
56
4
7
103
0
7
1
41
257
1
20
1
44
0
0
0
0
0
0
0
1
1
2
0
3
2
0
0
0
0
0
2
0
0
0
9
1
0
0
6
0
1
0
1
1
0
0
17
2
0
0
0
1
0
5
9
0
0
65
0
1
0
0
32
75
1
0
0
1
0
1
0
0
0
2
1
3
0
0
0
0
39
80
2
3
5
1
0
0
0
1
0
7
0
6
8
15
6
3
3
0
0
33
0
3
3
66
0
0
14
154
82
1
0
0
0
0
0
0
9
5
0
0
0
0
10
0
6
4
0
1
0
2
65
9
3
0
0
15
2
186
4
0
0
41
1
0
0
1
0
2
16
27
0
0
0
0
44
0
3
3
4
0
3
397
0
0
0
0
0
0
1
0
0
0
1
2
1
1
3
0
0
0
0
0
1
11
70
7
2
0
1
0
81
1
0
0
0
12
0
2
5
54
4
1
1
1
0
0
0
3
8
2
25
43
0
0
0
24
0
0
2
0
0
0
1
0
0
0
1
0
0
1
6
118
0
20
85
0
0
26
6
2
0
87
0
2
59
89
51
51
2
4
0
0
220
220
88
18
48
13
0
0
0
0
1
0
0
0
7
0
0
3
2
7
97
4
6
181
0
2
5
85
53
74
3
0
0
0
5
2
1
39
1
3
28
13
0
0
0
1
0
0
1
85
0
0
3
0
7
44
88
1
1
1
12
387
2114
5
2
0
35
2
0
3
14
97
4
0
6
7
118
23
24
1
180
7
249
551
4
0
76
2
16
3
0
19
157
28
60
0
109
0
2
0
0
39
7
1
90
56
49
193
0
0
0
4567
0
73
78
0
32
3
323
0
1540
121
0
0
773
80
1
585
3
1
83
593
147
2584
5
63
797
5
550
15
159
14
0
5
87
3
48
190
0
11
25
0
0
0
0
76
0
0
0
0
1
0
0
0
2
10
2
0
0
86
379
0
0
0
43
24
4
274
28
7
4
31
35
0
1
2
152
0
1
0
0
0
1
0
0
3
39
0
1
12
2
0
55
2
8
20
1
218
0
1
0
2
6
1
6
0
448
0
2
1
0
0
0
1
11
127
92
0
1
505
4
4
0
0
0
445
36
14
449
377
1
4
208
0
285
1451
101
0
54
27
492
833
694
108
281
3
49
0
0
836
91
225
306
336
937
0
1248
288
2
161
16
79
225
395
7
727
238
425
1
1812
16
118
7
0
32
0
0
636
0
369
0
0
1
0
6
0
0
1610
10
440
8
2
0
0
52
0
374
0
0
992
0
0
0
4
829
44
4
3803
0
413
104
2007
0
0
2
826
9
552
81
13
268
9
0
2
21
0
3
139
66
0
115
266
41
0
1
30
0
250
146
265
0
2763
9
266
11
1
301
1069
39
0
11
0
524
6
445
2
174
2
0
0
0
1725
0
562
0
0
6
0
556
0
847
0
593
0
470
0
0
0
16
1
0
0
1
362
0
0
0
0
0
0
0
15
766
0
381
10
0
23
36
3542
176
1493
126
2131
829
1
0
0
4
3
0
2
81
1
0
0
368
2613
427
49
0
29
0
53
2319
15
1
1
0
3
0
0
2
0
0
0
1806
0
0
0
0
0
0
9
454
5
0
0
911
486
21
817
558
215
9
72
5
134
243
7
127
55
348
134
656
898
444
735
2
530
0
128
13
662
0
0
2981
1393
4334
322
94
75
4236
321
290
230
207
66
0
0
1
551
0
180
751
0
0
274
0
810
1
0
2775
99
2299
246
1095
294
274
1
0
30
727
1
0
0
19
697
179
3972
616
29
32
46
8
52
2
513
150
275
36
405
558
128
341
485
1150
400
849
44
3
3144
0
0
0
0
7
0
727
366
371
0
33
160
0
2455
377
0
0
0
0
0
1
1
0
0
0
0
0
0
0
0
0
0
0
0
384
0
0
0
0
20
0
32
0
0
1
0
0
0
0
5
0
0
0
0
1
0
10
0
786
400
0
5
632
2213
148
9
669
208
502
159
1003
8
173
261
911
488
0
300
68
570
100
277
14
71
82
3062
60
525
384
464
51
698
931
0
5
858
3
4402
1018
4
18
1001
9769
1292
292
254
364
76
151
1
2
190
921
0
2
281
431
197
1
354
1589
14
19
3
3
210
0
3015
5
1153
587
1026
17
326
507
1
47
17
135
1079
450
31
903
43
151
323
336
123
1290
355
138
11
133
610
9
952
67
357
791
951
28
1457
231
355
288
233
0
88
210
8
45
2069
226
395
171
0
1932
415
553
790
36
1340
98
722
979
3724
195
744
508
17
0
1682
112
672
2
148
3
928
30
1986
114
199
323
540
5
544
5
262
151
1069
351
6
55
996
648
85
17
405
6
865
1615
464
51
27
593
16460
7
531
6
784
1
16
45
1609
62
31
0
561
3270
1076
156
65
405
585
0
0
11
332
140
42
2324
2454
2155
198
68
282
23
7
680
16
509
114
442
24
766
750
698
1956
291
326
96
177
5513
8
328
8
68
103
34
681
436
1
79
864
786
3
18
873
291
0
41
0
848
0
0
0
0
0
0
0
0
0
0
0
0
0
0
0
0
0
0
0
0
206
0
0
442
201
900
311
0
0
0
0
0
254
0
97
101
0
0
0
680
0
142
741
932
1228
29
351
0
0
0
0
0
0
0
0
0
0
0
0
346
0
0
467
0
2
0
0
0
0
0
0
0
0
0
0
0
288
0
0
0
0
0
0
458
291
0
0
0
0
0
167
0
0
0
1841
0
5820
173
259
0
2063
426
279
9
444
366
363
198
928
0
533
0
0
613
6
0
0
151
788
180
0
0
307
0
1
0
2
2
662
0
0
0
2
1
167
0
0
780
6
1343
403
426
232
18
2985
217
26
78
40
728
73
63
344
649
340
697
161
1
1692
3
1437
280
899
158
49
166
1
33
0
686
173
255
6
38
2328
1873
53
1404
339
55
91
68
36
1
219
1
13716
1
272
62
4
213
60
154
82
117
0
39
227
0
309
81
100
0
60
0
463
330
203
6
634
323
119
0
607
0
24
0
40
201
0
9
8
1
406
4345
1277
363
322
153
483
1242
0
140
8
1
444
1
12
0
0
0
0
6
0
2631
286
322
360
0
258
0
5
1844
277
47
33
59
0
34
318
135
2
0
0
3
2
0
1405
0
0
346
7
0
2094
517
2935
1168
17
185
49
2047
1429
152
3
0
60
0
0
4296
0
0
0
0
450
1018
1798
146
0
0
0
1
0
2923
1
1231
0
0
1
2233
482
0
57
0
529
38
0
66
0
0
0
428
0
228
0
673
0
27
0
4423
21
0
0
347
0
1
151
1997
0
0
0
300
1806
33
0
1
5
0
0
667
4
0
68
3356
6
1
0
220
37
0
6
1608
1
12
98
246
139
572
249
509
3
0
1556
2
0
2422
1
443
3
35
75
400
2380
635
22
143
802
120
1194
0
0
817
334
30
1168
0
0
3
635
251
367
374
775
0
0
20
0
44
71
0
2018
1219
395
107
0
26
854
159
168
0
69
1
2215
799
0
0
44
0
0
47
0
182
0
491
375
40
0
570
0
1165
4034
438
3
303
1
490
566
111
625
0
320
71
0
16
556
32
1541
15
6
497
295
208
1084
6
0
1
208
651
135
0
1001
1189
0
3330
0
1
8
0
0
33
365
0
0
0
0
0
0
0
0
0
0
150
0
20
23
60
3
2561
493
0
175
31
1
39
8845
323
0
496
193
5
794
364
177
322
4
23
270
0
1417
7
585
12
16
4
733
738
1124
500
8
0
0
0
0
0
40
0
0
43
118
0
0
0
0
0
0
0
0
0
0
0
0
26
0
0
379
0
0
0
0
221
0
394
7
11
0
0
232
0
0
185
0
0
589
1202
790
7
0
850
396
76
1355
1826
735
1059
498
168
1483
588
871
1156
103
23
30
0
141
267
2449
3
818
545
1
58
20
1207
638
77
0
87
10
1688
359
253
208
336
0
60
475
4067
1760
4216
89
0
0
21
0
1
49
1
1163
313
5
97
5
1747
1811
0
0
1
0
0
15
492
18
8
1
1
2
558
0
408
559
0
0
0
0
0
205
2
0
0
0
2800
0
1
658
0
0
0
0
0
135
149
1
0
0
0
0
0
0
18
16
0
3999
0
1
0
6
42
1
0
0
0
0
173
1074
908
130
0
0
133
1152
563
999
2570
647
389
81
633
952
469
5
1
1
271
1202
1386
748
374
0
22
1413
530
16
803
238
0
0
3
0
0
0
0
0
0
24
0
0
0
0
79
0
3575
4
6
675
4
7
711
1
0
857
549
77
37
107
702
0
39
83
271
0
248
65
2108
372
1183
802
165
170
466
1429
7
25
24
160
28
187
2
2
0
9
0
0
2
2
586
1131
162
623
3
0
0
142
1069
147
141
1
0
0
3
641
272
0
29
41
950
1
6
488
1
514
125
544
718
179
10
0
258
0
126
0
154
190
211
232
146
97
492
550
557
291
155
4
2
45
0
958
0
894
199
0
391
138
33
75
1192
0
0
0
28
0
0
0
0
0
64
0
0
0
0
0
0
0
0
0
0
0
1
85
3
0
0
0
0
0
0
6
0
6
0
1323
0
0
0
384
88
0
137
1051
601
2872
518
172
12
1542
489
28
10
31
13
479
487
3089
529
6
24
13
0
65
55
792
1
238
601
2187
7
226
22
549
616
45
0
9
803
13
49
0
1
66
546
39
0
0
0
0
0
0
0
4
0
0
0
0
2284
0
0
178
4
0
0
0
0
0
0
1
0
0
0
3
0
22
0
59
0
0
0
1
0
0
0
0
0
719
1
0
240
21438
1
629
52
0
8
601
208
116
998
269
1140
348
0
35
314
157
180
349
39
366
12
0
0
158
1
1
2
346
2
0
0
0
0
0
913
551
992
343
4
783
277
2
161
706
1554
559
0
878
16
8
2
590
986
2266
171
223
616
162
1487
1428
638
1416
261
174
0
0
453
0
220
250
388
301
398
70
73
611
195
134
135
0
3
161
1496
0
11
0
51
1
64
107
0
791
840
1473
666
7
0
333
38
0
1001
1490
2404
63
29
204
367
83
23
0
1
212
631
325
5
0
0
22
0
0
0
3
0
122
0
0
0
0
0
0
0
0
0
0
0
0
19498
70737
1
19
0
0
0
0
0
0
0
0
0
0
0
0
0
0
33
0
0
127
1114
701
2399
3
771
7
1237
588
0
0
379
697
338
962
1499
102
1897
101
1044
1313
41
12
1
6
1018
437
2290
808
182
2
21
281
1086
1014
19
5
2
1074
68
3
507
20
521
411
504
17
110
423
93
0
457
41
144
1070
0
0
748
8
33
7
15023
2
167
56
3
166
388
7397
871
0
546
4
939
344
84
34
475
0
4
7
868
70
78
257
0
1
0
0
3
1
0
0
0
45
0
150
66
96
1
22
1084
570
217
0
824
9
102
86
1497
1353
0
4
13
0
0
0
0
67
1232
33
446
26
1165
2
163
294
368
1439
832
382
442
442
205
185
278
2524
270
0
717
292
206
2
28
0
79
358
288
1
102
14
324
158
240
28
735
126
113
36
0
6
1
0
223
416
73
147
875
13
19
0
1687
52
19
864
234
2
0
4
0
0
0
257
7
0
113
4
0
0
0
0
0
0
0
0
0
0
0
34
0
0
0
1
0
0
0
0
3
0
0
0
3
0
0
0
0
0
0
0
1
0
0
3
402
1
147
178
3206
486
991
113
733
805
272
21
0
0
0
3
570
11
412
1849
2
699
112
280
123
54
563
19
8168
578
101
192
324
1
0
0
22
0
89
0
89
20
253
657
202
8
579
69
267
239
181
2103
249
60
0
0
0
4
0
0
0
0
0
0
5
5
4
0
0
0
1
0
618
0
0
0
0
0
1
0
0
0
0
0
2114
0
25
30
7
0
1
0
0
0
5
1
4
0
0
0
287
0
2
0
1
0
0
9
2
17
0
4
2
0
0
2
4
5
7
5
1
301
0
0
19
373
9
2
0
78
0
0
0
0
1
0
0
0
10
24
18
0
0
0
1
41
168
5
3
7
0
1
0
0
0
0
0
0
0
1
1
0
23
1
0
1
1
6
0
33
13
0
0
0
1
1
0
1
0
0
0
0
0
0
0
23
0
0
0
0
0
0
0
6
1
2
0
1
0
6
0
0
4
20
0
2
0
2
0
0
46
175
0
140
0
0
0
0
0
0
0
1
7
23
31
0
0
0
2
24
2
0
18
0
3
0
4
2
0
26
0
1
238
0
22
0
2
0
14
0
87
22
1
305
2
1
0
0
0
0
6
0
139
0
0
5
42
17
6
1
9
117
6
166
6
0
1
0
0
0
0
1
8
96
10
4
0
3
3
2
2
0
1
0
20
19
0
1
2
1
0
3
0
0
2
1
18
0
1
3
14
0
7
3
1
0
9
0
5
0
0
0
3
14
0
0
0
283
1
0
33
8
19
37
1
0
38
4
0
4
344
29
5
0
0
18
122
0
37
0
29
0
1
4
9
0
17
1
0
0
5
19
0
12
36
0
0
0
126
0
0
0
0
3
7
0
0
8
56
0
7
0
1
0
0
8
0
0
27
0
36
8
35
0
1
0
24
1
578
1
4
0
0
0
0
0
0
0
0
0
0
0
0
0
178
181
2
40
0
0
0
0
0
0
0
0
21
2
0
83
8
0
0
0
0
1
8
1
110
4
7
2
4
0
23
0
0
4
4
0
6
0
77
472
0
1
0
54
0
0
0
0
0
0
0
0
0
1
0
0
0
0
0
0
0
0
1
0
617
0
0
0
0
0
1
0
3
0
3
0
0
5
548
56
1
0
1
0
4
1199
22
3
0
21
0
13
0
0
0
7
2
1
1
0
0
173
1
11
0
1
14
12
419
1
0
68
3
644
84
7
1
2
7
0
111
467
8
379
5
172
6
73
1
5
45
3
311
132
21
1
306
0
933
0
0
3
11
2
0
2
6
0
2902
10
0
1
2882
4
498
65
7391
0
14
81
944
5
7
0
61
0
11
159
252
34
61
0
294
1
145
396
0
0
0
0
1
315
1
1
11
6
18
8
4
176
3834
23
288
13
72
0
195
179
93
0
11
128
52
0
2
190
75
0
0
3
15
92
22
0
6
1
0
26
100
0
0
1
10
1
13
79
13
9
2
0
0
0
0
0
2
0
0
0
0
9
467
0
0
0
4
0
0
0
0
0
3
15
0
244
0
2395
254
40
0
0
6
245
16
3
0
102
0
0
40
38
165
116
0
0
5
361
2
2
1
9
26
0
0
0
9
0
1
0
0
1
1
0
1
0
65
1
13
16
1
0
39
1
6
2
0
0
14
0
497
0
0
15
0
33
1
1
166
106
58
0
7
12
36
10
110
0
1
3
26
0
0
0
5
2
3
0
0
39
9
1
1
1
27
1
25209
5
0
0
2
6
40
93
0
11
1433
9
3
1
0
0
171
0
4
73
518
1592
259
36
3340
155
1298
124
316
300
1
183
0
307
4
365
0
0
994
0
0
0
259
353
514
143
154
240
0
290
991
6
825
0
24
202
0
379
521
637
485
14
320
11
347
423
35
483
2
367
385
760
349
1465
13
655
1026
230
235
79
0
1
373
3
99
1074
604
1156
359
598
286
359
646
335
103
511
346
10
111
1917
677
471
403
87
13
0
490
3
98
1261
683
0
292
3
328
5
231
2
541
0
713
517
1189
877
811
225
225
1022
932
6587
47
769
2
338
1499
219
143
813
107
1976
290
1002
98
1659
669
3116
3046
125
275
0
312
52
92
6287
986
2
277
914
1050
0
499
5267
873
2029
209
0
4
3
95
2836
1
1259
1
508
412
356
324
693
312
489
353
2
286
74
2339
1072
180
33
56
300
1762
0
582
200
247
841
1388
501
0
71
4353
695
59
291
527
211
158
212
253
2366
14
695
0
7
285
129
560
68
451
30
4
0
211
620
221
275
235
353
100
367
434
2
0
0
0
0
0
15
0
712
0
0
0
0
0
1
0
4
27
2114
8
367
14
0
2
1
617
0
0
0
0
0
0
593
0
0
0
0
0
0
0
0
1552
0
0
0
0
0
0
414
0
0
0
0
0
0
0
0
63
0
0
17
0
26
0
0
0
0
0
0
0
0
0
1394
64
61
254
0
0
244
921
285
534
115
92
896
186
2400
166
344
0
601
343
346
1
11
217
58
968
0
173
233
269
417
2348
994
0
118
0
142
432
1077
980
1096
2
192
2
2
1336
2816
284
664
0
0
451
0
257
1335
304
215
1279
1309
861
153
181
979
47
818
240
182
116
670
2
468
3
332
294
499
1964
36
707
3
0
0
689
793
152
61
243
0
440
6
470
709
17
336
68
317
115
268
173
1174
694
14
2
451
33
1126
1684
129
0
0
0
371
323
0
0
101
264
2
84
0
1363
808
333
0
251
27
558
4680
73
2240
95
334
409
1774
660
38
115
2
13
1114
6
701
332
763
64
2797
521
68
0
3
170
457
198
1552
3
301
1013
6
35
0
375
142
464
840
101
214
63
150
431
740
0
9
1796
2197
0
757
1201
230
5
1
569
1281
9
2158
1300
11
1608
0
315
567
450
193
2
14
295
0
9
719
1
4779
130
247
25
3313
2
0
233
887
579
333
272
0
2
134
704
152
22
2208
596
2
148
12
6
604
162
82
300
200
1254
613
132
38
281
45
407
333
504
886
116
56
1050
215
0
6
36
131
852
96
395
105
693
908
276
267
608
1112
1121
843
76
652
2142
164
133
1056
71
325
0
224
468
80
394
1549
11052
136
2
38
64
903
140
113
146
103
91
178
3756
144
494
795
443
386
509
14
510
17
0
23
189
2159
212
1637
1623
1482
164
15
11
441
1065
266
427
2255
293
1
79
25
1126
716
1669
2
359
15
186
788
6
551
1
715
256
223
79
46
55
0
2398
1
213
429
803
0
0
938
716
264
848
2386
141
158
15
766
1459
224
0
5359
7236
599
2
2
587
1105
125
508
540
0
82
81
195
73
2746
75
7
70
0
586
124
1105
0
2065
0
0
179
1
0
0
0
575
1357
80
1107
199
248
153
2862
3
123
88
120
94
704
217
134
1704
1980
274
9
0
1184
3654
1558
23
559
231
328
968
0
0
622
0
269
352
138
269
332
296
614
1495
557
337
1475
44
118
237
419
3
32
65
233
420
475
46
295
5
225
6
3109
556
348
404
290
746
1291
267
88
213
300
381
426
174
1454
1
795
532
90
11
575
665
43
1934
15
208
1
95
97
1104
5
908
593
2046
803
529
4188
588
500
683
207
1339
3855
6
194
107
981
11
0
1
151
247
954
15
430
339
726
1
715
7
430
25
358
148
4
20
0
2
1037
47
16
0
0
4
0
1
0
0
0
329
172
211
1
0
98
296
109
461
143
717
330
297
379
500
1616
113
16
0
606
2255
1594
689
722
7
9
0
534
1953
2
586
28
10
853
53
156
1
1055
0
1384
181
26
763
223
1019
109
534
134
436
2
1684
144
3
4992
518
5042
25
126
340
617
162
675
93
713
450
515
91
7075
9
0
151
400
396
65
61
0
186
310
253
88
696
451
0
4
74
1157
575
161
1297
813
307
1200
98
0
415
657
60
0
0
55
186
0
2
26
1754
289
58
10
604
426
0
1223
965
12
205
778
155
86
486
158
1226
133
485
4162
830
0
96
383
1626
1173
29
416
18
275
18
114
0
118
574
365
119
215
8
1
282
1
2
1
399
161
460
370
2585
2
1
317
923
350
1102
2471
174
123
235
505
2695
755
23
193
1
1027
16
1
61
429
469
2
22
916
0
0
56
141
1808
38
324
195
0
0
0
2
2
0
2041
6453
441
717
0
0
0
1
337
709
1129
20
1722
35
353
959
2139
2174
199
47
44
236
0
11
8
13
1
115
0
1337
0
57
0
31
2
0
0
0
0
1
15
16
25
1
57
0
0
0
1
10
5
1
1
1
0
1
46
2
0
8
0
0
1
3
0
2
4
348
1
5
0
29
1
0
4
1
0
0
11
3
22
21
0
0
0
0
31
0
0
178
8
0
0
1
0
0
0
18
0
0
0
0
3
0
120
0
0
0
0
0
0
0
4
0
1
0
0
0
0
0
0
0
0
0
12
12
5
15
0
0
50
0
0
2
0
0
0
0
2
0
12
522
64
0
0
0
0
0
2
1
49
1
15
0
18
1
22
10
0
0
0
1
4
429
0
0
0
0
0
1
20
9
0
0
0
0
0
4
3
10
0
2
15
0
0
0
0
8
188
2
2
0
0
0
3
1
0
1
3
2
1
1
0
0
2
0
0
298
0
0
90
0
9
0
1
5
0
0
203
0
0
49
43
0
5
0
26
0
3
0
4
0
0
2
0
3
12
40
2
8
89
7
2
0
0
0
0
0
0
1
0
1
0
2
16
0
0
1
0
0
0
4
0
0
3
0
0
35
0
13
1
1
0
0
0
0
0
0
0
0
0
0
5
120
55
4
2
0
1
0
0
0
0
0
0
40
0
0
1
0
0
0
0
0
0
0
0
0
0
543
0
0
0
0
0
0
0
1
0
1
282
0
7
0
0
4
24
31
0
0
4
0
0
0
0
0
0
0
0
0
0
0
0
0
0
0
0
1
1059
8
2
0
0
0
0
0
2
0
0
0
0
0
0
1
0
2
0
0
0
0
8
0
0
0
9
12841
97
0
30
4
4
0
67
0
1
0
2
2
2
0
51
5
23
10
4
1
3
0
0
1
0
5
6
6
0
49
0
2919
0
1
0
0
0
0
7
16
4206
5
1
40
3
1
4
1
5
0
165
815
0
2
1
3
31
0
51
1
2
4
2
0
0
0
0
8
0
0
0
2
4
33
29
1
10
72
9
47
243
125
205
3
2
0
5
57
37
148
1
56
0
4
1
0
13
2
78
1
80
3
0
0
1
30
17
8
0
24
54
1
68
2
91
2
0
322
0
0
0
4
91
1598
206
8
57
2
2
34
0
0
728
3
8
569
1
3
5
7
0
86
0
74
0
67
41
1
24
1
54
0
16
1
1319
172
9
0
6
17
5
65
127
99
32
0
83
1
28
6
18
0
0
60
0
12
9
408
25
7
1
8
279
246
0
21
58
308
346
15
1013
0
34
1
3
10
0
5
1311
2
1
7599
604
0
0
8
0
0
27
10
1
258
487
8
7
0
412
0
0
0
70
1
70
29
0
83
0
1
1
2441
0
828
416
0
35
38
25
30
0
32
0
1
1
15
6
58
1
0
0
0
0
2
0
2
8
0
0
0
3
101
1
6
1
1
1
2
1
21
11
14
1
0
0
0
0
1
0
0
32
1
0
0
298
56
0
0
0
0
177
1047
1195
213
429
74
4
179
3
2
6
0
86
0
34
36
269
8
531
387
641
350
134
1299
2
656
475
2
6366
508
3
5768
39
1092
6287
1
66
0
1695
242
859
1547
10
276
1
1082
415
381
951
437
5
6
0
103
634
0
0
0
657
375
23
16
59
16
182
738
510
2
0
7004
372
609
2
1860
1086
1022
112
1056
679
319
156
322
10
901
2980
551
258
516
875
135
511
600
990
961
127
264
2530
350
752
9
57
28
586
96
70
448
400
131
1133
162
0
270
5
240
206
512
1399
382
3
341
1269
305
41
0
582
2089
282
46
574
0
150
13
1002
6
48
155
616
44
0
0
7081
770
3
459
1227
2134
229
172
0
63
5
206
393
44
42
115
761
314
5
380
0
396
139
118
1802
108
389
14
187
861
525
42
5
760
1377
0
277
426
1
2
552
329
36
347
265
318
2967
16
639
152
6
565
16
13
1015
436
422
3
1539
3
129
28
1110
394
431
704
814
0
770
1
0
182
0
1
1
0
2303
0
482
0
1
1424
0
0
0
0
0
21
1
0
1733
393
2
1
2
12
0
0
0
21
0
0
1001
0
5
0
94
2
273
10
783
142
391
1160
0
3
0
0
0
0
0
785
0
1
0
2246
0
0
0
0
1020
0
2
0
2
501
1242
59
1585
0
0
118
0
0
40
0
0
0
3
1
0
152
1
0
0
1534
86
1
8507
451
635
508
169
457
3786
370
0
225
325
84
0
0
52
1806
34
11
270
897
810
92
345
7
580
103
132
641
1298
1
190
283
191
0
1
509
244
0
751
8
1415
17
5
342
617
8
0
447
820
842
4
487
78
230
510
1697
101
79
612
163
4003
1940
959
332
3347
3
2
16
603
91
0
1657
16
163
153
14
9
494
4326
74
2
1
48
3
0
453
573
391
870
490
372
16
0
408
15
1014
85
1404
519
573
354
151
136
33
80
2202
504
0
440
132
381
3
44
1171
2
0
51
12
0
2696
5
0
12
0
638
626
1
543
0
0
0
0
0
493
352
848
0
0
485
0
0
0
43
196
1
0
0
0
2
85
0
0
411
0
0
1
0
0
3
2080
0
0
0
0
1
0
0
1
1
1208
1
258
9
1374
1826
0
13
1040
627
284
3516
646
476
1381
513
1
276
960
2832
217
658
35
1897
17
854
209
60
362
0
752
432
29
170
375
260
2
283
418
828
1417
1211
607
215
459
1593
1384
198
1374
962
465
1591
300
696
11
2728
555
209
8285
2
4330
24
27
30
4
0
6
160
237
0
537
7
9
4
10
542
72
0
0
0
0
862
0
1188
2003
61
462
1
0
3976
1085
487
808
0
448
735
941
88
499
282
8
0
238
164
10
1161
633
4778
0
63
2844
1598
826
101
1196
27
2257
80
0
179
814
83
4318
1939
1902
1853
0
267
0
1562
1
708
0
1072
262
0
219
25
0
0
225
1
154
117
169
0
0
0
157
0
0
1
0
643
1
0
400
401
21
62
373
65
45
90
288
1432
887
6474
1079
10
420
3657
44
503
228
0
339
14
1320
310
1080
39
19
824
1657
206
1734
649
905
777
2175
1556
2
2
535
444
406
711
504
0
1219
96
106
508
1163
539
245
781
20
29
2083
467
1013
869
55
1068
104
99
52
70
727
1
377
266
305
550
919
2
37
0
0
150
80
0
590
296
619
4
0
432
229
95
363
436
150
584
0
17
48
1729
714
215
1804
16
372
219
898
3354
326
4026
2011
201
62
93
2002
0
393
174
9
122
526
756
0
378
12
609
9
346
0
1697
248
1
398
16
45
380
4
3
272
7
0
0
1
0
0
0
149
151
24
0
62
1477
0
1355
2
569
9
65
332
1376
5
215
899
0
228
381
150
183
1888
798
385
1618
1451
1267
0
209
5
749
300
0
1104
4269
51
1209
9
208
230
492
684
324
10
2262
1482
1472
4845
517
0
6
157
198
8
15
5
1464
392
693
572
1203
403
244
0
1046
476
347
0
1918
1283
566
2298
0
1457
974
0
1953
150
71
894
37
1111
138
52
1813
3962
4594
870
2400
1893
1040
3
16
73
513
2198
1677
101
597
101
318
1
1
3845
960
229
174
1340
124
1
0
393
4143
3043
1
668
6127
1006
1412
1033
4355
1427
1
54
109
157
235
12226
235
2
5
125
185
317
0
647
138
0
895
115
86
1128
1516
562
393
554
4638
512
9
759
191
2480
688
273
2155
5237
12
453
1103
727
176
2881
1718
80
224
0
0
1283
343
760
563
3441
469
81
337
1679
556
194
341
100
2377
264
2
78
3
0
695
0
2295
1008
181
20
6
422
75
646
704
2732
105
326
138
323
4
135
847
387
83
37
2613
826
15
106
0
73
34
439
1499
3213
1076
1492
760
240
202
3704
694
170
1489
175
719
306
924
2485
216
798
122
1
23
893
297
1
0
42
238
1010
0
212
158
315
3563
1820
1414
18
11
0
2105
173
702
616
1272
160
272
2362
475
187
962
381
1848
0
2
0
0
0
0
2
0
0
0
0
0
2
1
0
0
0
0
0
0
0
0
0
1
0
677
262
9
0
0
0
0
0
0
0
0
1
0
0
1
15
0
0
0
0
24
0
0
35
0
0
0
0
16
4
0
205
84
325
127
10
0
38
653
415
1262
0
7
266
198
0
876
385
208
643
29
204
351
236
1164
1420
47
1330
425
2
1139
171
0
3
1
5
2
0
184
0
0
1771
707
80
750
887
131
707
2097
22
126
1780
393
0
1301
1
60
1212
408
261
213
165
123
0
188
3625
1
24
2
232
306
23
202
652
11
0
17
609
0
0
0
0
0
0
1
252
116
25
0
0
3
0
0
0
0
0
0
0
375
97
555
82
723
181
1280
196
0
0
0
43
0
1235
362
1581
549
1
2851
321
2
76
19
0
1
0
0
0
0
0
1
0
0
1
0
0
0
0
0
60
1
1
11
7
0
1
0
3
14
2
0
4
0
0
0
0
0
1
3
0
0
0
7
0
0
3
0
0
12
6
7
0
0
0
0
0
0
0
2
0
0
0
0
0
0
0
0
0
188
0
4
169
193
1
23
2060
2
2
0
18
0
1
2
1
0
0
0
0
4
0
0
2
0
0
7
0
0
0
0
0
6
0
5
0
13
1
0
12
0
0
3
0
3
0
11
1
0
0
0
0
0
0
0
0
0
0
0
17
1
0
2
0
0
0
12
88
0
41
13
0
0
0
0
35
0
0
1
20
2
0
0
0
0
0
1
0
45
0
0
101
3
1
3
231
0
57
0
0
0
0
0
5
2
1
3
0
0
7
0
0
0
0
0
0
0
4
15
3
0
3
2
0
2
0
3
0
0
4
36
0
6
4
0
0
1
0
0
1
0
14
0
0
2
0
0
0
0
0
1
203
0
0
39
3
17
1
6
0
0
0
0
4
0
1
3
0
1
1
0
2
0
10
1
127
1
0
95
0
3
2
2
12
3
0
347
131
0
23
0
0
0
1
13
68
17
0
0
54
48
5
65
0
0
4
1
1
0
3
5
0
0
0
0
1
0
0
1
1
0
0
1
1
0
6
0
31
10
0
0
0
0
1
1
11
0
1
0
0
0
57
3
0
0
1
0
362
2
0
1
2
0
34
1
0
54
18
19
0
0
1
0
79
0
9
3
0
0
1
1
0
0
6
2
1
1
16
0
1
1
0
0
10
1
0
3
0
0
1
1
0
0
0
10
0
12
0
0
0
0
0
0
0
0
0
2
56
18
0
0
40
0
20
2
0
2
12
0
2
4
23
16
3
0
24
0
5
4
0
2
4
0
2
0
182
0
21
2
0
79
0
5
0
2
24
4
0
0
8
0
0
0
0
0
0
2
0
0
35
0
0
0
7
0
4
0
1
1
14
4
22
1
0
1
458
0
0
0
0
0
14
16
15
0
0
0
0
50
0
8
1
0
0
0
323
0
1
27
109
3
57
1
7
35
0
0
1
0
3
0
0
4
42
41
0
17
2
9
86
16
31
0
4
60
25
14
36
0
116
76
142
0
33
0
33
0
0
3
0
0
0
7
0
4
0
5
16
16
34
7
1
1
1
3
19
10
6
2
24
2
2
17
5
1
0
25
5
27
19
1
3
12
0
43
44
0
9
46
297
1
507
0
304
342
66
26
0
39
73
1
12
1
544
101
0
1
0
272
151
0
7
0
1
29
1
1164
376
0
28
1558
0
19
105
4
0
109
17
141
0
132
0
280
0
2
6
108
15
68
42
0
149
12
17
9
609
14
0
4
1
155
0
2
15
0
1
30
1
1
0
317
337
9
112
0
3
179
0
1
269
0
0
2
0
0
0
0
0
3
0
37
34
82
13
0
0
0
0
4
36
98
48
1297
0
4
0
0
0
0
0
0
0
0
0
0
0
248
3
18
0
0
0
0
0
2
7
6
104
325
72
19896
32408
90859
57288
449
78993
90128
4585
1483
37481
3593
238
51321
0
560
0
425
0
579
1521
4
0
625
501
1
2
17
0
0
272
0
0
27
443
0
0
0
0
38
0
0
1
0
0
0
0
25
0
12
0
427
21
518
324
62
0
0
2
0
292
0
0
0
0
0
0
0
10788
349
1477
482
254
0
771
23
810
61
263
0
8
340
1
132
20
132
2216
1
2327
386
324
334
55
1752
0
0
0
0
99
0
0
0
0
0
0
0
46
0
97
0
228
0
0
5
0
0
0
6
127
0
42
0
0
0
0
0
0
0
0
0
253
0
0
0
0
120
33
876
346
203
911
22
32
98
0
3
158
4
384
4202
971
148
505
6
70
468
1208
28
271
237
526
0
335
0
0
92
361
537
414
182
517
4
3567
3802
19
0
0
0
0
0
0
0
13
33
0
312
1424
0
23
1649
5264
262
8
7
0
51
4
9
0
0
0
64
38
259
15
137
1247
190
114
388
49
176
652
0
397
15
37
0
744
4
52
108
347
206
440
11
308
26
321
0
0
0
0
0
0
0
2
284
4
6234
58
229
316
28
0
0
42
0
0
0
0
0
0
0
0
15
0
1354
0
0
0
25
0
16
0
2
355
106
930
0
204
4
3
209
1210
120
0
95
86
0
0
1095
195
166
299
60
214
13
15
506
1807
985
121
406
1627
0
0
1
1
147
619
0
0
1
10
132
2
21
0
0
97
0
647
221
2779
264
0
0
340
60
216
438
10
359
512
61
2
47
143
550
293
335
2
21
0
1323
5
400
52
339
0
594
292
106
2138
0
3
0
50
17
0
1276
0
0
1748
275
3413
1
179
121
618
245
73
360
318
204
1
15
3550
87
0
58
61
513
204
0
198
0
0
0
0
612
0
18
30
0
12
6
131
184
615
327
564
1150
28
2
727
0
12
2
306
108
214
344
80
0
598
810
644
1525
612
0
379
0
16
528
0
0
0
1166
0
291
0
16
0
2
6
1046
0
0
0
1888
684
0
0
0
0
0
0
0
0
335
0
816
293
1
1375
303
3
15
149
0
462
1295
174
80
72
0
173
139
1669
0
0
242
56
1550
133
148
202
84
928
609
38
523
518
31
2634
91
3
0
0
0
0
129
9
544
0
1
0
2
0
0
0
0
0
0
0
0
1464
0
0
0
0
108
0
241
552
2
0
116
0
2
100
573
1
881
48
674
393
467
220
258
0
0
258
442
99
330
233
515
160
818
516
146
221
57
18677
176
0
172
281
735
12
0
26
6
34
249
627
3
248
54
709
1083
0
0
0
1894
1224
0
3
0
0
0
0
0
0
0
0
100
909
5529
0
5
390
747
492
47
1
508
1
37
380
2944
4358
613
8
1420
1038
1044
236
31
26
13
1
516
410
2
48
17
0
0
1
270
0
149
312
1
20
59
238
0
390
496
1854
24
0
29
46
76
419
0
50
719
0
0
0
0
0
0
0
0
0
0
0
1201
0
0
15237
0
91
0
0
0
0
373
0
62
227
22
2544
1
301
606
0
0
0
0
0
0
2
0
0
3
0
167
8
0
1
0
0
0
78
0
0
0
0
0
1
2
5
140
190
1
1
214
108
0
0
30
0
0
2
0
6
163
0
143
2012
167
88
765
240
630
71
204
0
1848
13
82
0
0
3
7
214
36
0
0
0
0
238
253
411
0
0
0
0
93
1
0
0
0
197
0
0
0
2
0
0
0
548
1
344
949
105
55
0
0
0
0
0
0
30
17
0
0
0
239
108
0
174
0
430
3
715
724
449
1240
220
169
0
0
0
0
0
0
0
0
0
0
0
0
0
709
0
12
1864
1
0
676
13
0
31
4
564
8
115
0
29
1624
0
7
18
0
945
0
0
4
49
0
109
2
31
148
0
206
59
1378
523
498
19
573
215
73
1
0
35
19
1
0
0
0
288
72
133
48
0
0
0
8
37
0
0
2723
53
182
157
6
391
133
12
46
559
2284
20
829
165
2
0
216
2
0
269
0
0
0
0
0
0
0
0
2
91
0
1258
0
0
0
0
0
0
0
0
0
0
2
2
0
0
3
84
1143
0
253
1
600
0
0
25
0
0
0
0
0
0
0
0
0
0
0
0
0
2
0
1388
95
0
0
0
275
0
1983
17
60
145
190
122
585
0
48
0
0
283
629
0
89
548
1057
1201
22
1203
109
0
0
0
0
0
0
0
0
0
0
0
0
0
0
0
39
2
2
0
0
0
0
0
0
0
0
9
2
0
0
0
0
12
1
2
0
0
0
4
1
0
30
0
3
1
0
0
0
1
0
0
4
0
0
0
0
5
1
23
58
1
0
0
0
0
2
1
15
0
3
1
38
0
22
2
451
2
1
1
36
0
6
0
0
4
2
46
0
0
0
0
0
0
2
4
4119
79931
18
37
0
0
75
1
0
61
0
0
0
7
0
1
2707
292
1
10
3
57
1
0
677
130
329
747
881
153
3
15
0
0
1
0
2029
97
1402
36
86
110
148
983
15
0
0
0
26
2634
0
0
0
0
0
0
0
0
0
0
0
0
0
0
0
0
0
0
58
6
0
0
0
0
0
0
0
0
0
0
0
0
0
0
0
0
0
0
23
11
0
0
4
0
0
267
0
0
0
3
1
3
0
0
23
16
0
16
0
242
0
311
1
0
0
0
0
0
0
0
0
0
0
0
0
0
0
0
0
0
0
0
0
0
0
0
0
0
0
0
0
0
0
0
0
0
0
0
0
0
0
0
0
0
0
0
0
0
0
0
0
0
0
0
0
1
5
0
19
0
0
0
0
0
0
0
0
0
0
0
0
0
0
0
0
0
0
0
0
0
0
0
0
0
0
0
0
0
0
0
0
0
0
0
0
0
0
0
0
0
0
0
0
0
0
0
0
0
0
0
0
0
0
0
0
0
0
0
0
0
0
0
0
0
0
0
0
0
0
0
0
0
0
0
0
0
0
0
0
0
0
0
0
0
0
1
0
0
0
0
0
0
0
0
0
0
0
0
0
0
0
0
0
0
0
0
0
0
0
0
0
0
0
0
0
0
0
0
0
0
0
0
0
0
0
0
0
0
0
0
0
0
0
0
0
0
0
0
0
0
0
0
0
0
0
0
0
0
0
0
0
0
0
0
0
0
0
0
0
0
0
0
0
0
0
0
0
0
0
0
0
0
0
0
0
0
0
0
0
0
0
0
0
0
0
0
0
0
0
0
0
0
0
0
0
0
0
0
0
0
0
0
0
0
0
0
0
0
0
0
0
0
0
0
0
0
0
0
0
0
0
0
0
0
0
0
0
0
0
0
0
0
0
0
0
0
0
0
0
0
0
0
0
0
0
0
0
0
0
0
0
0
0
0
0
0
0
0
0
0
0
0
0
0
0
0
0
0
0
0
0
0
0
0
0
0
0
0
0
0
0
0
0
0
0
0
0
0
0
0
0
0
0
0
0
0
0
0
0
0
0
0
0
0
0
0
0
0
0
0
0
0
0
0
0
0
0
0
0
0
0
0
0
0
0
0
0
0
0
0
0
0
0
0
0
0
0
0
0
0
0
0
0
0
0
0
0
0
0
0
0
0
0
0
0
0
0
0
0
0
0
0
0
0
0
0
0
0
0
0
0
0
0
0
0
0
0
0
0
0
0
0
0
0
0
0
0
0
0
0
0
0
0
0
0
0
0
0
0
0
0
0
0
0
0
0
0
0
0
0
0
0
0
0
0
0
0
0
0
0
0
0
0
0
0
0
0
0
0
0
0
0
0
0
0
0
0
0
0
0
0
0
0
0
0
0
0
0
0
0
0
0
0
0
0
0
0
0
0
0
0
0
2
0
0
0
0
0
0
0
0
0
0
0
0
0
0
0
0
0
0
0
0
0
0
0
0
0
0
0
0
0
0
0
0
0
0
0
0
0
0
0
0
0
0
0
0
0
0
0
0
0
0
0
0
0
0
0
0
0
0
0
0
0
0
0
0
0
0
0
0
0
0
0
0
0
0
0
0
0
0
0
0
0
0
0
0
0
0
0
0
0
0
0
0
0
0
0
0
0
0
0
0
0
0
0
0
0
0
0
0
0
0
0
0
0
0
0
0
0
0
0
0
0
0
0
0
0
0
0
0
0
0
0
0
0
0
0
0
0
0
0
0
0
0
0
0
0
0
0
0
0
0
0
0
0
0
0
0
0
0
0
0
0
0
0
0
0
0
0
0
0
0
1
893
0
0
0
0
0
0
0
0
0
0
0
0
0
0
0
0
0
0
0
0
0
0
0
0
0
0
0
0
0
0
0
0
0
0
0
0
0
0
0
0
0
0
0
0
0
0
0
0
0
0
0
0
0
0
0
0
0
0
38
0
6
0
0
0
0
53
1158
0
0
0
0
0
0
0
0
0
0
0
0
0
0
0
0
0
0
0
0
0
0
2
53
18327
16
