0
0
0
12
0
0
0
0
0
0
0
0
99
0
44
25
0
4
0
10
18
205
72
31
0
24
102
67
0
153
0
1
166
8
715
0
19
96
15
617
14
285
17
244
5
142
726
31
628
68
11
193
65
257
2813
336
17
1
0
0
1
22
752
339
112
7
600
12
8
38
488
29
801
7
348
1185
159
348
369
1
12
8
1
1
2
0
718
24
6
177
0
170
92
503
51
22
1
0
52
1
9
903
1608
4
100
27
0
21
0
0
0
0
0
36
27
0
11
483
19
53
2
172
142
0
0
0
0
1
195
0
301
36
170
15
2
0
1
0
0
0
0
0
2
0
0
0
0
1
0
0
0
62
90
15
380
0
177
74
15
0
454
104
5
42
259
0
305
65
361
0
317
83
64
45
314
1
0
3
142
0
0
0
0
2
2
90
333
1
8
4
86
7
3
593
6
0
0
3
1185
2
1
334
0
0
2
1224
53
44
2
262
183
1
3
0
43
19
66
1
0
413
59
0
61
79
2
333
1343
11
28
75
0
1
8
0
104
0
56
1430
26
9
754
1
0
62
52
406
8
2
272
0
1
36
0
1
0
6
1
54
10
15
4
50
3
0
474
165
106
0
1
227
83
553
101
1
187
1427
0
532
1
0
0
1
0
0
0
0
0
0
0
0
0
0
0
0
0
0
0
0
0
0
0
0
0
0
0
0
0
0
0
0
0
0
0
44
0
1708
92
0
0
60
122
0
19
0
0
8
534
5
0
0
48
182
6
95
0
249
0
0
168
13
148
1
39
1013
18
50
2516
248
0
0
14
1
0
0
283
5
18
0
38
5
182
130
0
88
34
8
0
6
292
0
0
0
0
183
0
1
13
1
5
0
46
94
181
0
0
0
0
0
0
0
141
665
0
0
0
0
0
0
0
3
0
0
0
11
17
1297
8
127
94
355
54
195
577
0
144
1355
0
1
89
23
0
285
1
4061
1
0
1
0
1
2
23
0
0
0
1
0
0
0
0
3351
30
0
109
113
37
61
4
3
0
952
1162
252
0
1
0
32
8
0
358
886
10
335
0
0
0
354
6
9
311
0
69
27
61
253
0
0
0
216
0
2179
19
144
0
927
140
18
8
496
75
19
0
63
2
679
313
18
91
251
414
86
105
0
0
334
2090
0
68
0
391
97
0
0
1
71
194
94
5
15
3000
0
85
234
0
0
0
0
225
0
2093
2
2
92
0
463
145
1
51
15
61
0
13
793
0
6
0
73
104
122
1
18
3
86
7
0
2
77
226
0
78
322
111
10
121
0
1
359
3
486
703
9
861
21
96
491
1
124
103
222
21
40
13
5
125
0
118
105
101
38
0
3
0
598
0
1
112
13
0
124
0
177
228
68
114
15
46
1
19
230
17
143
210
67
0
99
60
766
52
108
455
27
4
0
34
134
506
11
0
1615
6
1
2347
35
0
5
0
0
0
67
0
0
0
0
41
103
0
0
1
24
694
2
99
50
0
1
224
5
134
0
124
1
3
408
122
0
5
59
12
647
0
1
281
2
36
167
121
12
26
35
1
86
121
30
95
203
56
0
14
110
508
0
3
74
170
455
69
0
490
177
311
16
2
287
95
1
418
11
28
13
68
4
0
2
162
0
32
5
0
0
0
77
0
0
0
0
2
0
15
39
15
2
376
204
0
4017
672
3
689
8
1
2
69
11
176
0
372
418
0
392
0
2
65
1
117
120
481
148
17
82
134
16
1
54
51
0
0
0
14
0
0
44
167
119
189
26
367
5
40
31
236
1
0
25
43
140
2
250
138
8
58
0
0
0
0
0
0
199
2
44
0
0
9
101
178
4295
0
1
950
0
4
0
0
1
105
64
26
1
23
2
75
25
0
1576
287
21
581
0
13
109
33
342
0
7
17
4
25
0
0
29
35
0
22
178
30
9
0
567
156
11
125
8
5
8
71
94
0
0
604
1331
431
8
3
189
109
61
5
423
0
85
76
0
0
1
18
107
2
11
38
10
0
0
35
1
135
15
14
1
3
10
98
55
0
587
7
482
2128
6
285
36
50
0
2
1
56
25
342
62
40
31
13
0
0
525
86
126
44
38
20
0
752
109
70
2
11
35
67
552
132
65
3
5
84
101
276
0
11
298
378
491
49
906
18
235
740
72
0
1
0
254
0
208
4
24
143
229
95
511
0
0
1
0
345
57
92
1
0
357
29
0
15
1
1
0
4
136
25
2
145
645
0
0
7
7
0
5
0
0
1
0
0
676
5
173
5
15
1
0
20
0
0
0
0
3
230
0
19
1
3
160
2
159
15
618
0
79
629
793
12
8
20
43
7
0
0
130
392
171
5
19
316
1112
1
1
3
38
204
5
0
1071
628
23
0
2
3
122
4
50
2
34
2
49
0
0
0
0
0
0
0
2
46
86
0
63
33
0
287
60
2
0
1
46
68
230
2
1
0
0
557
730
136
5
55
1
100
0
4
124
0
1
14
0
0
27
989
1
0
0
0
0
13
13
0
97
106
688
0
0
0
0
895
0
0
0
143
1
1414
6
3139
0
0
0
13
2
0
0
2
114
0
739
285
1
0
50
7
608
0
0
274
17
2499
4
5
253
467
0
4
49
0
0
0
0
0
0
2
4
99
80
75
71
26
2
0
0
226
329
992
3
3
46
12
0
243
45
0
118
0
47
34
5
0
14
0
559
175
0
8
11
581
0
777
361
8
9
122
1
44
0
0
0
0
0
0
0
0
30
0
143
6071
0
170
3
0
15
2
0
0
7
0
1
4335
97
0
0
0
0
0
0
56
10
0
0
0
0
4
0
6
76
131
0
0
0
0
0
20
0
206
290
4
0
0
0
33
0
0
5
0
30
0
0
508
1160
207
9
263
771
122
388
41
7
94
214
21
0
0
1
0
0
0
0
0
0
135
0
0
0
0
2
0
42
0
105
0
8
154
15
1
0
72
63
13
154
0
1
106
0
2
101
6
42
195
125
273
0
91
0
19
0
212
0
214
19
4
2232
8
1579
138
2
33
897
0
104
82
0
0
1
3
773
0
5
3421
99
80
185
559
633
294
0
52
6
148
0
0
139
7
119
0
1
257
6
1512
0
0
0
0
1329
16
23
155
0
1
0
238
0
0
99
829
53
637
493
55
293
139
181
353
494
88
30
427
222
159
0
118
0
0
434
393
1
94
240
20
47
0
107
0
15
22
0
0
0
0
0
0
0
0
0
433
510
0
0
3
2
0
47
1
0
4
0
66
55
337
2
942
21
41
0
110
363
23
188
3
233
0
374
0
0
0
22
57
8
223
24
5
12
1
19
0
9
0
0
0
5
0
1623
121
0
0
0
0
0
0
3
0
12
3
224
0
0
367
7
3
0
0
10
149
40
4265
0
0
221
0
3
0
117
215
47
53
19
114
79
3
413
500
23
9
1
276
147
1
12
122
15
0
1
311
0
129
0
246
153
6
4
5
0
24
1385
0
0
0
30
439
324
146
3
0
0
1
0
0
0
93
7
579
33
66
168
0
0
0
0
0
7
20
4
161
3
89
1
70
245
7
51
492
3
0
0
1
25
88
195
45
11
7
224
3
0
0
151
44
0
0
2
692
87
0
112
511
690
2
432
0
1
0
0
0
0
49
167
6
385
2279
91
439
0
250
16
452
267
4
3
444
8
0
0
1192
32
55
21
101
832
100
0
0
7
1
0
1
37
3
0
0
25
0
375
0
5746
2
0
12
215
133
0
294
5
126
35
5
460
34
0
0
2
537
0
221
312
74
5
2
1
0
70
0
80
5
0
0
62
29
12
21
15
984
0
233
0
430
73
0
25
1
0
0
0
3
52
0
0
1
0
0
0
0
22
96
0
0
0
0
1
83
0
1
108
0
27
0
50
1
0
99
2
232
88
1200
55
618
80
10
89
3
116
0
41
177
0
0
36
3
0
50
2085
0
10
273
6
51
2
0
0
328
0
269
77
1125
228
1
49
120
0
4
0
0
0
117
10
17
141
23
3
0
0
0
5
7
576
0
1982
0
0
2
5541
415
10
473
0
4
36
0
2
0
0
0
17
31
0
3
8
49
73
6
19
19
138
448
244
228
171
93
0
3
187
9
27
137
726
255
106
13
5
5
52
1037
287
69
8
127
80
196
0
292
143
0
0
1
97
47
5
34
197
13
276
105
1
66
24
0
46
328
120
1
91
281
0
54
0
0
1750
218
838
829
113
176
1
0
17
0
5
160
4
2
0
7
3
1
7
75
1
1
0
89
382
7
59
0
50
0
0
5
0
4
2
1
0
0
0
0
0
0
0
0
0
0
0
0
1
0
0
0
0
0
0
0
0
0
0
0
0
0
0
0
0
0
0
0
0
0
0
0
0
0
0
0
0
0
1
20
0
10
0
0
0
6
799
1
24
2
3
113
241
217
2
4
298
43
132
13
338
0
0
68
333
5
243
147
53
7
5
47
388
3
91
560
0
686
1
117
366
73
3
116
0
553
46
1
18
227
1
1
0
833
81
59
0
239
80
4
352
58
269
0
649
41
1
5
333
57
0
10
1175
172
70
74
0
14
643
6
108
64
1
120
28
83
285
99
13
363
28
225
3632
36
0
121
309
165
1
1623
22
181
707
0
555
1
0
140
89
38
52
7
757
22
142
1
87
6
34
191
8
87
0
102
0
1
0
3
3
296
0
49
0
31
245
6
6
93
3
40
5
52
1
7
3
147
77
54
401
142
34
5
0
63
1
329
0
125
0
0
0
115
4
10
0
32
16
0
41
0
89
0
0
2
0
0
0
0
30
0
0
0
0
0
0
1
0
0
0
0
0
18
121
375
42
5
3
6
1
0
1
0
0
0
0
0
44
9
11
29
0
2
135
3
153
237
0
1078
5
83
1
4
47
26
0
1
5
33
477
2
3
46
696
161
3
55
54
0
145
63
42
19
44
32
5
62
0
3
562
282
0
49
116
136
9
0
8
31
275
63
114
0
63
58
78
67
207
9
0
129
11
1
5
190
0
23
0
0
35
26
8
0
1
26
0
0
1
26
0
371
4
0
128
0
2
49
1
5
385
0
726
177
147
0
6
52
0
16
0
74
524
1
5
0
0
0
1
0
1
508
94
1
314
4
162
0
14
2
0
0
0
198
47
14
1
1
342
1
0
8
734
105
1
107
0
162
208
8
0
100
608
6
131
250
18
2
0
1
2
5
0
0
1
1
1302
114
0
259
0
146
5
9
12
28
1
1
0
20
191
194
0
0
0
0
0
229
0
0
2
3
1
0
19
2
4
25
84
7256
0
1
117
47
26
55
53
1
664
2
3
0
0
2
5
27
104
1
0
6
0
163
18
46
5
386
1
725
0
4
1053
5
0
56
74
1
116
0
0
1
0
6
227
1
4
7
1
0
2
1
0
306
0
442
0
0
100
0
3
1277
45
144
77
272
110
21
0
0
16
0
1
0
0
981
2
210
0
4
3116
0
493
10
434
0
366
1
22
7
6
91
53
50
1
0
0
6
0
0
1
0
0
1
663
0
0
0
89
113
0
1
0
15
358
0
292
0
193
5
818
7
405
116
1
0
8
65
0
8
1382
341
222
0
33
62
167
1118
5
0
1
48
0
2
3817
468
6
6
0
1
47
0
72
1
0
0
0
0
0
0
0
259
0
1
0
3
0
0
0
0
18
7
0
0
203
87
0
171
175
305
107
360
13
1
0
0
4
0
0
18
263
5
0
1
0
0
0
0
419
158
2
0
754
0
2
1
204
0
0
616
0
29
0
0
0
0
1294
10
0
0
94
0
115
186
0
236
0
854
111
0
0
0
0
55
1
0
15
4
251
43
4
16
504
15
243
0
4
1
373
4
1
328
313
198
25
9
3592
3
78
101
5
8
686
3
6
2
417
0
0
18
75
110
77
206
2
0
0
0
0
0
0
1
1
1
312
16
44
0
265
17
73
27
50
0
161
0
2
0
3
18
110
498
1
0
0
445
298
3162
1
7
20
0
110
16
7
115
116
3
0
66
9
0
0
4
2
134
31
570
28
592
49
47
1
0
0
2
8
4
2
0
0
2
150
51
1
7
66
111
0
8
425
6
0
0
0
13
1030
0
81
565
198
134
14
1
0
0
728
0
3
18
0
0
0
1734
518
20
11
452
0
0
0
0
0
0
0
0
1
195
1
0
4
154
16
154
121
7
1
4
45
3
15
0
1142
635
183
0
0
187
1
0
3
0
0
892
3
80
14
0
1
291
0
9
79
0
0
6
202
0
1
0
10
78
45
0
8
305
0
12
437
230
0
0
2
255
41
0
0
96
88
667
4
0
663
3
0
0
0
162
1366
7
0
0
0
0
309
0
13
0
0
0
129
0
30
0
0
7
165
377
102
178
582
0
0
0
93
392
169
43
0
1
1
0
32
2
0
30
0
0
0
0
0
0
100
1
23
1
1529
10
107
239
164
58
0
115
27
0
0
4
0
204
686
270
3
156
32
2
347
103
486
7
0
0
159
606
0
261
0
210
42
88
532
3
0
39
0
180
1
514
0
376
2
1
18
124
31
134
0
34
185
1814
0
0
0
138
63
64
1
0
13
0
6
339
269
140
325
1
0
160
4
207
4
0
1
0
313
1
0
5
0
6
1
129
344
0
0
0
2
87
0
37
135
7
146
0
134
95
43
0
0
286
0
0
6
0
0
354
14
4
472
1
28
0
194
29
16
3
0
388
284
110
92
154
13
90
1
0
52
0
0
748
0
0
29
118
335
231
221
2
0
0
2
2
28
51
517
1
0
890
3
0
1
0
0
1
0
0
0
0
38
0
13
2
225
69
1863
36
59
0
54
194
28
609
0
0
0
359
23
197
0
295
1
20
5
448
8
701
0
50
0
0
78
0
1
0
1
170
105
0
0
3
0
0
16
0
0
2
3
0
69
6
20
169
4
15
2
0
4
0
0
0
339
0
0
527
293
1
0
306
0
0
0
1
203
13
148
0
1
135
4506
0
43
39
24
0
0
0
49
0
0
0
21
1087
27
30
81
22
1350
6
3
12
26
2
80
206
15
67
7
3
0
1
0
0
0
0
1
0
0
0
0
0
0
0
0
1
0
0
0
0
0
2
40
0
0
0
0
1
2
0
0
0
0
0
0
0
0
0
0
0
1
0
0
0
0
0
0
0
0
82
112
89
237
0
62
0
0
308
187
0
6
259
0
560
0
344
1
1
214
127
1
16
0
0
0
0
0
0
1
0
0
0
5
135
0
235
22
0
0
0
0
0
0
0
2121
0
0
0
0
12
0
0
6
0
3
43
340
0
448
1
0
0
17
32
1194
0
1
0
0
0
3
2
120
968
0
468
2
35
386
30
56
40
0
1006
150
0
10
30
41
0
0
0
0
0
0
172
0
0
107
0
642
303
873
33
1
0
0
0
0
0
0
0
0
0
0
0
4
917
2
0
0
0
0
6
230
0
0
17
6
0
2714
213
71
92
70
4
161
8
1075
39
0
177
99
5
537
3
337
141
179
10
0
0
0
0
391
0
10
63
76
3
33
216
0
1
0
132
259
160
0
42
80
0
104
0
90
750
1
118
47
418
0
2
0
17
4
80
1
707
266
0
2
0
496
192
3
897
265
0
2845
0
3
594
5
206
3
2
0
2
2
648
316
0
0
0
102
0
82
0
0
2
0
0
179
2
84
0
1
0
56
1368
1645
188
4
3
7
1
0
4
0
0
8
0
207
0
107
4
451
1013
666
135
128
0
0
279
0
1
2
0
77
1
0
680
1019
1
0
1
0
901
7
252
189
0
0
0
0
73
0
5
267
0
1
670
1683
0
675
0
0
0
292
10
1065
0
0
171
0
1
0
0
0
1
854
2
1
190
1
52
0
107
12
0
1
5
2
4
0
0
0
0
0
87
1
162
0
6
38
0
525
654
10
18
1
0
0
176
0
5
2
669
0
0
12
5
151
13
0
0
380
13
179
10
28
0
0
35
0
1
0
0
0
2
0
0
0
0
4
0
87
0
4
2
3
0
769
41
5
90
1
0
153
0
300
86
308
192
28
273
0
1
0
31
2
198
8
1
6
0
16
0
0
0
44
2
0
0
772
3
0
1
0
5
0
64
358
22
0
21
1
0
31
0
0
27
0
0
0
0
383
5
6
0
27
551
183
8
357
331
19
214
0
192
22
682
0
357
1
0
30
2
0
2
1
0
0
0
2
1
0
0
23
23
138
189
0
0
33
73
41
1
89
31
7
0
78
1
347
2
1528
3
0
0
42
114
0
6
0
2
0
0
597
56
0
1
0
39
6
0
157
2393
4
157
0
0
3
0
2
50
9
0
2
0
22
4
198
769
0
0
1
858
875
494
96
425
84
1911
67
260
1105
72
71
163
345
1
639
1
122
25
122
1
0
4
1
11
0
21
119
75
391
396
1
5
402
0
53
27
26
0
153
27
0
0
0
311
1
22
28
0
0
165
620
0
10
2
104
95
282
201
3
251
257
0
168
1
205
68
1
12
22
14
261
66
89
3
152
10
135
144
0
18
230
619
28
6
0
5
1
181
54
377
59
61
559
1
8
19
1091
1
1
9
0
713
103
149
0
0
1255
0
0
0
0
162
379
322
10
1
60
6
10
3
1
24
0
0
787
2
0
0
0
8
292
1
295
736
0
0
0
0
0
0
0
13
2
357
56
55
0
0
38
0
0
0
21
434
1
26
0
1
1
25
52
13
888
10
0
0
0
0
184
325
1
0
0
0
0
0
0
2
221
23
1253
0
0
1
0
1129
0
0
0
0
0
1
0
995
12
0
24
38
226
11
19
410
2
0
1
171
848
74
1
4
0
88
0
0
0
1041
391
2
638
15
1
1
0
0
0
8
245
16
237
72
3
103
42
1
45
0
14
69
9
0
44
2
0
0
1
307
26
0
0
0
0
0
0
5
96
0
0
0
0
203
99
3
1
495
11
0
1127
98
72
166
52
8
287
0
0
0
0
238
23
22
0
0
373
10
0
88
855
0
0
0
0
230
222
226
419
7
92
550
19
3
3
5
623
271
600
136
184
34
0
19
28
1863
361
0
0
0
9
973
27
2049
8
0
0
31
16
35
81
0
88
51
40
246
2
1
1
0
0
5
62
43
50
207
57
0
24
3
406
2
7
31
303
14
5
188
5
2
0
6
145
0
0
104
71
88
231
1079
9
1
66
111
1
0
96
34
1
0
71
477
0
213
0
105
228
0
3
701
1
62
384
0
35
167
171
885
25
44
0
22
0
0
1
0
0
92
3
237
277
0
0
6
2312
0
15
138
11
145
94
186
0
0
577
120
26
145
42
7
42
93
4
46
660
76
20
62
148
0
2
0
83
0
0
0
118
196
1
1
22
28
185
255
7
5
0
0
1
0
528
899
62
2
25
1963
287
14
10
48
161
49
0
1
0
5
0
0
1
0
0
0
45
1
0
0
390
1273
283
4
281
0
211
621
20
1
5
2892
102
13
32
775
24
0
88
1
1661
27
478
403
0
1868
70
0
0
262
0
372
42
509
48
1469
0
54
2
51
744
0
505
22
0
10
19
0
0
0
0
5
0
63
3
693
0
0
0
0
7
31
981
0
1
2
0
0
0
491
0
12
417
1
6
485
0
8
2918
143
155
58
94
2
17
837
70
108
93
331
1
0
5
554
0
0
2
0
145
0
0
351
0
255
4
601
1
677
0
12
292
0
6
23
0
77
21
142
94
0
1
196
0
0
0
0
48
0
148
496
0
77
9
160
11
1
127
71
608
6
863
2
0
0
0
10
0
439
0
8
109
183
452
37
0
15
0
2
720
1
0
6
0
0
417
299
0
718
0
0
0
0
0
74
0
17
3
2
1
0
12
181
0
1
0
0
0
767
66
65
14
11
0
0
13
61
99
5
0
4
2
0
101
0
1
0
0
0
0
0
2
0
5
0
0
41
538
14
64
0
16
1
333
118
300
0
47
5
167
4
33
11
0
2
0
0
131
0
83
0
1
3
185
188
184
178
227
1938
0
28
1
1
4
61
0
0
0
3
1
61
457
834
2582
129
5
169
0
139
16
85
23
1137
183
375
372
10300
18
22
64
4
2852
99
0
139
259
170
3
4
33
7
401
588
764
3
864
413
85
165
24
60
401
0
29
13112
0
57
2
102
3
18
132
275
22
6
3
0
0
1
0
0
0
0
0
27
48
1964
2
0
157
16
71
2
0
1
20
1
3
0
0
0
1
0
0
63
7
9
4
96
97
438
4
144
3843
0
0
185
29
1615
24
815
3
238
0
107
0
0
0
0
0
0
497
1
0
0
23
503
111
65
0
130
98
0
0
0
0
0
0
0
0
47
0
5
0
0
0
33
19
0
4
1
0
0
0
0
0
0
0
0
0
0
0
0
0
0
0
0
1
0
0
0
0
0
0
0
3
20
0
0
1
0
0
1
0
0
0
0
0
9
2
0
2
0
3
48
497
0
1
0
0
0
0
0
0
0
0
0
0
1
1
0
0
0
19
0
751
0
0
6
0
0
126
55
17
216
355
113
0
159
242
2
217
237
226
0
39
0
0
29
3
0
4
3
0
1
0
0
0
174
15
15
4
0
0
29
5
490
0
0
0
0
1
0
0
0
0
0
431
0
19
0
108
0
0
110
255
0
577
477
3
0
16
0
0
108
11
4
0
67
41
418
267
2
8
133
227
186
16
14
976
2
0
1
340
77
16151
97
1
84
106
212
1251
1
549
10
0
0
1
24
5
1
0
1326
49
0
1
1
399
1
183
0
425
0
1
5
1
2
0
215
128
0
545
0
0
0
0
150
4
128
527
1
257
249
109
1
0
10
0
0
2
0
0
1162
0
828
544
310
802
113
106
224
4
32
481
1
0
0
0
14
44
180
62
0
1
0
0
0
9
11
353
200
450
0
0
217
63
29
133
2
6
0
3
0
0
0
213
0
0
79
0
253
1
1
0
2
1
0
0
80
97
0
0
0
0
0
89
0
0
0
0
0
0
30
18
182
4
0
1
0
0
0
11
0
0
0
0
0
0
1135
6
0
0
41
440
1
139
26
0
2
0
38
230
0
2
0
0
0
0
0
0
0
0
0
0
0
281
10
0
0
5
0
200
86
98
0
16
0
3696
0
116
5
0
1
266
3
87
403
132
153
99
207
0
640
1
0
0
0
184
363
0
0
0
0
0
30
0
439
144
59
110
0
0
0
418
52
74
0
485
0
5
0
0
6
0
1
0
1078
0
17
87
203
0
0
181
22
0
7
0
0
0
0
13
0
0
0
0
0
0
0
179
1
1433
0
0
0
195
2
1
47
0
36
1
0
268
169
0
0
170
0
0
0
0
19
73
0
41
0
74
0
1
0
0
0
0
6
0
0
0
3
140
0
112
17
0
2
176
9
301
1
0
0
0
2
300
462
176
8
96
9
168
337
61
0
384
0
86
115
0
630
8
183
1
114
360
269
0
1
23
1
44
104
5
1164
216
32
14
1
2
19
147
41
2118
202
294
0
0
0
0
0
0
0
0
0
0
265
0
0
0
0
0
0
0
0
0
0
0
0
0
0
0
0
0
0
0
0
0
0
0
0
0
0
0
3
0
0
0
0
0
0
0
0
0
0
0
0
0
0
0
1
0
0
0
0
0
0
0
0
0
0
0
0
0
0
252
0
186
0
0
0
0
32
2
0
40
18
0
18
66
9
15
324
120
139
1
158
0
1
3439
0
0
0
0
0
0
0
0
0
0
0
1
0
0
0
75
275
0
1
1
0
1
2
0
1
0
89
12
1280
193
66
38
7
0
0
1
0
0
3
2
492
3
84
0
388
2
49
0
0
0
0
0
0
0
0
0
0
228
10
15
0
137
10
0
48
0
0
734
0
0
151
0
0
0
6
3
0
64
0
0
15
0
15
18
168
0
12
55
0
0
0
6
394
759
139
133
5
442
48
95
6
0
0
384
71
1
0
45
1
315
66
20
19
32
75
12
24
3669
0
40
0
5
0
0
1
0
2
123
0
1
0
6846
0
0
2
0
92
125
427
0
5
246
272
13
0
20
27
97
131
254
9
7
1
0
208
50
16
65
2
100
43
1
43
253
109
5
0
480
312
2
0
0
0
0
0
0
1
0
0
122
31
64
0
109
0
290
42
7
345
4
378
181
0
216
60
0
0
1
6
81
78
78
254
1
715
60
243
112
2
5
1128
90
47
0
2
1143
22
190
0
477
110
0
0
0
0
2
0
39
0
96
18
1645
68
111
94
206
219
1287
209
58
0
0
18
72
0
8
5
369
32
56
1
286
2
237
15
0
258
133
15
0
11
285
44
41
112
32
9
331
156
57915
0
715223
4
79
230
14
32
645
7
480
236
73
229
101
50
0
57
28
1
4
943
4
175
33
13
97
44
4
62
63
0
82
57
46
2
0
0
340
2
117
0
59
6
0
0
290
8
2
8
220
1
0
14
70
0
130
40
139
31
4
42
11
5
57
0
22
44
1
0
22
0
227
242
36
251
52
95
34
255
47
111
18
305
4
13
1227
1080
228
132
334
121
0
0
28
3
236
186
2
302
6
150
0
0
35
143
51
235
121
0
232
21
0
794
88
122
255
0
40
296
107
0
263
764
76
457
0
985
300
693
746
0
6
18
414
0
76
123
0
0
0
23
2
152
0
0
0
10
0
0
0
0
0
49
0
170
114
153
0
0
0
0
0
3
0
0
42
1
18
2
970
0
0
1
10
935
148
3
0
0
31
30
697
3
0
6
6
1
8
17
13
0
420
0
142
321
1220
27
3
0
132
0
50
0
0
0
4
551
0
45
0
0
0
0
0
35
0
0
176
1
0
992
212
174
0
0
23
6
0
80
44
0
167
1
47
304
0
0
40
166
128
6
1
38
57
196
102
4
0
56
0
137
3
8
576
1
447
365
144
121
1
0
425
0
0
0
82
0
544
3
94
39
0
10
455
0
4
0
0
314
0
39
0
0
198
50
10
1
7
402
2
0
0
1
23
0
0
52
13
226
46
124
415
1
54
0
219
3
113
56
1851
21
1
0
5
160
23
0
0
0
1
87
80
27
14
29
96
0
0
68
46
0
7
0
0
0
0
0
0
0
0
2
3
0
45
15
73
79
0
2790
12
103
0
122
0
53
0
0
0
208
13
1047
51
3924
1
0
822
0
128
33
6
0
146
7
0
42
1
5
65
7
114
0
0
1
0
5
143
0
1
0
5
0
0
0
0
0
0
0
0
0
0
7
244
0
0
14
0
0
0
0
0
94
0
1
47
595
17
2052
362
0
173
12
1
19
0
0
2
658
2
626
0
171
182
0
0
0
45
0
207
2
0
0
199
216
9
166
0
0
489
690
57
429
686
70
0
0
0
0
0
0
0
1
3
150
5
34
17
371
4
0
2
368
0
1173
476
144
20
0
0
0
0
0
0
0
0
0
0
2
0
54
473
0
16
0
0
0
395
90
190
39
0
0
0
205
195
40
63
0
0
2
123
1900
58
2
0
36
7
441
2
126
359
780
23
24
377
406
2
0
0
0
0
163
245
0
102
20
0
0
2
35
37
35
0
0
0
32
162
208
1
66
0
6
18
15
2
0
4
226
41
9
97
33
143
0
293
0
9
335
92
0
37
49
0
0
0
0
169
0
0
77
2
0
1
11
47
2
0
99
0
1
0
2252
0
266
1
12
109
0
85
333
37
112
76
0
0
0
0
0
0
0
1
0
1
0
206
0
146
3
1
6
1810
3009
791
8
349
0
243
306
515
1726
186
50
10
338
0
14
6
7
0
0
0
32
0
274
2
413
1
3
332
43
35
70
44
105
448
1
294
5
2003
1
258
372
21
255
522
5
409
0
891
15
5
3
399
0
0
14
822
6
546
50
118
1
89
0
6
119
42
25
30
290
113
1
35
521
15
187
154
20
0
0
0
577
0
5
21
1
57
0
0
0
1
24
1
361
72
0
42
1061
1
2
121
3
10
86
8
960
3
0
0
123
16
48
0
256
152
0
0
487
48
0
81
0
0
0
2
0
0
0
0
1
0
0
0
228
0
0
0
0
0
0
0
0
0
0
1
0
538
211
12
5
1
4
12
0
173
6
50
0
41
0
2
1
60
13
25
0
0
4
0
12
220
0
182
65
0
1
0
0
0
3
31
45
0
2
0
4
47
0
0
92
0
110
356
170
91
0
3
9
5
9
4
0
0
1
0
0
0
0
0
0
3
0
401
0
64
3
0
4
4
5
1103
100
0
1
421
186
100
1
438
816
343
3
31
11
0
5
81
305
0
0
0
2
54
1
0
0
0
0
0
0
0
7
0
2
2
27
146
0
147
67
102
0
32
14
3
0
0
0
0
0
0
3
1
0
0
0
1
0
0
25
2074
66
95
2
0
8
0
1240
95
7
882
0
0
11
3
440
63
0
0
0
64
224
1
0
0
0
5
3
0
70
4
3
171
1
0
33
47
77
3
1
35
1
0
1
0
775
0
171
1
1
525
24
1140
0
108
83
29
0
2
207
0
16
261
1
0
0
0
1
1
0
4
0
1
13
3
51
0
206
355
442
1712
446
59
5
98
46
47
41
113
0
1265
10
69
1
40
1
1236
5
32
10
70
227
1
0
93
2
179
125
69
11
13
48
19
110
114
664
5
51
1
96
349
76
3
137
51
4
129
59
16
238
186
85
245
296
0
1
0
157
0
56
0
75
237
63
0
0
0
0
18
8
126
1
130
11
220
11
0
0
13
4
29
1
9
149
3
0
1
2
0
20
22
0
432
0
3
0
0
2
149
212
6
0
8
130
0
2
0
2
16
0
508
0
13
115
3
66
5
0
0
1
41
15
0
0
0
0
6
78
0
1
308
0
188
0
0
14
9
2
44
3
15
44
85
0
18
108
156
828
1
0
0
0
69
1
1
0
0
6
0
34
1
15
20
18
5
13
23
83
0
0
0
1
0
0
0
20
538
120
445
63
7
79
220
4
31
1
3
0
174
0
98
41
458
27
1
0
142
1
15
12
252
3
39
1
1
992
74
0
2
860
0
50
215
292
2
0
14
0
183
18
60
0
0
63
0
25
682
2
77
155
0
159
70
0
0
0
0
0
2
561
0
0
1
860
197
2
0
0
1
721
17
0
0
0
0
1
1
0
377
126
91
0
0
55
0
0
2
81
0
336
27
0
544
4
0
0
488
1
0
0
0
90
0
0
1
0
34
0
0
9
583
0
0
6
31
358
10
0
15
0
0
0
0
24
63
33
12
2
0
0
0
0
0
2088
0
109
288
1
79
67
72
0
0
252
16
0
5
494
0
2
240
17
0
61
5
0
262
0
0
0
375
8
1
0
1
103
0
10
19
13
11
384
2
3
90
0
0
0
0
290
415
0
0
14
4
211
268
2
0
375
0
35
13
47
0
2
3251
37
0
143
1700
477
13
41
340
0
18
11
3
0
0
0
69
0
55
0
0
492
26
1
185
0
0
2
147
1
0
8
45
1
0
0
156
583
347
102
11
5
0
0
0
0
0
0
0
294
320
152
196
0
0
28
0
0
466
0
92
890
3928
376
1113
0
13
0
30
9
5
0
50
38
0
1
2
0
0
286
8
1
0
184
59
179
4
0
0
790
1
13
440
3
0
0
0
2
200
34
298
1
0
21
1
0
1
0
101
1
0
1
0
0
0
0
0
90
945
0
0
383
2
98
491
12
2
5
105
0
99
43
0
2
0
3
111
564
3
0
0
464
5
126
66
121
3
0
0
19
20
0
360
311
2
170
90
0
0
78
1069
45
0
32
0
4
0
1
0
0
0
0
0
25
15
200
255
177
40
126
2363
0
1
582
415
64
1
448
0
3
0
304
367
46
127
71
417
73
102
0
322
60
0
13
5
1
0
4
8
1
0
71
219
133
866
10
88
0
4
0
1
1
0
1
0
0
0
1
1
0
0
0
0
0
0
0
0
0
0
0
0
0
11
0
4
8
0
0
0
0
0
0
0
0
992
936
684
59
210
58
41
20
1067
0
164
25
23
0
16
42
453
1
25
99
1
471
0
850
1136
86
3
48
13
0
75
1
193
385
0
0
0
0
0
0
1
1
0
29
37
0
19
31
13
5
5
2
1
66
12
1
6
1
0
279
2
722
0
92
4
0
1
20
432
0
2
200
0
29
5
0
2
0
0
24
0
0
0
0
0
1
0
0
15
0
0
0
0
0
0
0
1
0
1
44
146
17
168
60
410
10
63
84
2
35
26
49
63
1033
4
66
0
269
41
35
0
0
484
1785
0
339
4
964
32
49
0
2
0
45
1205
453
72
35
976
128
37
0
300
0
3
2
205
490
0
716
2
0
57
1
83
2
98
1214
535
226
456
13
9
0
4
3
47
18
2318
57
25
459
449
0
0
11
1
7
21
0
549
4
0
0
13
79
225
140
0
493
354
8
56
65
45
0
14
4
516
0
54
2
71
35
150
0
24
9
0
41
92
1
3
191
0
0
0
2
31
0
0
0
492
19
0
0
172
0
17
1759
1009
0
2
216
9
25
0
3
0
29
1
118
0
514
0
0
1
34
1
125
2
225
69
0
0
0
102
0
64
3
0
0
0
298
67
0
0
0
0
30
1
0
0
112
0
0
383
246
0
204
18
0
718
2
1
0
486
0
2
0
6
0
2
0
160
9
0
7
793
5
273
163
514
2
3
146
0
516
50
1305
78
23
0
189
204
0
0
0
1192
0
922
46
0
1
2
918
44
8
356
3
205
0
0
0
831
126
0
3358
21
0
63
0
261
0
318
0
0
181
0
2
0
0
0
0
0
0
216
0
1
0
0
49
0
10
114
3
448
0
1
0
107
1
4
395
0
7
324
0
250
16
0
19
0
53
0
0
0
0
0
0
0
0
42
4
3
0
944
1
1584
0
1
1
0
0
0
0
66
38
0
14
1
0
0
151
196
2
0
0
74
4
0
0
0
1
0
8
1
0
0
21
200
8
0
0
0
1
12
46
1123
252
46
0
1
1
0
149
2
4
1
170
12
0
154
8
1020
29
0
0
0
0
0
0
0
0
0
0
15
275
0
0
0
0
0
1666
32
8
0
0
11
4
12
577
0
0
0
0
4
257
92
292
56
36
1
0
6
38
0
1
3
247
0
0
112
94
369
749
660
0
372
7
200
0
0
53
1
5
24
0
161
0
0
146
1
279
0
142
116
0
0
0
0
1
2
315
1332
23
254
22
0
0
0
285
0
53
13
443
139
677
257
2
0
0
9
136
99
0
0
377
0
5
412
8
775
26
0
0
79
0
103
35
0
0
51
0
0
3
0
0
0
0
11
0
0
6
131
0
0
1048
73
377
21
228
136
0
522
0
309
71
479
144
26
0
544
657
22
1
0
0
76
0
128
7
135
115
0
1
0
0
188
6
450
173
110
0
24
0
129
414
1
0
0
0
0
4
39
0
51
261
278
2
19
1
263
197
0
3
134
16
48
33
771
0
0
0
2
74
285
214
87
6
0
0
166
0
227
464
0
343
33
79
1141
247
260
14
8
443
4
177
39
6
569
0
0
0
0
0
2
182
1
42
792
0
118
330
0
353
49
613
168
175
5
372
2
113
1169
0
453
284
1
52
0
32
27
49
28
2
144
22
0
10
626
326
34
19
42
0
0
1
248
0
0
0
0
0
0
0
2022
0
0
0
0
0
0
2
1
0
0
0
0
0
0
1385
0
0
0
13
0
0
11
27
56
26
0
0
116
0
13
12
0
155
9
0
48
0
29
8
257
1
1165
3
827
1537
0
281
4
3
0
0
0
0
0
4
0
0
11
0
0
0
1
1
2
391
97
0
68
121
10
280
703
38
708
2
5
0
38
0
122
0
22
94
371
166
3
1
74
439
61
0
1
947
0
6
1
43
0
543
2
415
102
82
10
28
2
529
334
715
0
296
111
1
27
7
133
216
392
0
26
211
0
0
0
40
1
31
0
49
873
3
0
6
0
74
0
80
1861
0
372
0
1834
272
4
0
0
0
2
173
10
1291
592
6
79
106
707
154
0
379
103
7
7
1
480
33
469
35
162
41
30
157
679
160
80
21
0
354
3
128
0
7
245
27
0
1
0
501
3
210
2482
199
326
0
202
0
8
33
6
0
0
0
0
0
0
1
23
0
0
1
0
11
0
0
0
0
0
0
0
0
2
0
0
0
5
99
0
3
19
0
0
3
0
0
0
0
0
0
0
2
0
1
41
1
0
114
0
1
113
69
3
2
0
0
0
0
0
0
0
0
0
0
1123
0
15
0
497
0
108
680
0
0
240
75
0
5
0
3
0
0
0
0
3
0
0
730
2
16
3
401
137
0
41
1365
632
457
0
4
428
588
0
342
129
202
0
74
0
115
0
0
0
0
0
0
0
0
0
0
0
0
2
0
0
2259
0
344
332
0
12
2097
0
0
0
13
0
835
0
294
4
1
4
134
96
1
121
14
128
0
3
154
244
23
0
8
0
0
0
0
0
186
0
3
0
7
60
0
2
506
1
0
1
1
0
1024
0
0
319
4
0
0
0
0
149
0
259
12
0
0
80
1
106
18
3
5
0
501
0
0
0
1
677
10
0
60
845
174
418
0
0
0
1
7
244
224
13
4
544
41
102
265
4
0
1
168
257
0
0
0
2
9
1
0
69
0
45
0
0
2699
262
13
0
2
0
9
0
0
0
197
35
0
0
366
7
1
305
148
3297
1026
26
0
13
106
2
39
0
0
77
3
0
1
0
294
0
0
64
0
0
1
158
1
1
2
38
65
108
137
403
0
0
0
48
10
14
15
235
0
0
4
0
0
191
384
1
36
92
25
0
418
166
28
486
376
13
4
12
124
421
10
288
0
452
0
546
0
1
0
0
0
128
308
0
11
0
1
0
96
95
2
2
0
33
1
2
0
2
11
8
1356
84
0
9
2
55
0
238
172
1
2046
0
10
41
5
373
0
0
0
1
1211
1
0
134
2
0
208
2
0
256
104
3
0
193
0
27
0
11
1
313
0
462
2
149
0
130
70
0
0
15
9
767
0
120
72
179
252
34
35
9
169
1
65
93
264
17
0
1
0
1
358
0
0
12
0
519
54
225
22
92
12
3
0
104
156
270
12
0
444
3
31
739
3
122
0
0
68
6
308
0
1
939
0
0
0
0
0
0
0
0
0
0
0
0
0
10
0
0
0
120
0
0
0
639
0
0
0
0
0
0
0
0
0
0
0
0
0
0
0
0
76
0
0
0
0
0
0
0
0
0
0
1
0
457
21
34
428
520
1086
0
0
87
4
0
0
0
0
0
185
1
96
120
0
3577
0
0
0
1
98
0
0
241
12
232
0
1285
2
0
14
0
33
0
0
0
0
0
0
1
162
0
1166
15
1
340
4
0
0
1
126
3
0
0
0
0
0
0
192
0
0
0
3
0
23
0
12
0
0
0
1
0
0
0
0
1
0
0
0
0
1
0
0
0
1
16
1
0
1
67
52
0
1
0
0
105
0
0
41
27
301
303
1
0
5
0
518
60
0
0
264
271
0
0
3
773
5
3192
286
1
9
0
121
2
44
0
260
0
4
0
258
0
0
0
0
0
32
270
0
15
5
73
0
0
5
3
18
0
0
1
0
1
549
0
9
0
7
12
159
0
46
3
1
474
0
0
0
0
0
292
3
6676
1
0
0
0
6
0
87
114
38
84
1
0
0
11
0
0
0
0
160
1
0
0
0
0
0
236
128
1
3
136
2
207
371
94
0
0
787
0
0
0
516
0
7
0
0
0
0
0
0
1
0
0
0
0
258
0
0
5
255
1
691
1
3
5
11
0
1
1
0
200
453
349
240
1
16
188
0
439
105
0
2
21
78
481
1
0
0
0
0
3
2
51
0
0
456
513
149
0
0
0
0
0
0
0
0
0
0
0
0
0
0
0
0
0
0
0
0
0
0
0
0
0
0
0
1
0
0
0
5
1
0
83
16
0
109
162
98
2
604
1
235
0
225
199
46
0
1
0
0
0
0
0
0
40
19
0
1
0
0
8
0
46
0
0
0
1
0
0
0
299
5
0
212
0
0
0
1
0
0
234
102
317
1
0
1229
6
355
1
1068
178
477
217
1
0
3
0
0
0
0
0
2
0
0
1
1
1
0
0
0
1
0
1
0
1
1
0
0
0
0
2
2
0
1
0
0
1
0
0
1
0
0
2
0
0
0
1
0
1
0
3
0
0
0
0
1
0
0
0
0
0
0
0
0
0
0
0
0
0
0
0
0
0
0
11
0
0
0
0
0
1
0
0
0
0
0
0
0
0
0
0
0
0
0
0
0
0
0
0
0
0
0
0
0
0
1
0
0
0
0
1
1
0
0
0
0
0
0
0
0
0
0
0
0
0
0
0
0
0
0
0
0
0
0
0
0
71
0
0
59
4
145
3
352
170
104
160
655
16
294
0
53
6
21
0
5
6
43
43
0
17
1593
45
0
0
112
1
26
238
154
5
1710
23
29
1
0
2
0
5
0
130
13
1
33
618
60
7
0
0
1
43
38
56
14
2
7
284
227
0
16
207
103
10
426
25
13
101
142
20
0
35
0
5
4
157
7
0
88
85
42
15
79
171
80
37
13
272
166
0
128
192
12
7
265
176
0
0
0
0
3
18
289
0
0
81
0
0
0
4
1
0
0
0
0
0
2
0
0
0
3
0
0
0
8
1
0
4
2
329
663
0
3
20
422
59
1820
2
177
1
1
20
0
55
0
0
0
5
0
5
2532
154
0
16
448
0
143
232
2
0
453
99
1176
14
477
372
209
27
0
207
0
1266
0
0
1491
4
40
0
0
0
0
0
1
116
0
0
0
0
0
0
8
0
0
6
245
0
2
51
26
0
0
6
0
20
9
0
1
496
2
11
212
2
4750
2226
1
106
2
1
0
0
0
7
0
0
0
0
0
3
0
2
0
43
0
112
768
0
1
751
126
195
864
1
3
0
4
0
5
2
3
0
0
513
31
157
41
2
53
16
125
0
423
2768
3
7
340
132
259
979
116
193
6
120
2
449
0
39
113
555
0
0
20
1
0
4
34
0
68
0
2
0
0
1
65
2
16
0
69
0
1
0
103
26
0
13
23
117
4
154
7
520
112
41
10
0
177
650
1
4
23
0
18
5
90
0
5158
38
183
53
36
229
271
1930
42
0
0
450
1
213
0
7
2728
0
0
0
133
0
11
8
250
0
0
0
0
0
1
1
1
263
500
0
94
1
0
2
29
113
144
2115
0
1585
0
1
0
34
262
26
0
416
72
70
164
107
13
2
9
0
716
498
3
869
0
1
0
0
0
3
1
260
56
107
166
106
59
0
0
1
10
0
715
0
51
0
0
0
0
0
0
124
1
0
387
0
34
0
1
51
5427
19
3
3
73
0
16
184
80
487
1
36
23
0
278
14
280
0
443
85
36
1
169
0
0
1
719
6
2
0
8
0
174
0
31
531
192
126
29
52
524
114
69
176
0
137
0
223
73
16
0
0
1078
595
3
569
0
2
111
0
17
102
82
9
0
341
1668
1
7
3
0
0
21
3
432
0
0
12
208
0
0
5
0
92
6
0
1
1290
4
0
0
0
1
1052
0
12
0
62
71
116
0
6554
452
88
0
75
834
2
1
14
0
0
12
3
0
4
36
0
22
822
23
2
98
0
0
44
8
22
77
291
52
80
103
0
319
0
1
0
0
75
41
17
0
1
350
59
991
1
208
39
52
219
13
927
57
26
275
0
192
1
1
0
2202
0
5
241
13
92
230
240
29
0
73
38
0
0
1332
0
1
0
0
43
4
0
37
61
0
0
0
238
41
3
0
2
159
0
64
3
0
1
78
89
93
13
7
106
39
0
235
46
96
407
0
107
105
0
0
0
0
0
0
0
0
1
5
0
270
8
68
138
1
88
0
392
0
0
0
2
0
0
0
0
0
0
0
0
1
0
22
5
0
0
0
0
0
0
0
0
0
0
0
45
24
0
0
6
0
0
0
21
92
251
1
0
600
59
2
28
1
1052
0
4
2
0
6
3
5
38
44
0
385
948
3
3590
0
0
0
0
25
0
2
0
0
0
768
580
8
0
349
0
1380
84
784
34
2844
278
190
254
0
11
57
101
331
0
2
376
318
11
50
14
0
7
57
689
10
0
34
1
0
41
0
0
4
3183
68
559
22
0
1
0
994
0
1
0
0
0
0
1
1
0
0
0
0
1405
39
765
0
116
1
39
96
0
1
0
0
0
0
0
0
46
153
0
0
12
0
1
763
253
6
7
866
1
0
57
0
0
0
0
0
0
0
53
0
0
0
0
0
0
0
280
1
0
252
467
350
1
0
12
49
1
59
602
0
0
138
58
654
194
1
2
175
0
0
81
25
1
1
0
0
755
0
0
0
99
0
4
0
0
0
0
0
0
0
284
1
0
0
0
716
1
13
3
2
2561
1693
285
133
210
138
163
677
24
440
1
301
2194
892
5
0
250
0
408
9
9
2
1590
908
232
12
33
1
517
553
0
93
20
13
48
79
710
4
5
0
260
0
0
16
0
9
2
0
1
1
0
0
1
3
976
0
15
86
446
5
19
2
5
75
917
0
1
26
15
6
26
12
122
94
337
109
475
3
4
333
1
65
15
0
77
4
128
0
43
16
0
1
1839
0
21
22
0
124
0
1
1
1
0
0
0
0
0
0
0
0
0
0
0
0
0
0
0
0
0
0
0
0
0
0
0
0
0
0
0
0
0
0
0
0
52
0
0
0
0
0
0
0
0
0
1
0
0
4
0
0
0
0
0
4
0
0
6
0
0
0
0
0
0
0
0
0
0
0
0
1
0
0
0
0
0
0
0
0
0
0
2
0
0
0
0
0
0
0
0
0
0
0
0
1
1
0
0
0
0
0
0
0
0
0
0
0
0
0
0
0
0
0
0
0
3
0
0
0
0
0
0
0
0
0
0
0
0
0
0
0
0
0
0
0
0
0
0
0
0
0
0
0
0
0
0
0
0
0
0
0
0
0
0
1
1
0
0
1
1
0
0
0
0
0
0
0
0
0
0
0
0
0
0
0
3
1
0
0
0
1
0
0
0
0
0
0
0
0
0
0
0
0
0
0
0
0
0
0
0
0
0
0
0
0
0
0
0
0
0
0
0
0
0
0
0
111
142
444
346
0
13
0
1
0
0
12
0
0
0
0
0
0
0
1
0
2
68
2
175
0
98
9
1738
1
42
0
0
0
0
0
5
0
0
0
0
0
0
0
0
0
0
1366
0
0
5
3
0
174
0
14
25
2
41
914
6
1
1
0
0
3
9
50
14
0
0
3
41
16
31
33
5
320
594
1
0
7
10
868
63
267
0
0
4
68
9
11
196
1
64
19
0
0
382
533
0
18
1
66
15
144
0
27
60
380
104
553
0
63
0
357
2188
1123
0
0
0
0
637
117
0
0
5
3
130
0
0
0
0
0
55
0
123
6
2
0
0
0
3
669
206
185
55
8
1
6
0
17
16
1
0
0
1
0
0
479
1
16
15
3
1
252
179
18
0
1
81
0
93
0
6
143
0
0
0
13
126
3510
393
0
26
276
66
0
0
4
1
142
28
201
3
0
202
44
137
1
205
95
73
725
1
0
69
3
20
5
315
5
3
0
0
412
2
117
23
875
110
96
65
28
0
874
0
193
1
1
18
9
16
17
248
0
2
2
0
0
239
430
1
565
193
53
14
611
257
5
105
43
0
411
44
2
4
177
4
462
1
163
0
219
0
0
0
0
10
114
108
153
383
30
281
186
19
0
354
163
471
17
0
727
3
91
126
62
8
242
0
0
525
0
140
657
1214
60
5906
36
1
0
0
35
0
0
24
1
11
20
55
0
0
126
233
8
40
183
1
25
120
0
1
1257
1
47
34
0
0
626
0
0
0
0
0
0
1
276
1
0
0
0
11
338
139
0
0
449
4
1
5
140
0
507
0
254
219
30
12
79
365
62
0
60
1
66
1093
5
2805
0
1
6
1063
2
694
0
3
162
3
7
0
6
9
1
1341
0
6
0
0
21
79
773
0
1
318
595
1
2
2
3
86
1
0
2
691
233
219
0
804
0
0
1
0
0
9
0
70
210
75
60
717
2
32
12
21
0
1421
247
195
3
0
52
1
0
696
33
3
499
51
0
51
0
1
0
47
23
52
0
41
0
0
5
0
0
778
2
511
1
346
2187
0
12
5
777
2
13
186
76
742
0
0
0
939
455
4
633
3
2
0
0
1
0
0
0
0
0
0
0
2343
0
4
40
0
0
0
0
3
523
0
1
14
0
5191
45
2
2
187
522
109
51
206
4
0
3
852
15
17
1693
0
821
0
66
370
5
137
196
4
24
118
913
107
4
1
29
34
41
0
23
37
2
77
164
41
156
1
10
0
0
79
261
146
52
40
6
4
345
40
123
117
6
649
243
5
0
176
0
26
45
17
53
513
47
0
0
47
13
0
0
12
437
0
164
9
78
25
7
62
12
1
992
43
53
54
3
325
16
9
195
5
5
0
0
0
285
0
0
38
7
57
823
1
102
0
0
461
0
0
0
1
0
0
2799
0
0
10
40
4
257
1
0
1
15
7
944
0
12
0
57
317
304
0
1
0
1
399
6
0
8
17
676
0
7
0
0
91
354
3
632
0
1
0
0
210
42
0
0
0
0
0
0
10
35
228
0
1
8
0
9
0
0
0
2
5
0
0
14
11
136
1
115
336
20
0
91
0
0
322
0
3
687
207
106
142
134
14
105
44
46
0
0
0
283
1
293
724
4
402
161
97
1
1
55
6
10
98
55
3
30
1
2
1
199
1156
11
1
2
274
4
0
0
1232
195
35
1003
3
1181
150
0
1
0
0
0
0
0
0
598
1
45
46
342
27
13
0
78
121
0
0
4
488
1
44
481
47
1
5
0
0
4
331
149
3
1
0
0
78
7
0
17
4
0
21
12
6
358
40
0
6
0
8
25
0
0
0
274
12
6
0
1
286
2
1
99
1
80
162
32
1
2
4
0
2
0
6
1
2
0
342
90
123
112
88
0
0
9
9
3
0
22
4
414
34
0
48
449
0
136
2
1
6
133
0
0
0
2
95
0
13
126
4
0
10
21
2
27
285
3
186
1
222
23
109
699
4003
3
1
0
1
32
1
7
39
0
4
0
0
0
0
0
0
28
0
65
162
151
0
56
222
0
2
34
208
0
0
494
2
135
410
1
6
0
0
0
20
0
15
11
50
4
3
1
5426
179
1
247
82
33
186
0
145
394
33
0
2
0
58
0
1
58
1129
2
153
0
0
1
1
84
117
43
323
2
40
172
2
95
42
5
12
75
2
0
8
17
3
7
102
1
0
0
0
0
14
3
71
0
0
0
203
1893
27
0
0
0
0
2
0
3
4
0
0
485
0
0
0
0
4
2
0
0
0
0
0
16
45
2
0
0
0
270
1
50
0
0
0
1
0
0
2
0
7
46
0
222
3
8
0
0
0
0
0
0
0
0
386
0
0
0
2
453
5
134
58
198
0
0
0
0
822
104
6
1
33
2
1
2
0
0
32
0
165
54
0
3
0
80
3
35
430
0
3
1
0
93
465
258
8
35
1
0
0
0
109
535
0
0
0
0
3
0
15
17
74
28
51
17
2
0
0
2
1
0
31
932
275
51
89
79
120
127
212
252
43
323
1
372
10
267
2
0
227
0
165
63
265
457
0
125
7
928
38
0
267
110
93
10
0
49
72
6
48
268
3
0
71
90
1
1
3
208
0
4
43
9
0
0
0
0
0
0
32
1
0
14
42
6
9
3
8
0
10
929
22
118
173
179
3
220
0
21
0
13
620
10
0
0
289
54
8
31
1
190
0
19
53
672
0
2
570
231
459
472
74
9
196
205
0
0
1
0
38
0
231
782
114
1
2
110
151
121
0
7
0
332
9
56
35
665
556
1
0
847
175
149
10
136
88
1
419
269
5
3
122
1
604
55
28
23
7
0
8
15
0
30
0
4
0
138
7
610
34
82
43
1
5
11
54
7
45
9617
285
7
1
0
4
79
6
0
0
16
174
5
5
14
10
5
0
9
4
0
54
262
53
928
3
22
102
371
76
0
88
120
37
17
0
0
0
62
2
35
148
35
605
2
0
6
9
32
7
20
21
360
0
129
209
7
0
138
2896
141
3
1188
170
1
0
1
30
43
3
1
20
0
322
11
111
197
60
61
1
0
177
337
1
97
148
0
140
0
414
3
118
570
953
95
1
6
102
41
3
22
1
0
10
0
0
0
0
0
0
0
0
1
91
138
12
257
6
59
149
13
1
0
752
3
0
612
10
53
0
0
1
1
0
4
0
0
147
1
17
249
5
4
0
34
6
2
351
31
165
2
12
8
54
0
0
0
0
0
0
9
0
164
18
322
8
693
5
0
133
3
270
1
14
6
280
0
0
0
0
1
0
0
156
0
1
43
0
0
0
0
102
1
0
1
0
571
47
0
25
0
2
230
318
164
0
4
0
12
39
1
2
161
1556
0
51
201
4
25
96
0
30
592
1
181
28
1020
9
0
36
1
326
355
0
43
0
0
72
3
0
129
9
0
0
0
0
0
3
0
4
7
0
258
0
102
0
2814
13
53
0
2
121
4
1
216
0
7
79
0
3
2724
0
1
12
94
242
156
1
676
2
52
0
17
0
0
36
0
0
0
12
0
1
0
2
22
0
621
3
87
16
88
32
35
0
37
0
1
635
4
12
1
139
5
2
27
132
16
453
0
0
128
0
5
2
289
0
293
168
2
1
1033
0
2
5
1
0
135
70
0
163
195
3
198
26
118
79
201
0
348
30
52
1293
0
175
128
0
0
0
2655
2278
1
7
133
690
10
47
5
1
55
0
71
0
2
0
0
0
0
0
0
59
3
59
7
0
458
9
0
289
162
10
2
392
7
2
3
74
0
3
4
0
60
136
0
95
2
58
566
531
0
123
0
5
2
41
335
0
467
335
4
39
3
304
6
2109
6
0
164
103
0
29
2
0
0
0
59
4
21
3
0
0
5
58
0
154
10
2
3052
194
20
123
2
1018
118
0
8
0
975
47
0
28
6
79
8
257
238
27
489
52
0
9
0
51
1
521
4
407
3
127
0
2
382
221
10
1
5
146
1
7
255
3
198
0
6
15
218
19
18
102
136
0
6
4
107
0
37
0
16
46
158
3
126
0
25
177
327
9
79
15
0
273
38
206
146
2
110
33
2
80
120
19
0
69
53
16
289
8
3
21
0
38
5
0
25
48
193
4
1321
23
2318
0
21
36
3
4
0
5
9
0
3
3
7
19
81
132
66
12
0
220
9
0
0
0
0
0
0
250
227
0
0
0
0
0
0
0
0
0
0
0
0
0
2
0
0
0
0
0
0
0
0
0
0
0
0
0
0
0
0
0
0
0
1
25
0
0
0
0
0
0
0
0
0
0
0
0
0
0
0
0
0
0
0
0
0
0
0
28
0
481
127
7
83
57
254
1
0
9
0
574
2
3
764
0
0
0
0
6
924
225
931
0
0
1
4
0
0
0
2
11
1
0
1
1
13
0
26
0
58
0
358
78
493
0
0
14
139
0
1
5
14
5
2
497
0
0
0
0
0
0
0
4
0
3
0
7
0
0
0
0
7
0
0
138
2
3
0
0
2
3216
0
6
974
91
48
307
0
0
0
0
0
9
0
4
0
0
0
2
0
0
0
0
0
1
0
82
1
17
52
12
2
0
18
0
3
0
0
57
2
0
149
13
104
53
5
251
0
3
321
0
109
9
0
0
21
86
13
0
65
3
60
2
488
3
433
0
1
94
502
471
47
21
298
0
12
0
124
154
120
224
5
13
154
0
28
0
0
22
574
2
5
4
0
10
89
297
42
0
1
240
0
8
0
9
0
0
0
14
91
1174
14
139
138
3
0
0
0
0
0
3
1
0
7
0
0
0
0
0
0
77
0
0
0
0
0
0
0
46
12
0
2
0
179
3
4
40
0
7
2
2
4
42
272
1957
4
0
3
7
116
3
31
103
3
10
85
1925
439
92
77
112
2
63
45
0
57
103
239
14
215
416
11
53
162
13
60
3
15
13
34
982
4
805
38
0
4
87
1
2
0
43
2
463
2
27
17
0
39
14
128
114
4
251
11
58
60
16
1
78
12
30
31
87
29
1
16
34
0
8
475
0
85
152
125
0
253
131
160
1631
0
226
0
0
1
0
839
0
74
0
4
50
49
403
0
252
83
80
3
0
0
42
8
101
273
1581
153
8
0
53
314
4
322
0
1
154
124
104
0
161
80
1
196
264
247
1
81
90
0
5
0
67
0
0
240
0
0
0
0
43
0
4
104
0
0
4
6
42
1179
471
3
0
2
830
122
1249
72
157
39
49
0
1
0
404
182
2
22
2
60
2
585
4
8
0
0
1
1
0
0
0
3
1
5
739
0
3
120
2
0
1216
69
290
172
356
141
10
9
0
27
1
1
303
807
0
17
90
148
1
138
8
44
65
0
108
4
177
131
424
0
0
0
0
0
0
1
0
0
1
0
358
36
0
0
8
0
0
30
0
3
0
0
74
0
0
0
3
0
1
1970
3
9
1
0
9
1
0
0
3
0
1
0
0
103
0
2
143
14
0
1
189
6
4
3
0
1
43
36
10
129
0
971
1
486
0
69
195
0
64
1
0
0
8
0
0
0
0
0
0
199
725
26
0
253
12
1
615
11
91
9
414
1
0
0
1
35
0
0
736
52
279
1
131
2
386
359
862
0
210
118
0
3
0
812
3
7
1
19
16
3
0
128
0
0
583
190
0
0
0
0
0
1
0
3
1
1
0
1
0
0
318
59
7
151
0
18
14
0
0
0
0
0
0
0
9
0
0
0
3
788
1
2
115
5
334
6
0
1
1
9
263
0
0
165
1
3
121
0
0
1
0
1
0
1
0
8
144
0
568
1
157
336
6
4
137
0
30
5
372
10
24
0
14
19
192
278
141
0
165
1
2
0
3
1342
5
3
0
0
6
34
129
0
8514
76
1
6666
14
2815
119
2153
940
204
832
0
2
33
263
3
628
96
728
4652
120
0
2
1
143
13
4
89
0
24
80
3
0
29
8
30
0
22
1
191
0
12
1
0
28
37
0
704
0
0
17
37
266
14
45
0
4
60
0
1
66
985
0
0
0
0
346
236
1
903
91
3
392
280
97
108
591
0
596
1246
222
2
39
51
249
127
0
0
0
20
0
1
1
69
624
0
0
0
15
141
591
0
6
250
0
342
940
2
1
831
4
20
0
242
1
0
0
0
0
0
13
3
0
0
0
1
0
1
328
166
150
27
97
30
20
82
5
25
51
159
1
7
0
1080
28
71
1293
0
3584
62
318
2
6
169
13
13
0
70
342
307
0
5
5
0
228
0
1
217
40
0
49
99
108
8
7
43
1
67
272
5
9
12
111
143
813
72
115
268
7
1
3
0
8
547
4
130
0
82
48
41
168
32
13
0
597
221
8
219
8
35
142
0
148
98
191
0
0
51
1
4
18
216
84
21
7
0
0
802
1
0
33
0
0
7
0
132
0
7
5
14
3
9
11
5
42
30
1965
46
92
72
0
236
0
44
1476
13
0
158
93
218
1
136
353
13
0
0
45
2
0
110
30
0
0
0
25
0
5
0
7
178
1
322
8
0
1
5
49
0
702
109
5
186
2
116
9
734
4
57
42
0
3
584
59
59
20
434
11
45
0
62
52
2
12
0
1
4
1
2
1223
0
439
93
0
15
17
24
227
46
10
26
25
29
0
0
0
0
26
0
347
0
474
57
0
0
6
17
44
1
2
35
2
7
76
0
0
1
0
2
1
317
0
0
0
0
0
12
1
89
0
41
0
0
0
0
2
0
0
0
83
4
371
0
81
50
58
0
4
46
4
12
0
0
3
0
2
57
298
0
0
37
0
1
129
1
0
208
0
0
0
0
1
2
493
81
0
1
13
5
32
0
0
0
0
0
0
0
818
0
0
0
12
0
37
0
92
118
7
2
57
0
18
0
0
0
0
1
14
0
9
138
606
78
4775
32
380
236
255
0
2
20
6
631
11
38
0
221
44
1
0
0
18
6
0
0
1101
7
1
25
0
551
13
83
6
135
46
21
2
0
0
139
0
33
459
190
6
22
67
28
135
11
6
101
10
415
59
12
111
187
134
0
0
2
84
0
9
7
2
27
10
150
0
0
0
140
39
0
4
539
5
1
0
9
0
0
402
0
2
1
11
100
17
59
0
0
1
0
10
0
314
0
14
0
0
3
47
0
33
407
0
2298
1
0
60
0
0
0
0
0
0
0
38
0
2
1
405
2
0
55
33
21
10
552
3
0
0
0
12
0
0
0
1
0
0
0
2018
1
0
0
0
0
2030
0
178
0
1
259
39
0
3
58
0
204
0
7
0
0
0
14
334
84
85
51
1
0
0
83
0
41
1
60
1257
0
37
147
40
1
104
27
81
405
2
63
1095
0
70
38
397
3
13
149
0
3
1128
3
5
214
28
0
97
0
0
9
371
2
0
4
16
0
537
53
1
0
812
23
0
761
1
69
285
124
6
0
170
509
1
2
0
47
0
0
1174
6
2
209
8
0
170
900
485
507
0
13
1
0
0
12
61
18
5
342
1
9
212
10
114
0
0
75
175
1
1168
0
36
0
8
267
0
0
0
0
0
27
172
0
663
224
13
7
276
2
0
104
0
1966
20
18
15
3
0
458
23
464
3
0
1
3
4
77
0
9
0
0
0
0
0
0
1
0
0
0
0
0
0
40
0
3
23
10
0
0
0
0
0
62
332
283
261
0
2
10
96
0
10
0
0
0
8
241
0
67
1
4
52
153
316
0
0
1
10
0
15
2
238
513
6
0
44
0
0
2
7
0
191
7
2
0
5
50
2
2
62
1
0
0
1
3
9
16
0
4
57
48
6
0
1
0
0
0
42
483
19
2819
832
85
1
0
0
1
0
0
188
0
349
130
124
0
1
729
1030
0
3
0
197
0
0
9
1
0
0
0
67
2
85
34
34
0
0
13
2
767
0
219
120
0
152
137
848
0
251
652
0
0
112
0
0
1
40
0
0
30
346
1
441
5
312
1240
18
254
0
137
158
16
61
165
809
38
61
335
0
1022
105
2
0
0
183
2
5
127
225
208
782
399
764
412
44
197
34
0
0
150
96
2
0
4
537
0
10
1
0
0
0
0
0
0
48
19
0
17
680
0
1
0
1
0
0
0
0
0
0
0
0
0
0
0
0
0
0
0
0
0
0
0
0
0
0
0
0
0
0
0
0
0
0
0
0
0
0
0
0
0
0
0
0
0
0
0
0
2
0
106
2780
1
0
7
0
0
1140
0
23
667
109
33
67
0
26
145
0
10
59
619
74
3
9
83
155
0
1
125
0
0
11
89
293
3
126
766
62
860
225
15
19
341
486
9
121
15
27
29
5
43
8
0
437
6
27
5
56
274
111
2
388
54
9
26
2
15
1
95
10
171
244
124
29
2
169
91
332
75
10
28
7
0
286
13
1
4
0
0
228
2
0
41
0
12
0
0
0
0
0
96
166
24
95
41
108
1
12
3
69
510
193
0
452
143
2
0
2
15
188
0
208
1
0
1190
3
0
3
76
3
28
3
0
0
20
3
224
0
0
1
29
0
0
1
56
437
12
199
118
184
61
7
9
31
137
15
9
2
218
0
1076
1
336
0
4
6
4
0
0
0
0
0
20
0
0
1097
2
2
141
51
275
170
60
666
63
1
0
0
609
159
0
195
0
0
39
1
1
0
96
2
1121
2
1095
0
48
11
712
48
4
129
5
0
7
89
11
0
42
11
320
1153
0
5
455
0
1
56
42
94
0
1
0
0
14
52
344
1
1
107
402
252
112
52
186
1
650
73
0
0
0
0
26
498
92
330
125
2
4
0
2
0
43
2
28
2
474
2
0
0
69
0
0
3
1
0
4
548
289
0
25
345
1
0
20
0
0
0
3
0
2
297
0
95
0
0
5
115
0
0
1
10
192
0
0
1
63
0
79
143
20
141
0
311
53
10
135
0
14
41
237
1
1
0
0
2133
119
6
8753
223
0
0
398
0
10
2
2019
0
19
0
7
220
89
0
0
1
0
0
10
0
0
0
0
266
90
2
196
37
3
0
32
2
23
27
0
10
0
34
178
330
0
59
214
0
246
12
1082
70
761
0
1
0
1
27
128
0
0
154
13
212
947
0
338
0
0
0
0
39
7
1
87
17
169
103
777
3
585
10
15
0
3
0
25
0
12
103
3
23
13
0
0
12
77
289
0
0
119
4
980
98
6971
60
351
0
137
2
71
11
0
17
193
0
195
3
0
87
199
2
0
1
0
0
1
120
1
0
0
1
210
82
2315
2
81
676
3
3
64
1
1
0
0
3
238
0
0
0
0
0
0
397
4
2314
1
229
277
68
169
161
91
0
265
1265
140
179
262
0
0
0
0
0
4
1
0
7
1
26
268
1345
91
117
11
133
4977
1061
892
48
3
0
1
264
0
126
0
177
0
60
1
586
1
0
2
1
0
0
1384
0
14
584
63
228
5577
0
30
92
3
203
41
63
5
5
36
2
96
52
20
174
305
16
0
1
0
217
0
280
364
769
3748
160
0
2
0
0
0
1
6
26
0
0
0
0
0
0
0
0
175
198
1
0
8
90
0
30
334
3
176
91
0
82
4
0
0
0
0
0
0
0
0
0
359
3
15
0
0
0
100
2
0
159
22
1
0
0
64
3
3
27
0
43
21
1032
63
20
10
40
112
2
45
0
468
4
30
27
123
209
112
58
189
191
138
129
337
166
24
18
17
200
0
0
253
74
126
777
1068
190
796
21
423
0
2
593
41
1218
145
2
102
241
70
3
96
0
29
1
25
534
1
60
213
81
170
3
0
632
0
0
257
376
17
88
40
214
2
131
22
21
9
15
1
1
873
7
44
1
136
89
0
818
119
1
0
3
0
185
1
0
411
7
2
0
22
0
0
1
394
287
163
5
218
14
158
22
0
0
11
1
120
1
68
4
0
443
523
202
0
67
1
326
233
4
25
722
29
0
4
145
4
17
0
4
181
0
2
38
313
0
2
71
123
64
0
15
215
118
82
3325
0
30
159
1
9
139
6
0
0
3
89
0
1
0
8
87
1205
1
1
69
1
217
2
74
568
7
13
6
3
121
0
4
13
38
125
0
1
1656
1
9
363
505
6
0
159
165
137
532
10
65
125
0
211
18
131
0
1234
3
878
20
28
3
28
52
3
875
539
377
1
6
20
0
0
0
1
0
349
160
84
13
133
1
188
228
499
207
415
0
1
23
89
1014
9
9
117
130
161
0
0
5
109
644
301
0
234
0
265
0
34
258
122
0
88
0
271
248
0
0
9
29
0
308
6
57
0
1
0
0
0
0
1
445
770
6
0
73
0
0
0
0
53
1145
0
247
3
0
1
0
18
0
1
1
1
0
0
0
0
166
22
2294
0
55
1900
8
0
0
46
1
12
371
0
660
0
0
1
178
0
39
63
115
0
0
0
0
0
0
0
0
8
18
487
164
0
3
588
0
0
0
3
0
145
0
0
2
0
0
0
0
36
0
2
12
1
0
0
282
0
1
0
168
0
1
109
159
4
3
7015
0
19
0
220
573
3
1
41
0
3
1185
0
0
0
0
50
278
0
1
0
0
83
1
0
0
0
0
0
0
0
0
0
15
0
191
2
1
202
4
0
73
2
0
0
41
0
0
0
0
64
726
19
0
6
95
129
32
0
3
293
213
4
699
0
0
304
0
0
3
0
1
9
0
0
75
1731
0
1
103
0
0
2
37
5
0
0
13
0
3
0
0
0
1929
0
58
0
1213
103
292
0
261
3
0
0
1
142
400
0
0
0
2
2
1
0
556
55
26
5
2447
100
258
62
366
0
142
0
0
0
1
33
372
0
0
80
2
0
0
6
1
0
1
0
43
1
265
1
48
0
10
0
5
0
0
0
2
1
0
0
0
12
0
0
0
0
0
0
3
377
1
1
0
0
1
0
34
1
473
0
1
70
1
0
441
0
4
86
1
64
1
146
165
1
8
1
0
1
0
0
0
0
0
86
2
0
0
79
1
2
123
6
261
243
11
15
0
616
44
8
1
0
50
432
23
0
124
247
37
266
4
236
17
89
547
0
2
52
30
0
0
20
0
0
4
0
5
357
5
0
11
0
1
247
0
2
0
0
50
3
311
129
568
27
303
25
4
2
1
619
26
0
0
0
0
1
1
1
63
0
84
0
0
0
783
0
154
110
0
0
132
0
1
185
0
0
57
0
0
112
0
151
0
158
0
61
338
34
232
342
0
3
7
22
679
38
0
439
107
6
0
5
0
0
0
488
7
168
0
18
0
63
1
1
972
0
379
0
0
1
0
0
0
1
0
0
0
2
0
165
316
0
0
0
1
0
3
1
15
37
1
624
39
2
563
0
1544
1
0
0
4
0
12
1
0
1
552
0
0
0
0
172
0
172
0
0
0
662
0
41
0
0
0
0
1
14
3
0
0
0
0
55
1
0
1
0
0
426
737
723
1
285
0
337
2
178
355
1
97
4
536
35
0
0
0
0
0
0
0
0
1
3
79
0
0
0
0
0
0
0
0
0
0
210
0
36
0
0
0
0
0
0
0
0
648
346
0
0
7
0
6
0
1
127
216
337
29
1
1
0
0
0
0
0
0
0
0
0
0
0
0
2
161
0
561
0
1
5
1256
14
0
87
1115
1
0
222
132
0
0
0
0
0
0
0
0
0
0
0
0
0
0
148
0
2
0
4
0
0
0
2
0
405
6
411
1
10
0
4
0
0
0
0
0
0
0
0
0
0
0
0
1571
0
0
64
0
0
1
7
133
0
0
3
2
2
141
129
159
19
57
11
368
7
21
0
0
0
163
0
25
248
59
2
0
0
14
355
4
21
2
112
99
19
2
254
6
149
2
10
239
6
67
0
33
1054
0
2
844
2
9
0
1
102
218
168
2
138
0
70
0
1
2269
3
155
272
325
159
497
234
657
6
0
565
2173
2351
3
120
19
1
331
1
354
0
10
15
681
586
10
3
35
174
70
245
50
2
2
19
407
0
179
302
0
13
8
426
25
1
43
0
27
0
506
181
14
599
1
171
490
125
48
806
589
2
599
169
20
4
456
0
4
2
163
1640
8
167
24
0
260
37
0
1
0
23
223
392
191
36
0
8
115
2
23
1
71
3
691
2136
0
8
4
0
6
468
7
0
472
303
0
20
191
145
4
1
0
373
5
2
0
92
180
0
272
32
2
52
0
161
6
5
0
225
993
169
4460
604
604
234
31
3
44
23
68
75
365
0
68
12
23
159
7
178
0
177
2
3
2
63
19
218
15
15
29
102
60
0
744
5
1
0
94
8
43
5
190
25
157
448
29
5
0
0
10
1350
613
916
137
20
154
0
220
0
116
11
410
464
2
0
0
290
0
0
107
23
291
151
0
67
0
0
0
242
5
0
1
54
74
13
267
344
3
153
22
67
55
2
0
0
4
4
36
66
123
299
18
671
43
2
0
0
0
0
0
0
89
1781
5
0
4
37
29
7
0
246
0
110
0
306
239
203
109
0
3
1
605
0
0
0
9
2
1
8
0
61
7
0
1
5
484
1
1
1
13
1
203
326
4
2
36
0
14
1
59
0
17
431
25
101
93
299
56
0
632
19
97
191
0
53
1
0
0
0
158
0
1
5
1
0
0
0
145
0
0
0
1
44
72
0
0
256
0
0
104
1
309
81
252
0
0
63
0
96
138
1
62
2
105
3
0
353
1
1
0
72
212
273
386
11
135
1
1
72
4
6
1
26
6
8
0
35
1
60
311
1242
57
82
0
317
213
26
96
184
267
1659
264
1580
21
4
247
105
89
689
0
804
13
92
302
0
1
0
0
67
130
158
63
1
28
13
25
2
413
12
0
70
114
123
58
31
84
15
108
212
1
16
422
1
117
69
400
2
71
14
0
0
96
9
7
1
9
139
521
32
8
12
64
0
77
0
1
3
0
102
2
1
19
679
1
33
0
47
165
98
5
0
25
0
363
0
766
33
254
936
0
445
246
0
0
6
0
0
10
15
0
0
80
3
35
0
344
5
329
61
1
208
1
0
28
289
53
2
2
89
408
2
303
419
99
4
68
31
0
202
0
121
898
9
130
179
0
0
1
35
13
117
1
118
83
0
13
37
286
0
0
0
1
272
0
213
82
0
188
147
565
260
0
1
86
25
2
0
0
19
0
0
0
1
4
9
293
0
5
0
0
1806
6
370
866
84
136
0
0
0
0
784
3282
0
0
0
0
54
0
4
220
137
0
0
676
0
189
1
257
0
175
2
149
2
140
13
125
0
0
0
49
216
15
219
2
0
72
44
0
0
1
548
13
8
474
41
11
0
46
0
930
0
0
1
1
74
49
238
0
30
143
0
3
13
62
71
49
131
13
0
3
31
63
103
6
1
0
0
0
2
68
53
127
0
12
178
14
1
65
1
11
137
5
150
435
2
48
0
121
23
322
2
10
0
41
13
7
0
17
1
16
280
1811
168
811
3
7
208
89
1
395
0
165
1
162
6
1
572
4
481
10
13
131
0
312
0
3
0
205
0
81
34
0
1071
51
54
55
8
2
108
115
25
1
631
539
157
410
391
0
1
230
1
257
1
84
5
241
93
213
239
72
15
1
416
108
0
35
100
29
12
16
0
79
0
0
25
14
67
17
0
187
177
323
287
78
238
0
1
122
5
1
1
65
0
251
24
0
0
13
6
0
0
3
5
0
0
0
0
0
0
2
3
0
3
0
1
0
0
0
20
7
2
2873
7
50
225
11
0
17
1
253
92
1
0
114
3
21
0
0
0
0
0
0
0
0
0
0
1
0
0
0
0
0
0
0
229
0
0
0
0
0
0
67
15
87
20
687
2
1
26
0
0
0
0
0
0
27
0
0
0
0
0
0
0
0
0
0
0
563
4
399
88
137
0
0
0
34
0
12
395
0
86
22
221
250
1
23
3
0
0
49
0
0
13
3
360
381
0
0
45
0
266
250
0
450
0
2
0
159
45
11
3
1108
1
50
28
2
1
6
0
0
0
0
0
7
21
25
146
0
1
31
8
0
0
1194
192
51
2
37
0
197
1
352
1
0
10
1
0
0
0
11
10
17
0
10
0
0
44
51
0
161
0
0
0
95
71
5
158
0
1
13
1131
19
0
205
12
0
2
38
1
25
164
0
36
0
0
0
3
71
8
17
27
0
1
41
38
48
1
16
7
37
1
42
67
229
0
16
24
199
1
14
208
0
0
26
97
2
50
0
85
13
23
39
1
4
119
50
1
3
7
46
48
19
24
15
0
0
35
0
59
85
1
6
121
0
38
26
25
0
0
74
0
9
58
23
54
5
0
10
14
59
3
542
0
4
361
7
0
509
53
487
44
0
170
2
0
7
171
2
7
0
0
74
0
166
3216
0
259
39
0
1
1864
207
0
11
961
23
0
163
44
21
228
0
32
3
14
6
0
0
297
1
0
0
0
0
0
1
40
12
524
102
84
1512
130
411
786
81
0
0
19
0
26
0
0
0
0
0
0
4
64
49
3576
116
21
146
81
0
74
7
3
248
20
192
0
2
46
0
77
0
229
10
124
342
95
193
114
90
187
4
4
28
0
1
54
0
0
0
1
28
0
0
101
71
0
312
53
29
0
185
21
6
5
1
59
85
53
12
1
17
24
4
1
3
596
0
24
0
1
1
0
0
649
6
544
3
244
0
4
9
16
308
0
67
87
107
0
180
180
12
1
2
118
3
9
50
0
205
0
0
0
1
0
0
0
0
0
0
0
0
0
0
0
0
0
1
0
88
42
14
52
0
0
0
7
118
29
19
29
5
121
0
92
79
1
7
58
3
0
0
45
18
36
0
12
0
7
0
30
14
457
2
52
61
220
62
85
3
51
0
3
1
69
52
1
17
17
192
51
4
337
219
49
137
273
0
150
66
10
0
0
0
3
99
83
246
27
9
73
42
227
0
2
35
14
0
0
5
0
4
57
84
13
87
122
6
21
290
260
4
102
69
60
6
78
0
65
3
190
0
294
0
670
2
53
7
38
0
11
38
0
2
1
0
0
1
0
0
0
0
784
1
222
3
0
1
2
4
45
1
0
237
0
25
1
16
0
375
111
0
69
56
2
83
802
2
82
193
65
58
109
180
30
34
88
32
2
25
9
245
2
3
9
126
1
24
275
1
509
0
5
2
33
0
0
0
47
0
151
0
0
38
233
0
8
0
3
2
30
16
1
252
0
69
30
0
0
315
46
0
7
771
0
456
1
183
91
11
7
480
7
21
3
3
0
88
3
9
335
0
563
0
15
162
1
2241
104
36
8
0
0
0
0
0
0
0
0
0
0
0
0
6
2002
27
4
123
0
988
22
8
109
31
3
0
0
0
0
0
5
140
134
0
15
1495
897
432
567
197
73
90
1
36
118
1034
20
83
21
0
10
0
241
20
1
226
23
197
0
10
255
144
230
3
248
0
108
11
287
22
0
1
0
1521
21
18
160
23
2
34
0
86
2
1
712
2
1
65
14
4
1
0
0
15
0
4
0
14
129
0
181
4
3
16
0
17
0
0
0
0
0
0
0
0
1
0
12
22
0
0
0
1
10
2
5
0
12
0
0
0
0
10
0
211
0
0
39
8
0
0
0
28
0
3
2
9
4
0
0
110
0
0
0
4
0
27
1
2
0
4
101
0
0
99
20
1
130
44
51
241
2
278
32
0
77
0
289
1
133
0
251
0
9
59
213
0
9
0
357
342
0
275
164
124
39
58
4
0
48
0
18
36
0
0
1
540
10
116
27
0
21
1
0
0
1
0
59
158
199
107
64
214
0
0
0
2
4
0
0
125
1
8
0
3
0
0
0
2
146
56
155
4
177
44
450
309
34
0
494
8
1
3
111
21
3
0
66
18
0
4
23
117
4226
112
413
0
3
1
0
3
57
0
7
0
0
0
4
1
1
0
0
7
0
5
8
8
284
158
633
0
0
0
6
1
16
860
6
306
373
44
56
7
82
7
77
3
0
0
1
1
1
73
1208
15
0
66
0
0
28
16
27
0
0
35
42
42
38
4
94
221
34
17
228
11
2109
3
0
0
0
1
0
0
0
0
0
221
298
0
1
0
37
2
0
0
10
0
3
14
15
5
52
1
0
43
2
28
16
1
0
0
2
0
1
2
13
0
1
1
0
160
1
79
42
8
246
264
26
0
36
7
16
0
82
0
0
57
10
0
6
3
5
0
32
0
23
56
56
16
6
14
71
0
55
1
69
0
26
5
137
58
108
2
145
222
998
0
127
10
22
65
188
3
34
161
45
211
234
0
33
92
5
130
15
5
21
9
7
0
2
3
268
0
0
30
71
10
19
2
22
190
54
0
10
0
40
212
134
119
7
280
0
128
0
290
135
7
0
0
3
0
3
0
0
0
0
107
0
0
0
0
0
0
0
0
0
19
13
0
0
0
19
0
1
0
1
124
12
2
0
0
0
0
0
0
0
0
0
43
283
1
1
204
2
6
0
60
7
415
3
0
0
0
1
0
0
0
0
0
2
0
0
0
0
0
0
1
0
18
27
0
86
0
3
1
20
0
0
7
0
3
82
0
14
275
1056
389
1
0
0
342
67
115
109
246
1
9
127
0
0
0
64
24
9
0
0
25
58
0
1
0
22
128
149
740
140
5
0
187
0
5
0
17
2
153
0
2
1
1
2
45
1482
0
0
14
76
32
0
0
648
0
0
0
0
0
146
0
0
0
0
199
0
779
0
288
0
0
0
0
1
12
0
1
1
5
0
0
0
0
0
0
31
0
0
1
1
693
450
0
37
8
143
0
0
1
17
1
0
0
0
29
244
1
62
0
2
114
1
0
472
1082
195
0
0
40
16
2
31
106
0
73
4475
3
0
0
0
0
0
0
0
0
0
0
0
0
0
0
42
0
22
1748
248
2
20
35
190
154
1134
6
0
1
2
2
1642
0
641
12
40
123
1
85
2
4
2
0
398
6
48
0
242
26
215
7
731
384
4
278
1
3
0
0
0
3
70
4
5
0
18
192
35
0
4
10
126
35
922
8
9
98
0
0
73
96
94
0
1
2
21
86
166
4
370
257
97
113
189
357
66
92
3
5
2
166
10
39
249
211
2
59
38
112
1
0
948
5
0
726
1
3
420
18
0
133
326
25
0
0
146
6
0
0
3
295
24
1
294
869
33
0
0
4
606
0
0
0
10
133
29
1
153
2
75
0
1146
154
2996
0
50
0
0
20
89
6
59
1
0
0
0
0
0
1
0
28
297
8
805
7
367
592
40
435
0
123
523
169
291
0
0
3
109
0
0
219
0
8
29
0
0
2
324
3
0
240
0
145
1
699
19
266
0
4
4
0
726
15
503
178
47
335
4
393
0
0
1
0
0
112
2
2192
143
1
295
78
75
5
3
1
5
2919
18
8
387
301
0
192
15
138
356
1
660
480
365
75
0
0
0
0
0
0
0
386
104
0
0
0
450
0
0
0
13
0
147
0
78
142
162
5
4
3
0
1
187
381
0
0
1
0
2
812
18
1
1849
76
1
1
152
486
2
3
363
0
160
86
0
0
0
0
0
0
0
0
62
0
0
0
0
0
0
38
0
9
101
15
706
41
13
0
0
2010
0
0
0
354
0
1213
87
13
418
514
16
749
105
782
16
150
21
1
0
0
150
2
89
186
0
0
8
0
0
0
0
0
0
251
0
89
1
797
137
134
153
21
0
2485
19
887
146
126
1
148
1
101
0
3
1
560
0
8
1
152
129
483
326
2
566
36
0
0
0
1
170
0
1
447
0
179
0
2
5
37
13
110
265
567
87
0
3
0
0
0
1758
0
234
12
2
0
0
0
0
1
0
0
170
0
0
0
83
33
0
42
74
1
5
9
0
50
46
18
1
125
0
0
0
0
0
44
518
46
1182
653
0
193
142
691
8
172
0
2
54
1085
84
75
276
0
0
62
5
0
0
5
4
0
1
4
3
0
5
72
0
1
180
0
81
808
27
3368
82
24
18
964
15
4
0
225
18
0
65
23
49
58
0
628
0
45
6
57
0
225
305
76
1
10
483
1
24
3
239
5
69
1
25
253
0
0
4
30
88
94
0
31
362
8
133
165
9
1
8
40
3
485
325
35
15
20
1
6
1
200
1
0
0
71
1
2
9
0
0
113
107
7
0
0
3
0
0
0
0
0
0
4
125
702
4296
6
0
0
0
0
0
0
0
0
0
0
559
98
340
1003
375
0
56
1949
383
343
0
11
230
803
82
271
37
37
38
80
249
1
31
18
2
180
0
0
148
697
632
0
155
43
812
300
4
2
656
190
59
1
5
10
0
0
13
130
12
1
0
348
3
956
8
0
0
0
316
19
52
776
1
0
0
0
0
4
0
0
0
1
0
0
0
0
0
0
0
0
0
0
1
0
0
0
0
0
0
0
0
0
0
0
0
0
0
0
0
0
0
0
0
0
0
0
0
0
0
0
0
0
0
0
0
0
0
0
0
0
0
0
0
0
0
0
0
0
0
0
0
0
0
0
0
0
0
0
0
0
0
0
0
0
3
0
0
2
36
0
0
3
0
406
222
5
19
60
11
611
0
1
3
0
0
173
2403
19
7
0
35
0
194
205
474
1019
4
15
16
6
0
115
582
2
39
170
0
65
24
75
63
1
0
0
0
21
984
0
0
0
0
0
0
0
0
0
0
878
1
882
229
120
78
194
1437
8
1
39
212
161
104
1117
5
130
142
21
3
54
1
120
38
4
7
58
2560
1510
52
207
1
0
34
8
0
38
0
0
0
407
0
6
163
1317
19
238
370
2
0
0
329
2
24
103
0
0
12
182
77
4
73
49
17
0
0
0
1
0
0
0
0
0
0
0
0
0
0
0
0
1
4
0
0
143
0
0
0
0
177
1
72
410
222
2
164
1
0
3
35
0
10
2
0
1
0
0
0
0
1
0
5
0
8
0
0
20
511
8
6356
1
158
0
1916
67
1
1
49
156
75
0
118
0
105
57
460
45
45
95
1
0
0
0
0
39
0
2
66
0
229
0
7
0
12
0
0
4
0
393
227
432
12
270
381
39
116
120
51
0
13
2300
1
29
0
30
0
0
0
0
0
0
16
580
1
89
1
0
2
44
0
0
0
0
73
0
23
251
0
3
8
566
2
0
0
22
0
0
18
0
1228
308
531
1
0
116
0
0
0
2
0
0
35
0
1
102
357
10
1
69
18
548
253
0
15
75
0
9
0
0
0
15
0
0
0
840
340
0
46
216
115
0
0
0
0
0
3
0
0
0
55
0
0
0
155
11
262
630
0
22
1657
5
1688
51
140
5
829
44
111
161
12
261
456
62
0
0
0
0
0
0
0
0
1
348
132
0
44
154
769
8
0
0
0
0
0
0
0
1
0
0
0
0
28
0
234
253
0
4
0
1
1
114
0
3
0
6
0
0
1
0
0
0
6
26
3
0
1134
0
0
0
651
4
3
0
660
0
384
59
188
2202
10
0
72
244
7
0
195
0
98
0
1
0
122
2
3
0
0
0
0
0
32
15
132
0
0
0
1
0
0
0
0
0
104
583
0
7
0
0
0
0
0
0
0
0
0
0
315
0
253
465
289
1
80
22
10
117
49
0
0
0
430
0
0
0
0
0
0
0
63
89
2
2386
97
110
0
19
0
257
148
1811
58
0
0
0
61
0
0
1
2120
0
30
2
181
153
0
573
123
219
47
3
67
0
1
1
0
1
549
1
0
13
487
39
3930
0
7
27
597
50
0
83
1191
102
1
266
0
322
0
14
212
0
0
23
223
1
0
102
0
11
171
55
2
0
78
0
29
779
6
46
53
13
34
506
27
1
0
473
1
1
250
69
0
0
0
0
3
784
637
899
27
0
5
96
1
0
34
0
4
274
1859
15
55
136
263
70
948
1
0
0
2
3
3
0
1
0
0
196
734
215
102
987
688
112
47
42
1
0
0
1
1768
5
3
4
165
0
21
222
2
188
0
0
603
3
0
0
106
0
1
782
82
171
0
1
182
0
0
25
235
0
203
0
0
0
118
0
0
0
0
1
0
1
12
8
1
6
76
3
0
22
63
0
0
0
25
4
0
0
0
0
3393
714
3
0
0
128
12
0
29
28
1
1
231
218
18
58
28
3
193
282
604
5
7
14
9
41
1
4
85
374
0
25
466
0
0
137
0
2
118
0
141
5
46
0
0
6
1809
5
35
1098
26
552
8
0
51
4
0
1
86
1
971
14
92
45
700
258
0
15
0
5
76
1722
0
183
0
260
166
2
327
350
115
265
21
10
9
798
196
236
2
205
132
247
3
44
3
293
0
4
1125
342
0
221
1
267
2144
0
62
6
1
0
0
0
0
0
0
0
0
0
0
0
189
121
290
4
27
4
0
46
301
2
444
452
1
0
3949
161
802
112
0
93
19
0
17
0
25
0
0
1
0
430
6
8
1
6
35
196
59
788
91
131
15
0
0
288
1165
38
36
333
5
309
71
0
3198
15
223
969
41
215
299
6
23
7
312
2
0
22
1
3
0
99
561
4
1
241
116
92
92
299
1587
197
223
0
303
17
13
8
0
0
0
0
859
191
0
0
700
11
451
1
277
0
280
38
0
0
0
0
4
245
0
1
62
559
0
4
0
0
0
7
0
427
172
1
115
22
146
104
0
0
0
0
0
282
1
425
2
30
9
123
217
84
186
3
0
0
123
464
3
0
0
37
2
0
0
0
50
0
0
224
7
0
2
0
129
435
0
0
0
0
0
0
5
0
0
2
44
97
2
690
10
0
0
0
0
70
5
438
0
0
111
314
0
0
0
0
0
0
0
1
0
1
21
266
1
10
2
0
1543
9
134
74
231
0
0
41
626
3
1853
191
153
21
22
42
73
53
101
131
207
96
0
5
3
0
0
10
0
14
13
5
40
68
10
6
0
68
109
169
514
11
0
8
859
18
139
117
0
218
14
1
0
543
2
364
0
94
0
4
214
1
127
18
1
112
1
2
139
0
6
0
0
0
0
0
0
0
83
4
0
0
0
0
76
37
125
0
373
0
4
0
0
96
61
242
46
0
22
2
2
761
0
320
6
0
0
95
1
104
24
29
11
234
228
0
1037
0
0
0
0
0
0
0
81
0
0
0
7
0
2
0
0
122
8
2285
24
12
0
176
93
571
2054
0
0
305
519
0
110
0
0
0
0
71
656
3
101
84
0
1622
3
3
0
1646
27
153
0
327
0
0
0
0
0
664
0
0
0
1
250
159
2
9
1260
159
59
400
0
225
158
3
9
1404
692
15
37
38
49
64
0
9
6
10
34
1
66
2
0
0
0
0
0
0
200
0
101
0
0
674
0
0
0
0
11
3
0
120
0
4
23
97
0
0
328
0
0
1992
0
721
7
0
3994
65
54
98
0
24
4
1
7
418
110
463
2
131
224
133
0
0
0
0
6
0
196
18
0
0
0
0
999
0
0
76
0
0
29
113
39
581
15
65
301
4
31
0
13
2
6
1
1
122
0
0
458
147
56
750
1027
962
0
519
590
0
24
1
61
635
36
428
0
931
0
20
1
0
2
60
0
21
1
0
32
1
0
0
0
0
0
0
0
0
1
90
21
34
45
15
5
381
157
743
2
0
0
0
84
31
0
4
132
0
286
6
0
37
441
32
40
2
139
220
11
0
0
12
36
1
0
22
93
0
0
123
0
1
0
58
1
29
1
780
155
0
37
5
0
0
0
447
164
260
1
79
1
0
0
65
97
163
77
109
2
1
220
322
0
181
120
8
15
2
87
186
3
62
1721
2
262
2
58
0
33
0
6
0
0
65
0
0
0
49
122
0
5
2
0
48
22
184
0
0
0
0
25
0
0
0
590
20
59
57
98
1
21
180
0
11
233
0
0
292
0
0
0
0
0
0
153
0
160
452
0
8
4
0
0
38
1
0
0
15
51
0
271
194
22
1
0
0
4
0
0
0
0
0
296
4
0
0
1
0
0
212
1
0
0
3
147
931
285
0
71
15
0
0
0
2909
0
0
154
0
0
3
0
452
4647
0
1
404
73
228
0
63
91
112
0
0
0
67
55
14
87
44
0
25
0
1
73
0
0
32
0
0
42
32
0
314
63
229
0
0
0
0
2
1030
0
0
0
458
0
4
4
482
0
0
39
42
0
0
0
0
0
0
0
0
2
0
8
0
61
0
0
0
0
0
39
66
0
0
1
0
0
6
8
112
145
0
0
0
0
0
0
0
0
540
0
0
0
0
0
0
0
0
0
0
0
3
0
0
12
1
52
407
0
0
0
818
15
6
429
0
1
99
6
61
21
104
180
9
3
0
1
1
0
0
11
0
0
0
0
0
0
0
2
3
0
330
2
12
1292
2
175
0
6
79
2
0
6
7
22
2
12
1
33
225
175
93
761
8
652
426
2
0
0
0
0
2
2
99
4
115
0
99
1
0
0
0
0
0
1
0
0
0
1
185
34
590
23
284
1
3
0
29
36
0
25
1
236
49
282
0
533
0
46
575
5
146
1123
50
609
178
213
1642
204
13
261
94
8
5
295
5
6
401
0
0
140
0
0
195
9
0
225
28
311
0
276
73
75
5018
346
206
31
591
0
0
0
243
1
0
86
309
1
363
59
0
195
24
28
77
77
227
567
107
0
10
431
1
123
535
565
7
0
0
1
159
3
155
373
1
205
27
0
0
0
4
0
1
0
1
1
613
0
0
0
81
67
28
3
0
57
0
0
0
0
0
41
1
1349
7
346
359
980
6
1288
0
0
16
0
0
2
722
123
0
0
228
0
25
22
0
0
24
8
387
10
0
74
0
54
771
61
3
1
110
272
45
41
0
0
0
12
1
0
660
121
13
0
575
0
0
0
12
0
0
6
3
0
117
150
1
1
4
205
21
8
0
0
0
0
0
0
0
0
0
1
0
0
5
41
12
5
61
93
9
15
1
29
228
0
11
101
274
1
0
4
104
37
0
0
252
0
77
184
0
4
22
0
79
1
0
1872
8
0
0
410
131
2
0
0
0
0
0
2
0
0
0
0
81
1
777
0
142
214
486
479
94
30
23
166
213
97
344
0
0
62
0
118
1
0
0
28
239
1
3
1
321
3
101
0
155
62
908
12
111
7
0
21
118
447
3
2
50
2
0
0
0
0
474
3
0
1
6
2
1
366
0
0
1322
0
0
14
0
0
0
0
0
0
0
59
15
41
16
121
0
11
5
0
5
0
0
0
9
0
0
0
157
37
8
32
1
2027
0
73
47
2
0
0
0
0
0
155
165
1
0
0
985
23
273
0
2
3
1
829
3
1
282
1001
3
476
227
45
243
1
0
0
219
0
98
387
30
23
0
0
17
0
0
0
0
4
0
0
2
0
145
11
67
342
140
156
0
573
71
32
57
2
11
307
102
74
15
96
14
0
9
1
0
0
0
0
21
97
15
4
27
0
2
0
1
134
2
327
20
22
1006
16
175
61
0
1
0
0
0
3
0
0
194
0
1
12
2
1062
1
0
0
2
0
0
4
0
696
768
0
8
1
119
127
160
19
4
12
0
365
23
4
4
2
0
226
37
10
0
21
0
171
310
250
76
72
37
366
43
6
33
0
9
1
0
7
0
249
15
0
11
0
8
0
30
24
0
0
20
0
0
0
2
0
0
27
0
0
0
109
0
0
123
0
52
0
0
0
1
0
0
0
0
0
4
0
2
1
0
0
30
0
0
0
0
0
10
0
0
2
0
0
0
0
0
0
0
0
3
0
43
71
103
0
0
1
26
9
0
1099
1
0
0
0
0
640
33
0
0
0
0
0
1
521
137
0
0
67
0
0
2
0
185
0
0
0
0
0
0
0
0
0
0
14
0
0
0
0
0
0
0
0
0
0
0
0
0
0
0
0
0
0
37
0
0
0
0
1
0
0
0
0
12
0
21
12
196
129
489
1
2
0
0
0
0
9
550
0
37
0
0
0
0
0
0
8
45
0
49
877
35
0
1642
185
39
0
767
2
6
1
1
1
0
0
0
18
0
0
0
0
0
0
0
0
0
0
0
0
0
0
0
0
0
0
0
0
0
0
0
0
0
0
0
0
0
0
0
0
0
32
0
9
157
12
496
4
69
0
0
0
20
0
0
0
93
4
63
0
0
73
275
38
1672
18
0
0
0
0
0
0
1
0
0
0
81
0
11
97
363
157
287
0
7
310
6296
38
0
230
697
149
49
1
170
395
6
0
0
0
1
0
0
0
0
24
61
26
0
0
268
0
1
4
245
0
967
2
0
5
717
6
639
25
0
0
0
0
0
0
85
2
5
19
2227
0
2
0
137
1
4
867
11
0
0
3
0
0
44
0
2001
0
45
0
1
7
0
0
57
2358
0
5
1
505
56
14
4
1115
3
12
0
3
1
0
1
173
8
0
405
217
278
0
1312
0
4
2
20
0
148
0
176
0
99
247
2
5
441
3395
2
210
18
20
39
547
4
0
22
3310
9
6
1
2
56
585
1
0
132
7
0
0
0
0
0
0
0
183
0
2
0
3
0
230
877
150
87
8
466
632
1
5
14
0
2
141
19
8
0
4
10
1128
199
98
0
0
56
0
0
6
3
0
0
2
3
2
0
0
0
0
0
0
0
0
0
0
0
0
0
0
0
0
951
0
93
504
34
10
3
1
37
24
0
0
0
124
0
0
249
0
0
0
0
2
149
0
1
56
4
29
1
0
0
619
1
0
0
0
498
4
0
23
0
162
1
41
628
1
22
70
185
857
794
10
414
0
8
4
0
0
0
0
0
0
0
0
1
3
1
0
0
0
0
0
0
0
0
0
0
0
151
1
0
60
0
71
3
24
12
1
143
88
77
19
556
1
3
718
5
41
30
0
2
0
2
0
0
0
23
0
0
0
24
4
102
0
1
131
0
0
87
0
0
7
317
22
65
70
24
3
282
2
4
6
56
0
0
1
0
0
44
17
139
121
111
73
93
7
5
673
7
152
105
47
7
2
10
3
52
1
0
0
0
12
8
0
56
609
0
381
0
85
0
123
114
40
3
181
161
15
21
5
0
4
13
0
10
5
0
0
0
84
24
0
122
30
0
0
55
542
87
396
116
40
76
0
0
0
0
0
0
0
0
0
0
0
0
0
0
0
0
0
0
0
0
0
30
189
0
6
1
0
0
0
0
0
0
2
0
0
0
0
1
0
0
0
0
18
0
1
0
0
0
0
0
0
0
0
0
0
0
0
0
0
0
0
0
0
1
0
0
0
0
0
0
0
0
0
1
0
0
0
0
0
0
0
0
0
0
2
0
0
0
57
0
62
0
0
0
0
0
0
0
7
2
2
1
145
0
6
1
0
12
0
19
3
4
7
64
0
3
233
4
128
109
0
203
0
3
45
8
44
4
33
19
213
0
755
202
80
144
2
2
1
8
0
333
345
137
459
2
0
0
57
0
474
15
2
2
140
1
19
2
17
2
0
65
1
0
0
0
88
0
0
0
0
0
0
0
2
0
5
576
48
85
6
61
0
2
199
2
102
23
4
1
1
0
0
0
0
0
0
0
0
0
0
0
0
0
0
0
0
6
206
357
31
14
72
397
71
51
5
0
111
0
19
77
1
1783
78
22
354
8
0
0
3
81
44
59
0
0
28
18
182
198
410
60
0
0
0
0
78
2
1
9
0
66
97
18
42
77
0
8
0
0
0
12
4
31
102
149
31
315
23
59
141
2
0
509
6
79
684
1
59
0
508
176
9
66
12
67
235
7
559
150
1116
155
0
112
0
1
3752
0
0
0
1
0
2
14
0
0
1
0
0
6
0
0
0
253
0
646
0
0
0
265
2
0
218
0
2
7
0
0
0
0
0
0
147
1
1230
0
292
0
0
50
70
1
29
9
519
2
0
407
24
5
8
0
76
14
243
123
1150
2
1
234
6
148
0
0
0
119
0
0
0
45
25
0
0
233
431
30
12
0
14
0
127
1
22
169
0
0
100
436
0
49
195
631
125
0
4
7
52
70
0
208
436
62
2
86
254
51
0
1
61
1
0
0
243
0
0
1664
11
231
42
139
140
0
297
8
0
0
15
8476
8
27
35
1
6
27
525
252
14
245
2
8
175
15
5
7
139
0
8
1
0
20
0
9
12
16
3
239
50
24
1
1
894
13
79
44
0
216
0
1579
149
33
0
96
24
381
1
2160
52
0
275
8
125
8
2
0
67
175
142
87
165
949
0
0
134
10
10
185
225
53
3
1138
64
599
56
1
207
140
166
80
119
32
5
10
308
1
30
12
1
0
128
67
27
64
123
63
4
9
376
1
2
3
2
5
0
161
11
111
40
270
7
10
457
433
1
7
33
16
157
72
65
0
0
1
0
0
1
30
2
2
1
16
161
68
80
11
3
0
0
37
0
0
236
3
72
1
18
0
450
102
1
0
389
0
13
0
73
0
68
3
0
0
4
8
2
31
235
1
0
1531
16
8
591
1
81
270
12
0
438
700
23
572
2
0
22
0
0
0
0
0
0
0
0
0
9
0
0
17
0
0
7
5
0
813
21
1
1
231
77
27
178
1
722
2
0
1
11
1
889
11
24
698
1
15
451
400
34
71
927
57
0
1
723
217
33
1
435
241
0
0
14
578
153
1
2
3
0
58
3
230
3
1
14
255
127
0
20
0
75
0
0
61
0
2
0
0
7
0
104
0
0
0
412
325
25
1
56
40
54
0
112
1
0
25
289
163
9
3
237
0
0
0
10
0
1
0
0
1
9
0
2
72
1
146
0
4
95
294
0
0
0
0
1
440
228
1324
11
121
4
98
238
21
120
230
2
283
1
42
143
80
416
192
82
25
0
14
143
7
76
0
50
211
12
104
0
11
59
68
298
4
0
0
0
0
0
97
120
379
0
2
173
10
3
265
175
3
52
536
0
4
1
528
0
317
195
0
68
11
0
0
12
245
2
10
833
57
2
1
534
13
3
0
352
1
0
0
42
567
352
584
158
739
308
138
64
89
9
32
74
115
535
79
84
491
42
34
3
39
0
0
0
0
239
0
218
0
0
876
79
1
350
0
240
80
3
0
25
0
0
0
39
0
91
30
310
202
1
103
0
0
15
673
578
21
0
1
0
55
3493
11
0
3
0
0
11
89
362
5
18
184
1
0
0
1
0
348
1
938
111
3
25
140
39
25
122
144
257
0
0
0
77
26
112
0
2
10
414
418
17
20
6
737
2
6
0
15
0
1
1
4
985
5
504
84
999
3
1
8
17663
48
173
504
55
18
208
53
299
2
4
190
8
146
111
2
0
0
4
194
195
97
197
6
2
0
1
0
99
462
0
75
242
24
2
450
50
111
365
0
0
0
0
1454
125
708
1
0
0
703
4
168
64
8742
2
21
0
11
2
0
0
3
4
83
0
8
0
2
0
103
0
11
9
0
634
51
15
336
256
0
0
0
8
0
2
38
0
315
79
10
1
37
225
2
168
12
78
10
113
66
40
0
0
436
55
2
354
4
100
0
336
293
609
60
92
239
11
1
0
8
0
3
7
60
3
19
0
14
0
0
0
0
384
0
0
0
0
0
2
3
73
301
666
2777
19
33
214
17
126
248
61
2
759
205
1156
6
0
105
110
0
1
741
18
321
0
35
0
69
176
0
151
425
30
417
41
0
2
78
537
205
4
52
13
482
6
4
1
225
698
111
19
82
21
373
335
139
331
18
31
0
2
0
173
480
259
26
29
5
0
95
1
3
0
139
280
86
1
78
168
0
2
445
7
2
204
4
0
39
2253
1847
8
0
129
0
6
173
22
4
1668
2
84
4
67
14
52
50
191
4
0
5
58
85
0
36
35
21
10
202
0
15
43
8
25
87
110
320
339
92
2
0
0
0
0
0
0
16
152
1
116
133
13
87
156
768
14
14
106
0
0
26
0
20
322
474
415
266
96
25
1
698
422
46
25
968
358
101
81
67
1
1
34
13
0
0
6
10
239
0
49
307
219
302
1063
0
461
141
7
62
160
6
0
2
0
0
0
0
0
97
5
0
12
0
678
574
64
0
0
0
8
6
332
0
21
130
120
3
186
0
2
1205
1423
2
2
12
159
133
3
1
82
184
8
0
26
92
55
0
0
363
3
0
0
0
0
114
335
6
1
159
0
0
0
0
1
51
0
87
124
0
127
1
210
15
16
10
0
58
0
0
0
0
199
12
85
0
757
0
83
229
11
1
285
24
10
0
143
7
1208
136
199
3
586
0
0
46
3
0
2255
0
0
0
7
203
2
1
3
0
0
0
1
0
0
174
0
83
9
403
54
72
0
0
0
73
37
3
8
79
28
0
0
0
95
0
0
0
0
0
98
0
0
0
0
0
11
0
0
0
0
38
25
122
0
0
1
320
231
131
0
7
22
48
53
28
220
0
92857
1
4
9
0
1209
0
83
0
0
0
0
0
0
0
0
0
0
0
0
0
240
98
0
19
0
41
47
0
0
0
0
1
25
0
17
255
344
157
161
6
83
379
540
128
5
622
137
226
474
21
298
85
46
0
475
0
1
0
0
312
962
4
6
0
2
0
1
832
0
0
349
3
68
546
3
113
164
471
17
0
5
0
141
1
1
0
0
0
0
0
0
1
475
351
0
1
60
0
282
47
3
3
683
1
117
9
1
30
42
9
86
50
62
0
0
10
0
89
257
0
0
0
74
848
0
434
321
4
347
143
0
80
284
0
161
367
95
0
3
4
22
1318
2
1
9
0
4
0
8
20
0
0
0
0
6
4
0
0
9
0
0
0
1
425
0
115
1
176
177
2
53
7
0
3
0
23
93
22
0
585
528
31
1
234
0
125
116
413
110
54
0
13
113
0
2
162
15825
160
14
37
6
5
10
0
106
157
27
40
365
389
237
159
3439
231
38
60
3
76
101
2
40
1
86
3
555
0
0
1618
0
416
222
101
0
5505
109
169
930
146
234
1
107
0
0
57
0
1
75
0
0
0
1
66
0
1
382
1
2
0
0
0
10
11
105
0
0
2
0
0
1
60
20
56
265
568
36
527
31
0
46
0
0
20
6
2
172
178
8
1
108
9
30
0
4
0
2
62
17
311
241
144
506
82
4
717
139
0
0
133
157
3
0
0
13
1
46
0
5
197
267
0
103
20
0
1100
100
0
11
39
497
45
1
20
219
380
2
0
9
0
3
25
0
318
479
119
92
9
0
75
1
377
0
1
205
43
390
7
1
311
0
259
40
672
1
9
34
43
139
10
0
0
0
1
6
1
25
0
72
398
2
13
10
216
27
494
0
1
0
0
172
0
0
0
0
0
627
17
417
0
7
684
0
0
0
0
0
0
0
0
1
1201
0
0
86
0
1875
551
176
2
687
2
885
1000
1795
455
867
3
67
1
0
0
3
1142
12
0
15
80
0
0
32
0
0
0
3
302
178
0
332
0
0
0
0
0
0
2
0
0
0
0
0
0
0
1
1
0
0
49
80
0
177
28
0
6
38
2
0
396
135
1
93
1
192
57
0
0
0
0
0
0
300
192
152
83
5
3
79
1
0
0
0
0
0
7
66
28
0
6
0
17
0
1
0
45
2
2
2391
29
2
0
64
0
223
2
0
0
0
0
358
1972
0
0
0
0
2217
0
0
5
0
287
0
0
4
5
180
168
5
0
0
18
271
4
535
15
27
2
2
0
5729
1
0
2
5
0
0
2
715
0
10
229
24
2
4
103
145
16
1
12
1
0
34
2
1
0
1
0
126
758
20
270
89
20
154
2
104
0
1
0
0
0
2
0
0
0
0
2864
3
3
0
10
0
0
0
0
3
24
338
5
0
1065
0
0
0
0
0
529
0
32
1
6
133
6
9
9
10
0
216
0
0
1022
1
331
553
28
187
0
807
0
16
0
8
0
46
12
604
1056
1
1140
27
0
381
0
539
31
56
48
0
0
9
0
303
0
0
0
0
0
3
939
0
13
0
13
0
2
1
0
0
0
0
1
0
57
0
320
99
108
2
331
22
16
1
75
2
0
79
142
51
1
0
0
0
0
0
1398
1
3
0
13
367
31
0
0
5
0
0
0
0
0
0
1
0
554
2
249
121
2
3
39
607
103
1
533
233
22
0
0
72
843
0
0
7
0
9
0
0
323
443
145
146
18
27
4
0
0
2
291
773
118
82
583
0
17
0
0
4
147
15
0
1
0
1
304
61
0
77
462
722
147
262
1491
2
1591
29
0
34
0
0
0
85
40
205
11
0
1
0
0
2
4
1477
35
1
2
1
0
47
0
0
1
4
0
31
0
71
0
0
143
0
0
0
0
0
0
11
1695
0
0
18
0
0
14
1
4
0
0
27
0
0
0
0
0
7
879
0
0
0
2
0
0
0
70
0
1
1
0
15
0
550
0
0
0
0
0
0
6
337
0
1
0
65
1
0
1
488
8
56
94
1
3
755
121
0
0
2
0
43
0
7
775
191
4
23
6
4579
432
1045
0
149
2
1
985
0
0
419
784
0
0
11
0
12
0
323
0
379
1
0
27
28
1
8
32
3
918
630
245
4
54
180
288
73
1649
1
0
0
0
9
485
0
12
210
181
3
259
0
75
340
90
0
102
80
1
460
0
3
1238
309
0
0
5
1
9
391
514
79
774
0
39
227
0
30
0
1267
225
269
17
114
129
1
39
1
6
398
3
30
679
159
384
1182
0
1
1
6
31
27
60
87
715
222
995
106
320
1
59
0
180
361
259
0
1
234
849
256
773
1054
151
79
252
35
0
673
8
226
1
0
155
0
3
0
1
2
0
69
35
55
0
4
209
30
1
16
1
9
56
22
6
7
8
0
0
88
2
132
137
3
58
16
29
101
25
2644
202
8
10
150
93
8
12
0
2
157
0
19
0
0
42
12
0
26
83
93
1
5
0
0
0
1
0
0
0
0
0
0
0
0
0
0
0
0
0
0
0
0
0
0
0
0
0
0
26
0
0
0
511
209
6
0
0
59
4
0
0
0
0
6
0
83
1
4
0
5250
0
48
0
0
0
0
151
9
233
6
3
2
49
3
338
180
24
40
9
3
773
199
0
12
1
51
0
0
30
0
124
1
310
162
224
63
1457
0
0
0
0
72
79
8
0
0
0
0
0
0
336
1
0
0
62
0
513
123
873
4
5
117
2
253
174
2
0
110
76
464
0
73
702
0
57
0
2
1315
0
56
602
4
0
0
1
0
0
1
1
0
0
0
0
140
0
0
0
0
0
0
0
0
0
0
0
1440
0
26
0
0
0
0
194
5
71
62
295
19
0
0
0
0
0
0
973
10
49
53
305
52
132
0
4
100
827
49
612
152
160
414
351
4
291
775
793
55
0
0
0
924
0
182
266
1
0
30
125
0
5
1
0
3
0
178
1
0
323
7
1
0
4
817
0
1
0
0
0
0
0
1
0
237
63
0
6
0
0
251
0
0
11
1
22
127
0
4
0
26
212
210
74
190
196
286
1
0
3536
382
0
80
1
259
5
197
47
0
19
255
18
0
1
0
2
77
0
350
0
121
0
8
86
1
0
373
0
0
0
0
52
0
0
0
0
43
22
0
540
328
2
0
0
0
975
219
437
169
6
32
7
165
262
6
0
20
149
879
2
76
802
70
0
0
0
0
0
0
0
0
0
0
0
0
0
0
1
0
0
93
6
0
0
0
0
0
0
0
0
0
1
0
7
1368
5
719
57
0
1
0
0
0
1745
0
330
73
1
0
316
81
1
0
0
0
0
0
249
7
123
0
0
0
0
1
0
0
0
0
0
0
0
0
0
0
0
0
197
253
1
598
230
112
28
232
0
0
0
3
0
62
1801
4
3
0
2
0
788
0
16
1
0
26
0
0
1
20
84
78
0
1
17
0
294
0
19
80
0
0
21
1
0
0
0
0
86
273
2
4
432
693
1
1
185
197
1
2
4
0
1
253
693
18
0
20
2
1148
0
0
10
350
322
120
0
3
384
142
133
50
3
3
808
99
7
0
0
0
0
0
0
296
0
28
2
0
76
185
0
112
9
1305
23
1789
32
23
0
15
1520
522
50
88
57
436
0
15
8
208
50
23
170
0
0
0
304
634
7
52
207
0
132
1
2
5
65
815
172
0
13
484
134
0
666
0
0
0
0
0
20
214
388
218
0
96
122
38
0
0
0
200
17
147
1019
167
8
564
15
18
0
0
1
0
185
753
0
0
0
0
0
7
0
0
177
0
440
146
639
1
0
2
11
1
0
75
0
5
0
0
241
44
0
0
168
0
129
14
295
30
1
74
3
456
73
0
0
61
884
0
0
39
237
532
113
1
0
0
24
384
16
50
0
102
1
6
268
180
898
3
55
4
21
285
266
0
0
0
0
717
0
50
0
0
0
0
0
1449
1
180
6
771
76
37
0
384
0
6
312
292
20
0
0
0
89
372
5
22
11
264
10
22
601
120
1
1
0
10
359
32
147
3
134
1
90
0
28
0
1
46
153
1390
1
11
152
0
0
0
0
0
68
0
94
0
22
479
0
0
206
605
0
0
244
0
1
0
577
89
0
383
0
20
0
0
0
0
0
0
3
86
178
0
234
311
1049
3
1188
102
640
35
3
290
0
0
0
14
15
0
81
7
0
36
0
222
0
0
1
103
13
105
0
12
3667
0
1
0
0
9
42
4
44
183
110
0
0
9
0
0
0
188
75
0
0
0
0
196
0
39
4
68
270
365
984
205
67
0
0
3
1
166
244
45
0
0
0
0
0
0
0
2
0
0
0
0
0
0
1
4
0
0
0
0
0
0
0
0
0
0
0
0
0
1
0
54
2
0
0
0
0
36
0
0
0
0
1
0
0
0
42
925
1
113
509
282
27
103
2
0
105
272
0
157
1
0
0
173
0
132
0
3
51
105
0
1
0
0
183
427
0
2
5
172
0
274
718
3
1
0
0
1
0
3
57
32
0
180
434
0
248
1
3
0
66
0
0
806
0
0
0
0
70
8
0
150
1
0
0
0
0
4
0
0
115
100
238
763
0
3
0
0
0
3
0
0
49
1766
1
17
477
1464
8
1
5
5
162
4
30
5
0
0
0
0
0
0
0
0
0
850
0
22
2
23
221
456
0
899
10
175
43
0
0
30
1
9
1
0
170
0
0
0
23
0
0
0
0
1
0
40
0
23
17
0
4
47
0
0
0
0
88
0
2
6
0
2
47
40
0
247
0
0
11
319
71
326
0
656
0
0
0
0
7
0
0
0
68
13
0
0
155
81
6
159
0
9
4
0
0
0
70
81
0
170
44
0
19
0
0
0
0
0
357
771
566
0
0
218
0
467
0
217
466
38
1
0
0
9
23
0
0
0
0
1
0
0
21
9
1082
8
520
63
145
22
2
133
109
3
1
0
2
1
0
49
275
0
346
16
0
1
0
0
0
2938
0
18
1
0
1
341
0
6
0
0
0
6
0
17
3
0
0
2
0
0
0
0
0
2
19
0
0
1
53
0
0
1
62
0
0
0
113
3
120
1
83
192
0
81
4
26
20
188
3
1
174
94
33
95
0
0
0
0
0
0
173
298
219
37
0
30
272
2
20
0
334
227
1
2
0
59
61
272
104
7
0
0
1
3437
1
0
0
0
0
0
0
0
0
0
0
0
0
0
2
0
0
0
0
4
0
0
0
0
6
0
0
239
0
4
0
1
0
73
419
0
386
14
11
852
1092
1
1
25
39
6
52
40
874
23
0
0
1
0
19
664
36
4302
5
16
276
0
0
149
1
0
0
21
608
0
0
0
0
0
0
0
541
6
0
1
0
0
0
0
0
0
0
0
0
0
0
0
0
0
0
0
0
0
0
0
0
0
0
0
0
0
0
0
859
1
0
4
168
4
0
275
30
1
428
0
0
0
0
0
0
0
0
0
0
0
18
0
1
225
73
0
0
0
0
28
0
34
0
0
115
0
0
91
0
0
0
0
0
0
3
55
2
169
3
0
191
2
1448
0
1
0
0
0
0
17
0
161
0
0
11
0
0
0
0
21
0
1361
260
7
434
325
3
0
0
15
2
0
0
0
1
0
67
983
1
1
1224
25
0
0
0
0
0
0
0
0
0
0
0
0
0
0
0
0
0
0
0
0
0
0
0
2
0
0
1
0
0
0
0
1
0
0
0
0
9
0
1
0
0
0
1
0
0
0
0
0
0
0
0
0
0
0
0
0
0
0
3
258
67
22
0
0
0
2
235
28
218
713
310
0
5
0
0
0
0
0
9
142
0
8
0
1
16
0
25
1
1
90
0
1
1
90
111
489
13
205
232
0
1337
0
0
4
1
111
28
84
0
1
44
0
2
3
3560
1114
129
397
2
6
0
0
0
0
0
0
1
0
0
0
0
0
230
7
0
6
1
65
834
925
0
284
0
0
0
12
93
290
498
648
31
196
0
23
29
58
87
78
0
20
33
2167
3
3
1
1
31
30
24
402
1
1
294
117
41
14
1
1
106
115
356
0
7
1
0
0
8
0
118
24
1
0
0
390
0
402
0
0
0
0
0
0
16
0
0
0
1163
109
0
324
0
75
1
24
94
0
2
100
1
0
43
0
1
0
0
0
18
0
5
0
11
1
508
579
146
74
0
1
1036
16
0
3
1
0
0
7
0
336
0
0
8
292
3
1
1978
1
0
0
0
0
0
0
79
3
16
14
0
0
524
0
0
5
55
292
3
40
0
41
150
0
2
591
0
0
0
179
31
48
2
0
56
5
0
303
210
3
1
42
9
59
447
169
95
22
30
56
0
2957
3141
0
0
0
0
238
3
2
0
0
1
6
0
0
1698
0
0
0
1
0
0
0
5
189
0
31
14
42
54
594
16
115
181
102
0
322
54
1
7
0
2
15
118
0
530
97
6
0
0
3523
152
11
324
73
52
2
0
0
0
511
0
4
293
88
0
0
0
0
7
0
0
0
6
224
160
103
300
0
0
0
0
0
0
0
0
931
145
95
354
17
0
0
91
10
7
0
299
688
3
554
0
4
9
75
0
32
0
961
0
6
0
52
169
6
1
97
0
58
0
57
0
11
81
0
78
0
1026
23
141
341
31
27
19
2
245
28
399
195
0
0
199
1
1
321
1
0
944
39
16
1
1
116
2
819
0
50
0
40
4
258
1
166
0
115
0
400
66
0
0
0
0
0
0
0
7
224
147
257
0
0
16
1
1
0
0
0
0
3
0
0
0
0
271
1
1
0
4
292
295
0
0
0
299
269
0
0
10
0
0
0
279
16
0
0
0
0
0
35
18
11
133
113
0
0
0
2
0
0
262
21
0
0
0
0
0
0
1
0
32
50
401
89
0
179
551
67
0
0
0
826
21
1
5
7
5
621
338
0
0
3
815
3
0
2
0
1
88
2036
0
356
55
5
13
777
465
2
0
87
0
0
0
0
0
527
12
7
1501
2
0
0
4
17
0
72
0
9
0
0
0
0
2
263
60
906
0
80
0
0
148
0
0
0
0
0
54
0
162
23
226
0
30
482
0
0
0
1
888
0
36
200
0
4
0
197
102
0
1
164
6
43
0
213
59
0
0
0
2
2
1674
0
204
220
256
55
0
1
956
0
7
0
0
0
0
410
0
218
1
311
797
6
0
0
88
18
0
2
534
136
30
0
0
11
85
0
931
24
2
0
0
0
0
0
1
0
0
0
2
57
2
827
116
280
0
0
0
12
4
0
0
302
4
1
2
0
0
0
9
0
0
3
0
163
71
80
0
0
18
164
481
0
0
0
0
0
0
460
0
0
0
0
0
2
0
219
2
146
215
0
0
46
75
192
8
3
0
194
0
0
0
1
1
163
2179
3
0
31
1
7
0
7
9
395
121
523
94
0
530
0
0
0
16
0
0
0
0
0
0
90
51
51
427
61
3
12
385
0
185
1
2
0
11
109
22
193
112
2
1002
3
306
44
1774
0
301
198
0
0
2
1
0
0
0
119
212
17
141
763
0
266
4
10
331
24
40
3
2
9
241
444
245
89
1622
292
235
174
6
11
11
1
0
0
0
0
1673
2
0
0
0
0
1
194
42
0
0
1
0
0
50
1
499
2
1
3
0
0
0
0
16
112
206
0
18
54
4
556
1
0
0
9
210
10
51
0
21
87
0
514
14
201
415
550
514
0
8
206
0
0
4
166
133
1
316
158
5
4
71
0
8
12
115
247
0
131
0
0
0
0
1
1
4
0
12
622
66
140
342
225
0
0
0
284
101
181
15
157
55
17
162
63
439
272
15
243
120
202
0
0
2
0
3
1
1
1
3
5
0
11
0
1
4
0
0
5
1
0
0
0
3
0
4
0
3
1
2
2
0
1
0
0
1
4
0
0
1
0
6
2
2
2
11
0
3
751
7
3
1
2
6
1
0
5
6
16
4
26
5
3
17
7
5
33
68
15
7
0
11
15
1
3
637
0
0
110
41
135
48
8
210
314
7
4
132
0
50
184
123
5
1
0
0
1932
1
527
0
0
0
100
10
1
3
0
298
0
647
2
6
831
8
70
0
0
0
1605
0
0
69
1
17
135
1
0
43
359
0
0
0
0
2
1
0
0
0
3
0
97
524
0
298
14
5
0
0
33
1
0
16
63
0
118
1
0
1596
13
2351
77
473
7
686
25
341
23
106
205
150
12
0
388
703
512
0
136
205
0
4
0
229
162
60
6
91
239
646
90
0
123
41
0
0
654
2
50
0
59
0
19
119
0
1
518
0
0
0
0
1
0
0
126
46
363
3
145
7
0
1004
92
172
57
47
4
23
0
1
2
1
15
0
75
147
0
1
0
135
0
24
117
2
0
1
2
69
27
1314
0
0
0
3
0
0
0
0
0
57
0
0
1
390
0
0
81
10
0
0
0
0
1
200
429
1151
172
118
3
12
169
8
12
691
0
1
0
8
0
0
0
0
16
2
180
25
36
0
113
0
0
3
0
0
0
0
0
0
0
2
0
0
0
0
0
0
0
1
194
569
1
540
1
28
61
0
0
62
164
0
0
1
1
0
145
0
0
1
28
7
0
0
1
7
144
0
0
351
25
0
0
257
282
0
115
67
0
205
0
0
1
1209
0
1009
2
4
22
115
770
0
70
0
8
0
0
0
0
0
83
0
0
0
1
1001
0
6
0
0
0
4
0
4
0
0
0
0
1
201
33
3
45
0
0
0
1
3
0
260
77
2
0
66
58
95
389
438
300
1701
5
2
0
184
0
0
0
0
7
237
33
202
1590
49
83
135
194
30
3
0
9
106
17
8
41
163
0
22
102
962
2
76
111
3
21
4
0
0
0
0
3
1
0
0
7
99
28
461
685
7
0
459
54
210
8
0
21
0
3
21
43
128
0
0
0
0
172
6
3696
0
1
0
565
186
28
594
534
159
5
311
91
0
0
147
7
57
0
182
1
41
0
0
287
32
192
324
468
68
0
0
0
0
21
5
0
209
0
582
660
0
26
2
0
0
0
183
109
120
0
3
3
1
2
0
0
0
1
0
2
3
5
17
6
1
10
387
637
3
0
0
4
118
386
8
72
0
2589
9
178
0
0
345
13
197
3
101
0
6
121
657
2
0
171
24
4
0
23
0
2
4492
0
0
283
0
10
0
0
0
1
0
0
394
0
0
1
0
0
0
24
33
1
1
0
9
8
0
3
7
1
0
0
0
955
220
0
1
97
5
5874
386
1
63
0
36
0
26
0
143
0
4
1
2
0
0
0
0
728
0
2
59
45
0
45
0
3
0
3
2
7
0
23
1
0
1355
0
0
22
0
640
0
0
2
509
200
0
29
8
38
18
351
1
122
7
99
142
158
9
1
0
10
0
0
0
0
2
0
1
505
0
96
0
149
7
0
549
2
19
0
9
18
89
576
5
464
1
126
132
860
22
0
0
7
229
123
0
123
221
0
1
0
1
1
444
39
0
0
0
0
0
0
0
3
69
2
117
6
49
5
1159
50
6
1086
0
0
49
0
0
125
0
0
1179
8
0
0
1081
1
2
0
695
1
40
3
0
3
0
1
5
2
2
3
164
52
56
0
29
75
362
21
2
23
1
12
0
0
6
12
29
7
17
264
1
0
1
4
7
2
26
958
273
569
126
388
0
43
18
3
42
3
214
66
7
0
1
3
10
4
1
17
16
0
10
0
109
9
1
3
3
2
1
2
0
6
2
3
16
0
0
1
1
1
0
0
25
43
32
42
7
151
61
18
2
136
1
61
24
17
88
5
0
0
6
2
0
0
0
0
194
0
0
1
35
0
0
0
0
0
0
3
0
1
0
0
0
0
0
0
0
0
0
1
0
419
0
0
10
472
0
2
19
2141
3
47
66
1
18
0
16
18
170
372
0
758
92
0
49
886
2
241
67
639
559
58
131
138
541
41
10
233
0
117
0
166
1
178
1
40
0
2
374
8
163
0
3
0
0
0
0
0
87
0
0
381
31
307
39
68
0
1309
2906
1
28
76
0
26
0
730
0
2
0
67
2
0
7
31
0
16
274
356
17
68
0
141
152
0
38
6
16
0
0
0
0
0
0
1
52
88
26
2
1
11
9
91
16
10
14
20
48
70
789
79
298
72
2
0
0
85
131
252
50
119
0
0
0
0
4
160
618
16
19
2
6
3
35
121
77
72
232
32
40
159
0
3
701
235
272
29
13
0
6
1
7
0
169
111
51
132
164
163
0
274
1492
0
5
103
104
1
4
274
256
46
221
7
2
228
556
89
134
45
200
824
41
96
0
28
336
93
94
0
1
139
3
683
57
5
210
0
0
2
5
87
33
192
0
179
3
149
241
11
54
102
289
280
0
3
12
133
228
154
22
311
165
1
0
4358
0
11
0
0
0
0
381
1
500
288
37
223
7
148
32
0
1
196
991
1238
0
258
1
41
12
351
0
9
610
37
332
1
142
198
189
2
0
0
4
0
279
177
0
148
0
8
0
0
32
763
2
1
3
247
20
72
0
0
0
0
1
0
93
209
0
0
78
0
0
0
0
2
0
1
0
99
5
66
0
1
0
11
13
0
0
72
0
0
21
10
158
1
148
24
358
0
0
6
86
167
1344
7
34
201
223
16
0
105
31
11
81
399
24
72
51
7
76
215
143
1
40
113
450
22
68
6
2
2
230
134
0
159
1
64
128
6
161
34
1
162
35
5
41
0
1526
13
0
0
0
0
4
0
30
358
12
0
23
592
27
25
5
0
4
199
0
573
0
34
139
17
0
651
5
132
26
28
0
16
129
0
30
7
0
0
811
32
0
398
118
32
1541
0
2
0
0
2
197
46
0
70
2
2
0
1
35
0
0
0
0
0
0
0
0
0
0
0
0
0
8
0
0
0
82
562
200
138
35
22
83
297
1
1
50
181
489
0
125
0
460
0
0
3
7
0
0
299
0
170
2
2
137
0
0
415
0
0
5
115
44
9962
0
2
73
977
9
39
15
57
0
3
19
187
2
0
62
0
5
327
6
3390
16
6
0
0
0
0
48
43
191
21
1
0
105
1
940
21
2
572
15
132
1
0
26
0
13
6
0
0
0
7
41
0
0
0
0
4
39
123
0
3217
3
126
1
17
0
0
0
135
187
248
4
185
1
0
1590
2705
0
0
0
0
0
0
0
0
62
2898
163
17
1
11
2
186
0
0
2
29
226
10
76
17
510
0
0
1
0
1207
130
81
0
1166
316
37
129
2
5
0
0
238
0
0
11
357
0
1
0
3
86
613
0
894
0
0
4
4958
0
141
55
0
4
68
287
129
47
0
9
0
362
0
418
7
53
0
5
186
13
24
0
99
853
0
654
0
14
0
0
409
0
0
0
0
0
55
0
0
13
36
0
0
385
1
0
12
25
34
278
1
0
0
0
0
217
13
29
7725
17
245
43
185
6
0
0
0
2
0
859
24
35
128
2
0
2
0
0
5
184
1
0
0
218
465
0
1098
0
13
84
0
0
283
101
29
73
36
0
764
773
1
12
145
0
0
78
0
81
502
4
45
0
561
5
168
905
3
5
74
1042
276
0
333
55
1
0
20
392
14
17
2
0
145
482
49
148
59
0
637
239
173
1494
116
51
44
3
373
0
0
97
12
194
3
11
13
0
0
0
0
0
0
0
0
0
354
251
2
216
2
5
0
0
0
248
336
3
2
61
268
153
0
0
2
0
2
2
0
339
84
194
575
2
0
11
0
7
0
0
208
208
88
3
255
7
262
20
1
242
330
533
37
152
321
160
1
296
4
6
7
3
26
196
42
54
0
4
0
2
574
0
36
791
2
7
9
186
268
3
5
1
0
0
124
854
0
0
217
0
8
788
0
58
1
10
16
0
42
1435
126
2
376
39
1
1
86
0
557
1
0
3
14
906
0
0
0
0
0
0
268
0
13
0
96
596
0
0
3
1
57
0
0
48
33
2
4606
0
0
0
1
2
0
17
0
286
0
67
0
0
1365
0
4
0
0
33
4
17
3093
23
529
31
335
0
9
1
0
0
9
1
640
0
3
0
0
91
382
0
0
153
183
3
1
256
1060
11
4
93
5
318
53
260
2
10
0
78
0
0
0
0
3
0
0
0
0
74
0
222
0
0
208
1
3
80
13
487
0
144
81
167
337
0
0
244
0
0
216
101
7
2688
1
78
1
0
148
67
1232
1
25
0
0
348
0
4
0
1500
143
2
0
0
0
0
286
15
0
0
2
288
0
0
35
102
296
0
132
0
2
99
553
1
139
66
0
17
0
0
0
0
0
0
0
0
0
1
47
238
197
2
32
1
0
0
1114
55
152
47
15
2
0
652
0
0
0
23
105
0
64
14
163
20
35
0
1
127
2254
477
499
26
135
1
0
0
0
0
7
2133
0
0
41
0
147
467
0
2
0
274
90
47
1068
0
493
240
386
3499
1
2
0
216
4
48
1
0
0
1
0
0
8
341
0
495
0
34
344
18
0
0
2
590
4
10
0
0
60
4
0
0
0
0
1
3
622
39
24
0
0
0
0
10
331
1
0
0
0
0
0
0
21
0
41
0
0
1
0
0
0
81
187
7
151
0
0
202
8
197
18
1
0
2
0
0
1
1
9
0
3
3
1
22
4
2
36
3186
0
0
25
0
0
0
2
1
0
177
1
0
0
0
0
0
0
26
0
1
1
276
48
269
5
0
19
168
2
25
0
0
2
1
2
3
277
231
0
178
106
93
0
1
0
1
0
0
0
12
17
0
0
0
109
0
20
1
597
19
43
2
11
230
1007
61
95
379
557
10
72
0
5
3
0
0
10
54
7
0
0
1246
0
23
606
0
293
1137
96
19
0
0
0
0
0
68
1
58
15
49
772
188
0
95
269
413
165
5
66
47
0
0
1
0
0
105
2
2
245
252
5
9
0
48
259
0
323
33
684
2
8
12
16
11
45
1
4233
3
24
429
1
277
0
167
45
368
2
0
439
189
10
1069
138
516
6
75
0
75
5
389
1
351
0
75
444
34
14
35
236
3
19
105
0
2
169
646
1
0
0
0
0
0
0
0
0
0
226
5
1272
89
1
137
82
16
0
1716
945
8
0
1
30
12
0
0
31
3
13
0
0
0
11
0
0
0
0
5
83
93
0
100
497
221
159
3
0
0
0
0
816
0
35
0
0
0
0
0
0
0
0
275
1
0
0
929
0
0
4
318
2
2
0
70
24
97
1098
0
7
1
0
0
6
144
250
0
54
263
0
58
56
4
1150
57
249
0
58
0
0
1
417
461
338
369
18
0
0
0
0
15
13
40
19
4079
619
25
2
2
0
0
0
284
7
190
39
471
42
61
17
144
133
62
86
0
70
43
0
1
0
1
0
0
0
1
0
48
1
1350
26
0
110
1
0
23
0
9
0
0
14
94
0
12
117
17
35
1
152
145
0
72
0
138
2
75
122
12
33
8
0
1
289
0
27
4
63
0
0
74
0
8
0
0
74
0
46
0
85
472
10
13
3
162
113
224
76
117
0
0
0
0
25
0
0
46
0
0
0
115
13
0
5
396
0
0
333
0
1
22
74
0
111
0
0
0
9
80
1
2
64
2
1
51
62
0
0
22
0
2
1
0
0
23
4
0
4
4
1
0
73
1
2
12
3
6
1
7
304
1
0
0
0
41
0
111
0
55
4
1587
69
46
0
0
0
13
3
28
1
0
0
4
0
107
104
0
6
0
0
347
469
20
2
0
439
43
6
614
18
761
11
186
100
94
1
0
125
77
279
1
456
481
372
742
0
479
243
1
426
8
92
49
87
4
325
8
0
6
0
0
46
1
1
0
0
0
0
0
0
0
508
0
0
237
0
0
0
0
0
139
85
0
0
0
0
0
1
0
0
231
0
59
192
0
248
0
1
1293
0
0
0
0
0
0
0
0
0
0
0
99
0
405
21
0
170
257
0
0
0
1
0
23
181
13
22
422
199
43
190
1
0
1
0
12
0
0
1
1
0
0
0
0
0
0
0
0
0
0
0
0
0
1
2
146
123
193
146
77
2
212
71
0
76
0
64
241
487
2
171
0
23
3
151
0
109
31
15
244
377
189
52
29
0
0
0
0
0
0
0
0
448
2
0
68
336
0
0
180
11
1
15
1799
120
66
1139
7
67
124
14
365
481
358
14
0
0
101
2
17
190
9
17
112
43
1
1914
96
231
19
85
141
7
2
227
195
3
120
0
5
188
845
324
36
87
12
102
219
1
2
160
0
15
22
29
0
228
106
0
259
2
531
74
607
13
265
5
89
0
0
0
32
0
0
179
37
263
0
23
54
2
3492
0
57
100
0
1
76
0
3
0
0
63
0
0
1164
71
22
428
14
610
38
51
199
18
435
2
33
16
0
0
0
0
1
4
184
114
0
0
1
105
109
29
0
22
0
1
0
58
15284
51
5
0
819
493
618
36
2
572
59
2318
414
0
522
878
455
204
0
0
0
1
22
46
0
0
0
0
257
275
36
6
596
1
0
23
471
1
0
0
666
1
19
526
169
6
0
0
11
8
103
0
514
1
493
213
477
3
15
4
700
354
1
1
4
183
200
109
99
76
1
121
126
391
395
120
26
1119
0
2
63
14329
1
0
699
0
0
0
267
3
1
97
1505
21
673
177
210
99
52
10
10
7
0
194
141
13
13
135
133
1
18
759
14
77
121
0
123
1
1
155
1
0
204
226
504
5
0
24
12
9
1
274
1141
20
0
0
67
172
0
84
500
7
92
8128
115
712
8
5743
1789
13
95
4
3
953
200
567
784
175
0
3
13
0
0
0
602
2
1
5
0
291
0
79
23
27
86
19
0
59
4
1
0
1858
133
0
0
0
0
27
54
11
15
1
0
69
652
281
635
125
10
1
53
50
1
13
18
80
2761
44
370
1
46
117
1
5
292
220
88
574
13
1
53
1
0
64
32
229
8
361
1
52
0
170
0
3
1
124
1167
196
1369
10
3
60
278
91
46
0
0
0
0
0
0
55
9
65
2
114
0
369
40
1
332
51
1
26
21
0
259
0
87
0
0
0
0
0
192
658
1
0
55
58
0
0
1
99
237
18
62
0
0
0
0
0
445
0
0
166
0
318
2
0
0
0
3
0
95
132
45
0
525
0
30
246
0
0
0
316
0
15
16
0
0
380
4
0
217
0
0
0
405
16
7
2
0
4
2
1
0
0
1
0
63
2
0
0
0
0
0
0
0
0
915
0
0
74
44
3
1
0
203
69
25
0
0
438
1
43
29
134
134
37
76
16
1
273
0
42
38
0
119
27
19
17
283
0
9
11
0
114
19
1
86
121
0
373
5
28
196
0
90
0
0
9
0
0
0
26
1
2
41
14
29
10
1
0
1
210
54
152
232
76
769
6
240
0
28
0
0
0
0
156
0
589
11
1
118
0
6
48
404
2
18
0
3676
12
38
47
9
106
1
0
551
201
108
4
6
3
1
97
0
0
0
0
18
9
0
0
1
369
0
0
0
292
0
0
2
55
12
230
18
630
28
624
0
0
1
1
503
34
525
1151
137
11
612
30
8
90
40
929
47
4
0
0
0
0
59
94
343
5
1
289
3
40
9
0
1261
1
3
1
348
0
0
0
0
0
0
0
0
0
1
0
0
0
0
0
0
0
0
0
0
0
0
0
0
0
0
0
1
0
0
0
0
0
0
0
0
0
0
1
0
0
0
0
0
0
0
0
0
1
0
2
0
0
0
1
143
0
0
0
0
0
1
0
1
910
0
0
0
0
0
0
0
18
0
0
0
0
0
0
0
0
51
0
26
23
0
0
0
1
0
0
0
0
1
0
967
1
82
169
24
5
0
1
159
93
25
1
0
55
26
0
7
323
0
0
0
0
3
0
0
0
35
148
1
0
20
17
0
7
0
552
0
74
0
13
0
0
0
0
5
216
236
1
182
32
3
139
104
218
139
0
0
45
104
26
20
11
148
1
5
44
2
0
0
0
175
2
8
66
0
158
0
11
0
95
7
37
106
77
13
7
12
0
37
202
125
624
32
1
2
291
0
20
23
214
3
444
252
168
0
0
0
1
0
26
143
43
26
0
644
9
0
0
132
1068
11
0
0
191
47
4694
18
62
49
0
29
0
1
0
0
121
213
0
9
87
0
0
0
0
0
16
176
0
0
0
0
0
0
37
1776
25
115
3
3
24
1
12
19
188
0
460
239
17
10
0
0
580
3
337
0
0
0
72
2
2
0
0
0
1
51
279
3418
11
0
0
31
10
6
0
1
216
3
28
933
6
0
0
0
0
0
0
0
0
0
273
0
18
0
81
27
7
315
10
0
22
0
0
0
0
0
4
1
13
0
0
0
0
4
443
37
0
3
48
0
1
1
10107
0
0
0
0
0
22234
11
0
0
0
0
0
0
0
0
0
0
0
0
0
0
0
0
0
0
0
0
2
0
0
8
0
222
4
0
0
0
0
35
0
102
59
98
3
0
0
0
1
0
0
0
16
13
435
3
2
114
5
0
0
24
0
0
0
12
0
1
47
0
47
2
1
0
0
155
4
1
0
0
8
0
30
1
0
0
5
12
160
17
653
0
0
0
0
0
1
0
0
18
150
0
0
12
0
10
119
0
0
173
240
2
0
0
0
0
14
0
52
0
0
0
46
2
82
324
207
3
29
4
1744
0
0
0
0
0
3101
448
1
40
18
708
0
0
0
0
0
0
438
64
0
257
14
0
29
238
4
0
0
0
0
0
0
0
0
0
0
11
32
216
10
8
31
372
30
55
102
0
0
207
8
100
0
9
548
89
6
262
0
251
0
24
171
276
220
22
34
0
8
726
440
0
0
1
0
5
38
0
97
2
96
55
25
809
0
0
1815
1
0
0
0
13
4
272
15
24
0
0
1
4
7
0
0
1980
21
0
167
37
0
0
0
10
556
119
3
144
17
0
0
4
35
248
0
1059
63
6
363
0
279
6
19
0
57
60
0
1
159
25
0
26
37
12
31
1
303
1181
0
0
58
0
0
4
3
0
0
0
0
274
22
70
0
49
90
3
2
4
277
344
0
0
676
29
235
1
3
691
0
0
0
47
1
14
98
31
31
21
3
0
0
2
0
0
0
78
0
0
0
0
0
0
2
0
0
66
0
1
199
0
2
220
110
27
13
3402
0
1
80
3
118
5
1
0
34
439
413
208
1612
1
1
9
20
1
7
206
0
2
2
0
1143
4
168
2
4
60
272
15
0
0
0
2
0
2
0
0
455
0
0
0
0
1
0
4
0
84
12
0
2
312
1
1
13
0
3
917
1
1
71
67
0
553
51
1
155
352
20
45
0
0
0
36
161
1099
0
295
17
352
0
0
0
0
0
362
302
866
88
160
0
0
0
1
0
1
0
1
13
0
0
0
0
0
0
1
0
1
8
544
25
0
0
0
72
0
1
0
3
2941
0
0
0
0
0
0
0
174
0
0
2115
0
151
30
5
0
10
0
0
0
71
424
127
296
0
0
92
107
4
2
5
8
1
0
0
129
0
0
0
0
0
0
0
0
0
11
0
0
56
0
473
215
523
19
0
2
0
54
1
298
0
9
0
0
2793
1
8
3
6
0
0
1058
0
0
0
0
0
0
4
0
2
0
0
7
371
14
0
0
0
3
0
2
0
0
0
2
0
0
0
7
107
156
9
142
0
6
2
0
0
0
18
35
129
19
80
323
152
104
29
0
0
187
568
1601
3
9
0
124
0
0
0
0
0
0
0
55
28
0
1
0
745
0
3
193
25
57
62
0
4
2
0
9
1
350
0
0
24
0
2
183
0
28
4
0
318
131
0
0
0
0
480
0
0
129
79
63
8
2
0
0
214
162
0
2
1
0
31
0
3
0
0
46
454
0
0
0
2
39
0
97
0
0
1
4
64
25
97
0
24
9
0
2
23
1
4
287
2
0
4
97
0
7
188
1377
0
2
1
2
0
32
0
0
0
2
0
2
348
159
87
72
0
53
0
0
0
0
0
5
0
17
177
1
18
1
129
263
2
0
0
118
0
8
0
0
2
0
1
0
0
707
286
205
1
0
0
0
0
0
4
25
0
0
135
41
69
328
269
0
0
0
1
29
2
16
0
8
25
0
143
263
111
7
0
139
0
0
0
0
0
0
0
0
0
101
0
12
0
0
41
6
1
259
1
0
57
0
131
1
2
2841
20
9
14
422
0
3
11
452
133
3
301
71
4
99
526
0
0
85
1
0
10
0
0
1
0
360
1
65
46
0
28
262
0
0
11
553
52
445
333
7
6
25
88
121
0
460
2
0
0
2
147
2
4
1583
0
0
272
1
13
43
185
3626
0
0
1
3
0
151
0
0
1556
1830
0
1
0
27
361
0
0
1
0
0
0
168
724
1
51
19
1077
0
0
0
105
18
226
1
18
4
5
0
271
0
0
6
8
1
109
9
1
62
108
2
8
9
195
1
2
62
28
0
0
0
0
0
3
485
0
0
30
2
296
0
129
0
3
0
0
40
0
160
318
99
114
0
3
1
0
0
0
0
4
0
0
3
0
0
165
0
0
0
140
120
455
1
1
0
17
1071
220
7
19
56
0
0
55
0
7
0
55
378
7
1
71
8
25
46
50
74
4
1
0
29
1
0
0
0
0
0
0
0
0
0
1
120
0
0
307
75
15
0
2
49
7
451
452
31
484
0
0
0
381
410
738
0
0
1
0
4
0
104
22
38
62
94
15
60
116
10
0
20
0
6
0
106
203
0
137
1
244
0
0
3
0
0
0
0
0
114
48
0
42
1
10
0
2
94
68
226
0
1
0
0
159
0
0
272
0
1
0
0
0
453
0
0
0
46
0
21
24
1640
0
7
380
21
1374
115
14
0
0
0
1
55
0
0
88
1
1
0
1
0
35
0
0
2
4
0
4
11
3
0
0
0
0
262
0
64
36
527
6
680
0
239
10
99
13
0
0
0
0
38
1
54
10
0
0
0
31
5
9
0
0
0
143
18
1
2
8
0
0
0
0
0
0
8
0
0
0
4
1
0
4
25
0
33
3
71
0
226
19
36
2
26
0
77
0
0
0
319
20
12
485
223
0
1361
0
968
9
16
765
5
80
49
0
0
7
4
205
11
2
215
223
322
290
1289
439
117
0
413
3
15
337
223
137
127
65
31
642
37
76
163
3736
0
1
6
2
79
134
486
505
4
176
740
75
0
387
0
1208
19
1174
337
113
44
6
98
76
83
111
0
1
0
139
40
855
31
267
28
68
269
0
12
205
1834
4
0
0
0
0
0
161
5
507
0
3
496
0
0
0
0
2
643
0
4
0
6
0
736
0
118
47
9
1
104
0
1
0
292
167
121
13
132
634
43
0
387
6
0
0
0
0
1
54
8
1
0
282
1
112
1635
0
232
0
15
0
581
0
4
0
0
32
878
3
71
0
0
865
1
0
0
0
0
0
0
0
0
0
27
126
0
0
0
0
1384
1
2
37
485
5
640
0
523
383
291
351
0
161
0
0
2
0
2
348
10
9
0
2
22
123
224
839
0
1
8
882
7
0
1
380
146
0
14
0
0
0
0
0
0
0
0
0
1
202
0
0
0
0
0
0
12
179
0
0
0
19
186
251
0
14
9
27
0
0
0
3
0
0
0
0
18
0
0
0
0
128
75
232
0
110
3
13
9
176
0
0
228
0
0
0
0
385
276
756
13
47
1
0
0
0
0
161
134
187
190
5
2203
329
171
800
155
0
123
39
0
41
6
0
0
0
0
0
0
0
0
0
0
0
119
1
7
193
314
1
57
118
20
19
105
6
37
1
1
0
2
0
16
33
0
34
143
0
353
0
22
1
0
63
0
0
5
1
27
2
655
36
85
1
70
108
1003
30
3
133
27
0
0
12
92
398
31
13
480
467
66
1094
280
0
0
58
25
6
68
141
7
0
47
10
0
52
28
1
165
156
167
22
4
0
0
0
0
633
0
859
0
120
68
52
1
19
0
52
1
28
143
92
141
99
30
0
32
0
41
581
9
0
1
0
26
0
0
0
0
5
0
5
73
25
0
0
0
0
0
0
31
6
0
0
101
0
0
0
0
0
0
1
3
0
0
0
0
0
0
0
0
7
0
4
0
0
4
3
0
0
0
11
4
7
7
0
0
3
0
0
0
113
0
0
3
26
1
29
0
0
0
0
25
1
78
0
0
0
122
8
34
2
1
0
231
230
0
0
47
57
81
0
48
10
0
0
420
1
0
24
160
24
1242
466
9
0
0
1099
118
199
0
1320
101
38
914
2
11
316
120
0
0
0
4
298
24
1
148
174
83
0
2998
50
211
1078
8
1
1
4723
54
3
508
140
8
0
0
416
0
0
0
1
0
154
0
0
0
42
0
0
0
0
1090
0
238
1
54
310
0
240
0
0
330
32
1118
116
129
0
205
1
8
145
0
0
319
120
2
109
1496
0
0
24
1
1
2
344
82
2
11
1
1
31
213
1
0
0
16
29
13
11
1616
317
157
6
0
0
0
0
0
0
5
207
0
0
30
1
31
3
33
108
181
0
25
212
0
354
692
49
7
4
4
86
46
69
129
98
15
0
20
48
0
1211
0
0
33
222
547
192
0
0
0
97
1
76
2
181
0
11
115
17
0
248
304
0
132
2
3
265
0
1
2
0
0
155
2
1318
2
0
0
8
10
0
143
11
34
189
23
0
195
334
468
2
3
0
2
0
165
194
26
0
184
268
3
454
0
0
0
119
1
333
0
209
386
1007
40
2
231
589
1
41
1
138
0
91
113
0
0
0
33
19
316
1
218
162
120
38
0
0
16
1
0
47
100
7311
0
43
292
0
0
0
0
1
0
0
0
228
0
0
0
0
0
0
0
0
0
56
12
370
0
0
395
218
0
164
2
40
0
0
0
0
0
363
1
1
361
0
892
0
0
0
0
136
22
102
396
31
194
433
3
0
0
6
35
96
0
59
0
36
136
11
0
1146
56
1465
0
150
2
14
0
347
46
489
112
5
132
94
0
123
0
1
4
10
2
1
79
340
205
67
88
5
13
43
770
172
140
1
110
0
0
1
141
1
126
184
0
0
589
2
108
106
63
0
0
14
74
102
0
4
0
1
0
0
48
0
0
11
12
0
1
28
49
2
0
93
13
0
0
0
2
0
0
0
686
79
381
9
103
53
97
23
482
269
653
0
14
94
6
177
0
8
0
29
4
6
61
316
54
0
0
0
0
0
0
0
0
1
0
0
0
0
0
0
0
0
49
0
432
47
53
600
1
551
3
299
0
0
0
0
0
86
0
104
0
0
2
385
0
1
11
0
741
131
317
67
93
65
333
0
554
259
0
81
0
0
59
1
0
3
5
442
54
628
11
0
54
93
27
414
141
250
118
6
30
1
0
45
21
358
180
46
29
43
1
24
84
3
14
254
1086
0
20
682
0
875
318
2
212
73
182
147
706
30
100
3
784
222
58
0
0
24
125
0
65
6
758
1
347
9
231
21
42
3
234
122
59
78
10
67
15
0
9
132
20
485
678
78
181
0
91
7
16
1
1
0
1
0
15
0
3
0
0
1
0
92
0
60
0
0
0
3
31
63
156
145
382
0
0
168
0
26
148
311
160
0
79
280
1
16
0
0
8
600
8
21
67
2
1152
19
209
1
47
0
451
0
38
18
2139
453
0
1
74
92
0
8
751
7
222
61
417
0
10
0
954
504
93
432
80
24
391
8
215
35
110
52
0
8
0
0
0
7
2
473
11
188
0
2
140
0
0
366
0
1
0
110
0
0
3
0
27
0
0
0
0
76
73
6
50
0
0
1
0
0
0
0
0
0
0
61
0
114
289
1
62
4
0
90
5
1
7
80
9
9
132
83
269
68
727
1
279
1
9
99
3
195
284
10
151
0
0
14
0
4
67
0
31
8
861
80
445
155
651
88
911
26
38
0
38
0
7
369
4
120
11
0
0
531
64
1
2
33
0
69
6
292
564
6
54
0
5
253
71
653
39
74
346
14
2
1
9
574
4
74
0
319
66
50
368
264
928
575
319
203
174
79
704
79
859
0
6
0
375118
197049
880635
788303
14970
893225
930719
634886
21917
346683
72645
6643
526907
147
123
158
61
3
2
5
0
0
31
9
383
24
39
60
14
882
2
1
2
110
235
1
201
1
8
0
440
3
25
0
0
0
16
196
0
45
1
1
0
0
0
9
0
0
48
21
0
19
0
0
0
2
0
0
0
1
153
0
18
4
161
1
12
0
184
9
29
35
0
0
268
0
0
15
1
0
8
1532
1
0
0
0
0
0
0
0
40
64
82
1131
24
0
1
46
1
31
195
7
1
38
7
36
61
369
0
2
150
3
129
94
2
0
1
163
0
355
139
271
60
68
0
501
10
0
0
11
47
0
3
0
2
544
3
288
0
175
836
27
226
0
606
0
0
0
8
13
0
48
13
86
30
0
0
1
0
0
0
15
24
146
0
3577
11
0
31
265
0
253
49
0
0
165
8
0
0
0
0
0
0
0
1
0
0
0
0
0
1
0
0
0
0
0
10
215
1
361
0
1
0
477
0
0
0
0
24
0
0
1
0
0
48
0
6
37
47
45
0
0
174
38
1
627
31
42
0
30
0
0
0
0
0
0
1
125
0
114
1
134
584
2
1310
0
1210
0
376
0
14
36
0
0
0
0
804
76
0
0
12
17
0
917
17
0
0
94
4
5
0
0
40
36
21
7
27
29
0
31
30
44
457
188
235
270
0
0
122
7
442
0
30
14
36
77
3
119
135
48
0
0
0
0
0
0
0
0
0
26
59
3
18
142
49
0
338
0
602
63
17
2
5
0
240
3
32
78
145
48
67
397
16
668
85
64
6
198
26
32
18
13
193
1
112
40
0
13
32
0
0
0
0
0
0
0
0
0
0
0
0
0
0
0
2
2
250
0
15
0
74
0
0
0
0
0
1
2
0
0
0
0
23
157
0
0
0
0
0
0
0
0
0
0
0
0
0
0
0
8
26
1332
1
335
383
97
391
6
32
0
1022
223
34
26
54
22
154
0
96
9
3
30
2
0
0
23
855
0
0
9
27
0
173
32
15
179
4
44
60
3
33
14
34
43
38
1
27
23
0
281
35
0
18
23
32
160
124
1
20
37
1264
6
12
7
138
197
8
113
17
0
4
0
12
1
0
105
0
2
0
0
9
21
7
51
26
93
0
412
0
0
0
48
20
3
0
67
129
5
2
32
55
461
11
670
2638
77
6
0
8
0
0
21
17
38
6
455
0
162
92
0
0
0
0
0
0
0
0
0
0
0
3
0
120
11
17
853
1657
9
0
14
297
7
125
31
9
0
0
205
3
0
1
4978
154
318
157
298
0
12
26
0
109
5
38
20
0
0
758
0
57
161
0
0
63
35
101
23
0
116
646
276
0
9
0
0
0
0
1
0
2
8
2
0
1163
60
2
0
1
0
54
49
311
53
14
95
0
146
7
24
1
1
34
17
220
0
27
77
130
14
96
209
1
15
0
919
10
1
1
0
0
0
0
0
1
88
0
141
5
12
56
61
13
0
8
35
62
29
0
17
2
107
44
1
1
11
245
52
1
75
510
12
4
0
17
9
1
13
0
0
14
23
1
136
0
3
0
0
0
4
36
124
412
232
1
53
710
24
0
0
0
22
918
0
19
0
0
1
21
99
5
44
0
0
0
0
3
0
110
154
61
0
11
21
0
0
6
411
1
1
1
0
2
24
0
0
2
40
0
0
0
41
0
166
0
15
0
0
39
271
221
782
2
15
58
0
1
154
1
1
29
404
77
106
71
206
5
694
433
20
131
3
232
4
0
0
0
0
56
3
0
120
281
107
19
0
0
0
0
0
0
0
0
0
0
0
0
0
0
0
4
12
2173
482
1
0
675
19
0
50
1
0
0
0
0
0
0
0
110
208
7
253
24
123
0
101
55
73
64
0
78
40
0
78
70
0
0
1
0
3
54
0
177
23
94
0
0
0
2
43
2
1
99
31
4
0
0
0
205
53
20
0
1
1
135
38
2
3
0
0
0
106
0
0
0
44
4
0
205
0
0
0
0
0
0
0
0
0
0
33
113
340
96
190
0
326
0
8
69
62
676
0
0
2
0
19
0
0
0
4
295
0
0
0
0
0
8
0
6
0
0
0
4
0
0
0
0
0
1
0
0
0
0
0
130
0
0
0
0
3
0
0
10
0
467
0
0
5
235
2
12
71
10
0
0
0
45
0
1
0
0
1
2
27
0
50
7
109
189
75
0
100
0
0
0
59
0
0
0
5
1
0
0
0
727
1
0
0
0
0
0
0
0
0
0
0
0
0
11
165
0
6
69
2
0
0
1
91
1
7
0
66
3
1
22
0
33
736
197
254
0
7
23
300
322
11
11
0
0
456
126
7
191
0
9
194
665
0
0
0
0
0
0
0
725
0
102
1116
16
112
241
11
262
408
536
325
3
68
24
227
47
215
0
0
0
0
0
85
110
196
0
36
1
2
73
0
19
191
46
5
29
0
0
0
4
0
2
1
56
19
28
2
0
0
244
6
169
0
18
0
0
0
26
0
0
0
0
0
0
0
0
0
0
0
0
0
0
0
0
0
0
0
0
0
0
0
0
0
0
0
0
0
0
353
647
562
621
9
0
0
0
12
0
0
0
0
0
0
0
0
0
0
0
55
28
1179
5
68
0
0
13
0
0
0
0
0
0
0
0
0
0
0
0
0
0
0
0
0
0
0
0
0
0
0
0
0
0
0
0
0
3
0
0
0
0
0
0
0
0
1
0
0
0
4
1
7
0
74
0
45
1
4
15
0
26
0
14
0
0
189
0
0
