0
0
0
49
0
0
0
0
0
2
0
0
364
1
0
1
5
0
0
0
8
31
4
9
1
0
6
9
3
42
0
1
540
93
0
2
34
9
0
201
0
118
0
615
31
18
83
5
265
10
0
36
3
135
747
302
0
0
1
0
0
1
10
175
78
1
375
0
0
0
115
18
1819
16
363
1503
342
297
5282
0
11
0
7
0
0
0
1789
0
0
59
6
891
284
282
36
62
0
0
33
0
6
592
69
7
3
32
0
8
0
0
0
0
0
8
475
0
0
751
0
50
2
26
29
17
1
0
1
0
208
0
443
115
50
49
0
0
2
0
0
0
0
0
41
0
0
0
1
0
0
0
20
207
281
17
323
0
108
40
9
1
730
620
0
4
129
2
13
52
345
15
144
37
41
42
1020
0
0
2
2522
2
0
0
0
0
0
131
995
11
24
2
186
10
2
1075
84
4
1
34
6685
12
0
464
0
8
44
1998
94
177
9
319
2883
0
27
0
541
26
313
0
17
1549
666
0
296
315
4
1951
3573
9
11
299
0
21
3
0
73
0
1842
3850
98
7
38
101
30
0
58
826
27
1
838
5
3
65
4
10
0
9
2
20
25
9
7
18
11
0
160
370
48
9
0
80
116
573
49
15
738
3683
0
2236
0
4
3
0
0
0
0
0
0
0
0
0
0
0
0
0
0
0
0
0
0
0
0
0
0
0
0
0
0
0
0
0
1
8
0
133
1
1639
14915
0
47
135
1178
14
105
4
0
2
554
12
156
13
193
496
0
133
10
555
0
0
537
79
20
26
96
1881
0
40
1389
200
2
0
2
2
0
5
418
5
181
0
13
3
1479
424
37
87
11
0
0
0
552
0
0
1
0
644
0
0
6
0
1
35
71
825
331
1
0
0
4
9
4
0
295
3422
2
2
1
1
35
1
0
0
7
0
2
0
74
2208
272
155
104
202
171
101
4712
3
18
1
0
1
862
0
3
405
2
279
8
0
1
0
3
1
18
0
0
6
6
2
0
0
0
962
48
0
2128
109
82
135
133
2
0
1444
5928
1434
0
2
0
194
65
2
381
1644
9
685
14
2
3
1210
0
15
364
1
2
4
6
2462
4
1
3
890
240
1980
0
0
10
1578
21
1
0
769
261
43
1
5
33
434
118
338
104
15
50
214
108
17
0
306
1061
15
160
0
760
1325
5
3
22
167
465
205
15
262
1659
0
1932
679
0
0
1
1
205
0
939
0
38
226
15
1309
146
31
383
7
43
4
15
66
0
19
14
31
51
146
0
4
4
114
4
0
0
11
131
3
171
9
126
11
345
0
2
881
35
54
1498
0
1959
36
148
0
3
180
77
390
1
62
41
4
899
0
392
119
41
22
0
0
0
2127
9
1
105
31
0
53
11
241
884
137
170
79
50
23
4
1317
85
249
88
0
0
145
29
2793
298
244
209
176
1
6
0
382
808
23
1
3459
0
38
4139
107
0
15
0
0
4
81
0
0
0
5
18
113
1
5
0
46
3496
33
357
449
28
2
394
8
83
7
144
5
0
201
15
0
1
0
37
573
4
3
1341
33
131
1423
162
6
8
2
43
94
107
0
205
629
4
1
49
25
493
86
0
6
1056
759
127
2
1347
779
531
7
5
139
521
85
625
83
120
13
229
0
29
110
649
7
45
87
0
1
0
124
0
0
0
2
0
0
10
30
8
0
34
216
1
3214
1550
10
2334
3
4
35
240
0
112
1
1099
353
0
1571
44
0
288
9
83
80
1949
183
3
21
669
24
17
53
31
0
0
0
133
0
1
165
89
190
303
11
426
9
50
42
209
3
0
35
0
170
21
864
243
13
137
0
2
0
0
2
7
107
361
2
0
0
155
295
193
6715
8
28
356
14
25
0
1
0
119
78
0
0
59
35
460
2
0
1633
596
52
1638
8
0
264
13
1913
1
9
20
64
10
0
0
50
61
20
0
799
92
0
4
1731
911
79
4994
252
21
2
117
3459
0
0
55
148
4666
28
6
121
332
273
1
785
0
42
1
63
0
18
28
190
5
8
111
23
0
4
93
15
12
7
41
3
12
8
14
43
2
671
5
124
3067
17
88
16
4
18
0
13
31
2
23
22
41
153
20
0
0
198
607
156
228
138
45
12
457
351
3
0
31
48
583
145
38
1841
0
0
119
9
1361
1
18
212
495
471
11
3075
25
490
4600
0
19
2
2
278
0
38
28
45
504
479
276
181
0
0
4
0
405
0
327
0
16
473
32
3
58
30
166
1
9
13
23
0
214
1578
46
0
0
0
1
291
0
0
6
0
4
1161
0
1422
1693
7
9
9
57
0
0
32
0
1
10134
4
9
9
19
758
4
252
105
3890
0
2830
4216
1125
0
0
40
339
0
7
0
608
1120
205
0
43
212
1545
0
10
69
35
702
15
0
1372
1987
26
1
8
0
22
18
3
0
126
1
109
0
0
1
10
0
0
1
211
225
150
9
203
79
0
270
96
34
0
0
0
176
2399
0
0
2
0
1487
150
24
114
19
4
226
0
83
104
0
1
26
5
1
21
2190
17
359
1
0
0
4
61
0
666
275
1510
0
1
1
3
8244
0
0
1
18
0
1006
8
0
90
0
3
28
51
0
2
0
4173
4
861
395
6
12
397
147
6022
2
1
930
0
10476
6
20
232
1330
0
118
201
0
5
0
0
0
0
1
0
285
334
184
397
1168
273
0
3
1238
1099
2571
0
6
132
110
14
1
313
0
947
0
448
6
16
0
150
0
1586
1509
26
40
174
373
0
199
3200
1058
6
694
1
26
1
8
0
140
9
5
0
0
258
0
495
4814
1
1041
14
0
37
0
5
0
52
1
50
3456
3006
2
24
1
8
0
12
1
3
0
9
0
1
4
3
0
180
250
0
0
0
0
0
213
1
639
55
56
3
6
1
4983
0
0
585
6
359
394
0
1551
2210
1041
12
1018
1714
5
1941
0
210
53
283
153
0
0
0
2
0
0
1
4
0
2000
8
13
3
50
4
1
2120
0
308
3
0
848
97
0
0
174
183
159
134
1
0
151
0
14
214
209
22
133
235
397
105
1262
0
1
0
42
0
518
315
108
1353
6
2320
151
414
0
878
1
660
826
4
17
1
1
297
8
187
5909
646
524
3
510
340
457
7
20
1
56
4
2
494
36
1
58
0
5
0
1290
0
0
1
5
3148
167
82
2774
5
5
0
172
0
7
436
1896
58
4931
390
1662
625
367
550
113
2638
699
230
126
293
40
1
326
5
0
2084
417
1
2299
592
122
708
4
1
66
56
2
3
0
0
0
0
98
0
0
10
2494
9138
193
0
34
0
26
614
11
29
9
16
1513
168
363
2
27
36
0
38
175
389
95
240
7
722
0
2350
5
0
8
21
37
0
981
56
2
125
1
12
2
794
13
20
16
124
0
1629
213
3
0
0
0
0
4
349
0
0
45
1676
2
4
2480
0
9
1
1
16
658
39
499
8
0
503
6
468
0
349
43
204
125
0
15
0
8
2724
375
3
2
12
1211
825
13
6
55
0
1
3
445
2
19
2
67
78
5
2
3
0
4
1454
12
0
0
54
492
388
0
2
4
0
4
0
0
0
72
120
247
64
0
39
0
0
0
0
0
7
0
0
477
6
76
0
400
386
0
0
350
22
2
0
1
16
64
165
9
14
0
2720
5
60
14
42
603
0
0
410
930
1086
0
858
1686
303
17
14
1
0
0
1
6
24
129
523
67
807
15886
389
547
12
608
83
182
79
2
4
491
8
4
10
1664
114
95
12
93
1332
48
6
0
53
3
11
43
83
34
0
0
564
2
3
0
9950
229
0
11
1871
230
2
198
0
617
62
60
608
5
6
9
0
3494
2
153
662
120
17
30
0
0
559
7
1417
322
10
4
69
27
65
38
24
441
0
527
0
413
164
0
1380
1
12
0
6
5
194
14
187
0
3
0
1
0
0
77
0
10
0
0
0
20
0
3
213
0
2044
1048
274
3
0
0
2
290
425
1420
74
2068
259
10
35
5
104
0
173
47
0
1
81
3
0
15
823
7
22
276
6
3
0
0
3
535
3
154
446
2399
617
249
156
138
0
12
0
2
0
430
0
15
254
156
0
1
0
1
0
0
987
0
3621
1
1
44
295
4117
0
1349
0
2
11
0
0
0
0
0
0
0
0
0
0
0
0
0
28
4
30
89
1296
912
114
107
5
4
7
104
15
268
1148
1723
144
1
8
279
21
163
829
400
19
344
81
919
6
578
103
0
2
5
131
122
10
13
177
13
870
20
1
28
14
0
116
2678
190
0
17
270
0
9
0
0
129
87
1678
788
753
442
3
5
2
1
1
44
0
8
0
29
7
0
1
159
1
42
2
107
214
18
16
0
0
0
0
408
0
0
1
0
0
0
0
0
0
0
0
0
0
0
0
0
0
0
0
0
0
0
0
0
0
0
0
0
0
0
0
0
0
0
0
0
0
0
0
0
0
0
0
0
0
0
0
2
0
5
0
0
0
7
286
1
5
0
3
45
11
96
0
35
229
5
146
15
154
0
0
7
3421
22
132
48
15
0
0
18
78
0
20
357
106
669
12
359
739
46
0
106
3
1415
65
3
75
109
0
1
1
689
323
77
0
93
10
0
161
15
159
0
685
58
19
0
97
0
16
0
294
28
17
19
12
7
34
22
135
8
3
47
4
71
166
16
8
475
25
9
6325
0
0
20
1027
636
0
1544
22
285
876
0
571
0
26
85
50
28
69
0
520
73
130
11
2
0
5
643
13
32
0
146
74
5
0
1
17
912
0
90
2
6
52
0
2
0
7
0
32
1
0
4
2
18
157
20
140
373
87
32
3
34
0
1046
0
135
0
0
0
66
9
22
0
29
52
13
282
5
34
0
0
2
0
0
0
0
1
1
0
0
0
0
0
1
0
0
1
0
0
18
538
692
101
13
3
0
1
0
17
0
1
0
0
0
4
8
6
3
0
0
15
23
41
50
0
675
22
0
10
3
44
17
3
3
14
14
34
117
0
14
1664
253
0
15
323
4
31
119
47
38
30
20
12
29
0
9
209
2
209
21
67
104
12
1
5
187
166
144
66
3
25
39
10
18
254
10
0
3
5
14
2
443
0
527
83
0
58
0
0
0
0
17
0
0
2
50
0
2232
18
0
2034
0
2
0
0
38
286
0
1481
1014
91
5
3
80
6
0
2
106
5649
0
49
0
0
3
17
1
1
1079
89
0
782
30
1686
3
201
3
0
13
2
105
123
49
21
8
1046
3
3
0
1994
1106
0
100
0
749
951
44
0
141
1879
29
301
181
59
16
0
2
5
16
4
0
709
0
2929
875
3
416
17
561
0
14
34
63
0
3
0
1
174
968
0
1
1
1
7
161
0
1
15
0
58
2
9
14
5
29
414
3962
9
2
122
28
619
43
144
6
1198
0
218
0
0
0
4
386
132
20
7
12
0
2149
22
190
0
55
0
2335
0
443
17869
0
22
35
78
5
202
0
1
56
0
100
6299
0
53
78
15
12
1
909
0
666
0
3092
6
4
1
0
0
5563
186
681
71
1090
319
76
0
0
62
0
72
0
7
490
0
388
4
0
3010
1
569
11
1614
1
3589
1
18
50
0
222
91
0
16
0
3
46
0
0
0
0
0
56
65
0
1
4
73
37
0
4
0
121
1050
19
2115
6
582
41
1395
45
164
1693
1
0
61
196
0
0
9338
501
1482
14
219
96
658
648
0
2
0
663
0
1
3199
572
0
241
7
0
9
0
684
151
0
0
0
0
10
6
0
5563
87
0
3
7
0
1
0
13
25
1005
8
4
37
203
0
131
321
307
50
2207
4
63
199
0
54
0
0
556
657
9
26
0
0
0
0
0
184
79
224
2
5606
7
2
0
2693
0
0
1819
3
331
0
0
2
10
5624
13933
0
26
0
0
73
310
8
576
0
985
144
0
1
4
0
64
1
0
18
2
266
8
19
1
191
407
665
0
160
0
602
2
8
768
248
589
0
78
642
10
228
23
30
13
2923
26
4
0
965
0
0
41
155
171
12
215
7
0
22
0
0
0
0
11
0
0
24
9
7
0
785
58
18
0
78
0
451
0
4
0
13
12
378
1970
0
0
157
58
1219
1775
97
60
1
0
658
3
0
225
354
17
0
114
8
0
71
0
1
286
116
364
34
1327
8
53
3
2
0
10
9
107
2
3
0
4
423
58
6
0
121
165
0
26
927
0
7
0
2
36
415
2
69
550
14
162
19
0
1
12
2380
2
8
119
3
111
0
1536
671
16
3
2393
0
0
0
1
0
0
1
1
0
250
15
0
36
132
1
144
117
59
1
9
559
115
0
6
1420
589
446
1
0
20
0
0
11
10
5
3044
15
330
176
9
2
1146
58
81
74
0
0
0
217
0
0
1
7
325
197
10
6
589
0
10
314
1925
1
4
0
261
0
0
44
298
592
199
55
0
1025
72
0
0
0
4190
1571
116
0
0
0
1
280
0
217
1
0
9
1315
0
0
7
0
0
837
487
89
256
1525
0
0
0
1057
58
388
121
0
0
0
49
0
0
0
84
0
7
0
1
81
0
215
2
45
1
659
0
113
303
386
5
395
16
28
0
0
100
0
495
1369
739
3
869
114
2
1098
250
1252
337
0
10
1309
661
1
1645
20
433
208
238
832
0
24
0
0
145
1
350
7
1160
5
0
253
189
195
1057
12
94
410
6669
1
4
9
252
70
8
1
1
192
3
0
651
71
37
85
3
2
15
6
319
0
0
18
0
47
2
8
6
0
0
0
42
466
0
0
0
0
424
0
60
133
1
525
4
451
227
72
0
0
1968
11
0
25
1
0
393
1
66
1274
0
96
0
413
104
33
6
0
177
709
0
95
882
15
8
185
9
1583
0
0
1698
0
0
0
231
1341
646
1692
238
0
0
32
0
28
39
541
0
0
17
16
0
1
3
0
14
7
0
0
1
37
0
23
0
213
13
3981
5
41
0
2
921
423
1147
1
0
9
3219
384
327
50
238
0
0
248
606
35
1379
0
547
2
1
0
1
0
9
0
2703
67
0
0
6230
0
0
374
0
0
2
204
0
114
36
43
3
45
41
0
0
240
7
0
0
534
2
1
1777
4243
1
70
139
19
0
7
426
619
249
1062
0
0
73
1007
0
0
641
923
9
0
0
8245
4
1
0
140
2072
0
44
229
0
1364
0
21
0
4
0
865
0
10
144
15
0
5
0
0
2
0
0
27
0
0
0
0
0
1
1
0
1
0
0
1
0
0
1
1
6
0
0
0
0
2
1
55
0
0
0
0
0
0
0
0
0
6
0
0
0
0
0
0
0
0
115
111
52
65
1
17
0
12
1860
4852
3
0
257
1
3279
13
568
6
41
258
1945
1
209
3
0
0
0
0
0
0
0
7
0
0
1097
17
302
45
1
1
0
0
0
2
2
343
0
2
0
11
50
0
0
81
1
34
37
395
3
724
8
19
1
3
88
1097
0
0
0
0
0
7
6
442
1601
48
1605
0
115
619
36
644
1073
6
824
1101
9
228
0
632
2
0
0
9
24
0
2072
49
0
181
175
667
690
896
38
0
0
0
0
2
0
0
0
0
0
0
4
26
7433
0
2
0
22
5
1
1247
0
0
77
123
10
2257
430
204
267
516
1
4185
269
1537
49
1
113
299
3
1520
3
312
531
1565
0
0
12
11
0
2111
0
81
1
157
0
44
341
4
4
4
475
515
1210
3
1087
617
1
465
17
1080
3189
0
116
133
218
29
80
8
61
0
473
1
1001
829
3
11
0
6077
1247
0
787
252
0
25541
0
14
12429
122
2889
0
0
3
0
9
2314
2526
0
0
0
15
7
5
0
0
0
43
0
2699
30
82
0
7
0
0
5307
2339
379
0
192
5
2
1
58
2098
0
80
8
1186
0
823
0
1888
1209
925
220
307
2
0
727
13
0
20
3
1434
0
32
117
4219
2
0
0
3
5578
53
190
438
0
2
0
0
1111
36
101
2716
0
1
2302
2181
0
1776
0
1
30
2159
0
2352
179
0
866
0
0
0
0
0
0
8640
0
5
588
56
569
0
2884
230
0
0
0
2
0
0
0
0
10
0
0
11
726
0
3
103
12
1509
9
88
0
8
0
3
420
2
1
0
592
0
0
22
0
228
5
3
1
684
10
898
10
17
16
0
43
0
0
0
0
3
15
1
0
0
0
1
0
66
0
619
0
11
17
260
13
0
3
51
3
446
7
1086
199
346
449
454
346
1
6
0
61
1
32
3
44
19
2
118
0
0
0
21
0
4
27
357
1
0
45
0
0
1
89
6359
261
3
147
1
27
110
1
0
31
0
1
0
23
329
120
0
4
6
1199
9366
386
346
294
61
2468
0
46
181
1776
0
22513
2
1
0
125
0
14
250
0
0
0
372
9
0
1
0
1
1454
349
1
0
159
89
913
0
923
141
1
12
165
6
1303
0
6311
7
0
4
28
1006
0
22
1
38
0
5
1738
70
4
17
2
0
2
0
123
10056
0
1133
36
0
1
0
1
1121
1738
5
86
0
29
0
514
4877
18
0
8
930
464
1136
253
1318
178
2735
236
683
620
139
172
709
332
59
3412
1
565
28
881
0
0
5
7
264
1
227
329
92
492
1372
2
42
1232
6
238
9
84
0
587
39
5
0
0
1036
0
55
242
0
2
260
260
0
60
0
142
732
440
8
0
299
1946
0
4356
20
403
739
1
5
77
0
654
389
234
11
47
0
156
772
5
67
1504
2781
0
0
4
2
28
56
120
466
69
8
457
0
0
1
2222
6
11
13
1
3431
1061
3827
4
0
3479
26
0
2
0
976
1066
127
420
220
0
7
0
1
1
6227
0
0
7844
22
0
1
2
7
1051
0
367
551
0
7
0
0
0
0
0
236
0
2519
25
112
5
0
0
0
0
1
7
1724
1
0
0
6
0
37
100
19
2750
53
0
0
1
1
201
1111
13
44
0
1084
0
0
0
0
171
32
249
0
0
0
5
4061
0
0
0
5
1
220
0
1677
7
1
67
0
2741
76
9
223
0
13
0
757
3092
1694
1
0
4
186
1
238
2
6996
771
0
3559
1024
2
1
0
41
0
76
655
1
639
134
0
412
7
0
37
0
25
10
31
3
181
3
0
24
0
247
0
4
0
32
1
0
0
65
172
0
1
0
1
2719
543
0
2
1178
0
0
1830
1664
390
569
117
2
1566
0
2
0
0
1257
52
27
0
6
482
29
1
341
2138
6
7
3
0
209
722
357
99
2522
14
699
20
158
26
17
2823
6329
720
297
682
1313
305
143
49
1320
1194
1
0
1
49
3130
196
3585
23
0
12
0
0
0
259
7
136
106
66
518
148
4
0
32
0
38
1
163
1
581
16
40
20
40
1882
7
17
71
220
2093
11
570
21
22
0
1
214
0
2
526
505
138
442
1763
93
7
261
257
0
7
358
87
3
2
25
112
2
103
56
39
92
3
0
669
0
31
306
0
6
44
162
119
0
3
3
5
1
0
0
0
0
1316
41
55
1355
2
0
0
1612
9
82
2847
0
197
134
67
0
8
3417
39
44
13
59
0
34
251
0
827
82
0
134
72
820
2
4
9
2
50
0
0
932
3187
0
0
236
44
230
261
5
0
3
0
0
14
467
3192
0
18
157
1171
270
22
20
123
292
91
2
1
0
12
0
0
472
0
1
3
897
386
0
2
970
2415
1824
0
294
23
156
987
83
4
3
4776
94
0
0
1924
0
0
75
1
7912
315
443
5394
4
13362
26
4
8
590
1
588
17
904
0
1400
1
158
0
213
4362
12
802
100
0
379
125
6
3
2
2
2
0
157
39
1838
0
0
0
0
19
0
1673
5
3
0
1
0
1
369
13
174
493
14
0
1024
0
0
2906
244
338
36
3662
21
168
1033
134
350
255
699
18
0
59
609
0
6
0
0
939
0
0
2017
0
325
0
2440
43
922
1
64
238
0
11
45
0
255
63
221
188
0
0
92
126
0
0
0
411
1
334
384
0
1110
31
3
0
18
26
281
597
1
5588
0
0
0
26
6
2
544
6
7
79
392
1002
351
0
241
1
46
6391
16
0
103
0
0
692
2605
3
122
9
0
0
0
0
2250
2
14
268
42
0
0
50
619
2
65
0
0
0
2186
86
0
0
29
0
0
50
140
43
25
4
1
0
0
2208
0
12
1
0
0
0
0
24
0
0
0
0
16
807
0
3
12
26
99
31
34
130
0
101
101
58
0
225
25
0
1
0
4
35
37
185
0
0
5
7
166
163
128
85
82
0
14
0
0
17
16
0
0
0
1
0
4
57
189
460
186
0
72
0
36
14
49
4
29
19
1081
100
807
12
42
484
67
1311
3
94
308
55
311
0
0
4
0
46
490
170
48
60
145
45
66
1
163
1817
31
1
3407
0
13
16
487
0
27
361
88
259
0
0
0
0
0
0
0
0
0
0
0
48
2
1
0
18
14
119
0
0
18
171
4
2
0
0
0
1
0
1
10
0
22
61
43
7
83
3
4586
0
6
0
17
208
768
4
2101
0
607
5
525
0
0
0
0
0
1
217
446
0
3
1
2123
264
58
0
2055
281
0
2
0
0
0
0
0
0
26
0
0
0
0
0
0
4
0
1
1
14
0
0
0
0
0
0
0
0
0
0
0
0
0
0
1
0
0
0
0
0
0
0
0
0
384
0
0
0
0
0
0
0
0
1
0
0
0
0
0
0
2
3
120
365
0
0
0
0
0
0
0
0
1
1
0
0
0
0
0
0
0
0
2
361
4
1
1
0
0
6
82
12
117
86
1
387
441
73
0
228
48
14
0
9
0
0
0
6
0
8
449
0
0
0
0
0
383
28
27
0
1
43
199
6
1058
0
2
3
29
0
0
0
0
0
0
154
0
55
0
136
0
1
844
888
1
258
1794
0
54
16
4
0
129
171
8
9
191
500
1564
707
6
0
726
129
1056
4
197
7852
90
21
0
6
508
0
138
32
113
261
358
582
20
78
43
1
11
0
1195
0
1
2
4029
107
3
2
12
3555
0
1815
0
3333
0
0
5
3
0
0
908
1462
0
1248
9
0
0
0
1656
282
2886
847
86
923
4375
192
693
0
129
6
11
19
1
0
7744
1
869
5773
239
1764
318
243
0
2
42
2083
5
0
0
0
17
893
132
109
2
2
0
0
2
0
3
451
466
478
10
19
1242
493
111
153
2
5
5
4
0
0
0
1218
6
12
66
0
2590
1
0
0
0
2
0
0
91
641
1
271
0
1
0
497
0
6
0
0
5
0
0
255
245
104
2
10
3
1
0
219
4
0
3
0
39
0
1484
0
12
14
65
3022
16
126
697
5
10
9
55
2099
0
4
100
27
31
3
2
2
89
0
0
34
0
144
204
0
3
80
0
542
915
2428
74
10
119
0
0
0
24
1
12
442
80
121
572
190
936
0
861
5
2573
99
16
4
0
73
287
0
1
0
0
0
31
0
979
245
2272
122
2
3
0
749
364
596
0
1194
6
46
0
0
125
0
0
0
1417
0
845
34
434
0
0
350
71
1
42
0
0
4
0
491
1
11
9
0
0
7
2
993
176
5401
1
27
0
2141
14
0
269
3
0
0
2
113
1772
2
0
361
0
0
0
4
121
80
1
170
4
91
0
0
0
4
0
0
5
0
0
0
0
52
64
477
13
0
0
190
13
1530
1
10
5
0
4
967
369
26
0
3546
39
830
435
1
4
799
10
721
2897
8
238
1
302
0
12
169
410
1
8
68
4
11
115
70
2286
96
2
20
0
0
4
760
69
2102
724
5851
1
0
0
0
0
0
0
0
0
0
1151
0
0
0
0
0
0
0
0
0
0
0
0
0
0
0
0
0
0
0
0
0
0
0
0
0
0
0
0
0
0
0
0
0
0
0
0
0
0
0
0
1
0
0
0
0
0
0
0
0
0
0
0
0
0
0
0
0
0
455
2
68
3
0
0
41
6
6
0
40
5
10
59
62
0
36
371
50
9
8
17
0
7
2576
17
0
0
0
0
0
0
0
0
0
0
1
0
5
0
566
1
23
0
0
30
22
31
0
143
0
23
11
86
200
0
13
1
0
0
0
0
0
2
5
1072
25
241
0
684
6
23
4
0
2
1
0
7
0
2
0
0
174
162
36
3
22
3
47
14
1
33
985
2
2
211
1
0
4
7
0
0
152
0
0
4
2
1
26
322
1
63
447
0
0
1
23
416
149
17
20
15
430
463
3
21
1
0
325
0
19
0
151
9
246
120
0
82
21
33
5
1
888
0
169
0
3
1
0
0
1
1
376
0
4
3
1507
6
11
2
2
0
69
73
0
1
164
294
0
9
11
16
67
8
122
2
6
21
0
12
123
16
52
0
92
48
0
53
108
809
11
0
70
170
1
2
15
1
26
100
6
1
38
1
98
31
317
5
265
15
617
0
50
1041
4
63
17
12
67
625
31
0
11
0
191
67
22
98
39
230
76
148
27
5
4
673
72
78
15
0
1514
1
140
7
36
78
0
1
0
0
6
0
21
0
77
16
630
0
81
9
203
329
10
176
79
0
9
13
1
3
0
6
763
16
11
0
588
1
35
0
1
160
39
19
2
17
455
179
12
97
0
203
5
474
60
0
552
0
106
66
5
0
237
1
37
78
34
55
65
20
11
0
17
0
2
106
72
19
5
0
45
0
54
0
29
0
268
24
2
7
6
0
251
2
1744
0
35
5
1
0
176
26
0
20
52
0
4
0
3
3
23
1
1009
80
0
43
9
10
117
8
4
72
9
0
1
0
82
3
472
1029
87
0
45
1865
9
1021
2
1
6
51
4053
280
85
163
928
4
4
0
5
0
71
1
2
19
12
28
0
0
13
17
30
56
0
0
70
0
0
503
8
40
58
1
133
113
32
11
127
582
45
2916
6
2127
232
2920
5089
8
3
50
1101
0
118
135
1
0
0
12
1
478
0
11
0
53
0
0
0
0
1
3
0
33
170
76
0
0
0
0
198
4
31
0
207
0
25
0
2291
228
0
0
86
1064
3201
1
1
1
25
13
1160
0
0
0
0
6
14
56
8
1
2007
2
876
22
569
13
0
0
176
0
19
4
40
2
2
88
0
99
0
1
12
0
0
104
0
1
272
5
3
46
188
3783
0
0
144
39
1
104
57
0
1118
20
31
2702
0
2
326
74
243
20
21
30
14
526
665
99
2
93
22
96
0
0
1101
10
1182
1991
406
80
2
5
1628
9
0
0
953
0
367
1
68
11
1
20
750
0
7
0
5
2510
0
42
0
2
178
71
0
0
8
1351
1
0
1
2
15
0
11
144
19
2314
80
83
659
0
49
109
1280
0
681
227
2370
657
329
0
0
580
0
0
20
0
0
15
251
37
54
26
1943
171
0
19
412
2
200
0
0
7
1
0
0
249
1
0
0
1
256
24
509
297
24
1177
0
112
1
106
223
3440
19
34
5
155
29
91
0
3421
14
3
5355
0
147
182
23
101
768
88
119
231
0
58
19
87
2226
0
1
3
1
58
170
0
36
5
49
1
0
0
0
0
0
0
0
0
0
26
120
0
0
149
0
1
0
0
1
904
0
58
435
545
0
793
78
66
6
39
150
91
21
0
2
732
0
136
3
0
558
46
0
3
271
30
196
15
0
0
0
218
147
497
10
0
326
1680
2419
6391
202
41
4
0
5
0
4
0
0
468
2
2908
49
441
60
281
19
0
0
2952
0
439
652
521
24
0
1
3
0
1
0
0
1
2
1
2
1
181
1261
48
464
0
0
8
568
123
90
36
0
0
13
1413
123
70
79
2
0
150
0
2048
184
16
0
283
20
1989
21
244
369
1357
138
62
858
941
0
1
25
0
2
614
811
3
422
240
0
24
79
3
36
127
2
0
0
49
1889
538
1
6
3
0
5
7
0
1
0
967
120
14
68
10
3
497
407
2
1
119
1339
34
0
303
86
0
0
1
1074
0
0
353
13
2
2
23
152
0
0
205
2
7
0
10539
409
1511
1
21
5
79
67
812
54
243
563
2
25
0
3
0
0
18
0
0
1
0
210
0
91
1
0
4
47
358
2
310
7307
3
729
188
34
144
444
129
21
354
12
865
0
2
2
9
6
0
2
165
43
1103
4
1
233
250
33
51
50
68
918
1
283
0
1267
44
53
494
78
595
222
0
300
51
825
0
7
0
286
50
1
7
1357
6
281
17
6
0
48
0
0
90
18
1
15
33
47
1
52
33
9
844
12
0
0
0
1
473
9
269
1
8
237
5
14
0
0
628
0
691
335
16
14
3195
95
3
16
12
15
29
5
1931
0
0
1
2336
56
76
1
45
629
5
0
4325
28
0
93
0
0
0
0
0
0
0
0
0
0
0
0
298
0
0
1
0
0
0
1
0
0
0
3
1
444
183
65
4
7
3
23
7
376
25
15
8
32
0
2
0
67
7
27
0
0
144
0
16
32
27
163
100
1
0
0
0
0
0
43
8
6
4
0
1
269
0
2
32
0
484
111
165
236
0
16
191
8
105
166
11
11
0
0
0
0
4
0
3
0
1
1196
0
1051
0
8
10
3
3
6364
1549
2
1
6285
243
514
0
834
3062
573
95
58
32
6
38
0
755
0
0
6
216
971
10
2
0
2
2
643
0
0
60
0
1
0
364
292
1
166
30
21
8
24
11
32
0
0
0
0
0
0
18
2
0
0
0
5
1
0
12
3362
192
876
171
0
62
3
2701
329
2
4561
1
10
368
108
2127
8
0
2
1
297
5286
0
0
0
0
0
26
0
16
68
0
759
8
12
31
3
272
75
0
543
2
1
10
0
7849
1
697
2
0
528
673
0
0
266
84
28
1
3
29
81
526
1604
0
0
0
0
0
1
29
0
0
1
219
342
403
3
665
1000
836
1992
130
8
5
309
10
0
8
366
0
300
4
35
0
7
6
715
43
238
12
120
194
2
0
45
0
26
47
8
129
1
36
7
30
39
97
20
385
0
7
253
38
0
575
63
0
47
4
59
1300
197
15
480
148
0
16
1
202
5
107
2
397
231
188
0
2
3
2
2
107
171
8
70
16
40
57
7
0
66
0
0
6
29
922
45
3
2
2
1
15
68
2
484
35
1
0
10
57
68
98
65
4
0
501
9
2
20
8
33
0
566
17
24
178
10
149
0
1
0
2
0
30
3
1
1
4
29
68
3
2
209
0
174
0
4
36
3
295
0
105
9
80
51
5
17
85
708
549
1
0
0
0
66
0
0
0
0
0
1
0
0
0
0
0
0
0
0
0
0
600
0
0
7
15
4
24
6393
745
1163
76
3
420
1427
52
165
0
19
4
134
4
272
7
567
467
8
0
293
110
72
523
655
3
213
3
0
1018
191
1
60
2872
73
4
3
451
31
0
19
0
53
73
159
0
0
1094
2
72
5684
2
282
2961
1
462
234
0
24
0
11
0
36
3734
9
16
0
5202
1736
50
18
0
16
16837
119
0
7
0
1
8
5
32
419
172
200
0
4
89
5
0
5
116
5
657
159
0
1419
0
1
6
2456
66
0
1
2
3590
1
3
1
4
110
2
2
0
1052
3
0
32
181
1024
0
0
0
67
5
0
0
24
447
12
96
0
188
0
0
0
38
7382
32
156
222
8
508
465
0
0
13
1721
225
10
9
1864
1
4
0
0
2
306
4
0
273
1
0
0
5788
24
0
0
2
2336
0
0
248
0
0
670
22
49
2197
3
1
0
0
567
224
16
0
62
70
115
1319
0
3
5166
20
13
204
0
0
5
1404
0
3
945
13852
647
0
195
2010
0
28
26
3
11
0
1
3
4
1101
1
1
892
99
180
5114
0
2
11
265
6
1
222
4167
54
0
26
296
2429
1436
166
231
2
2
0
3
0
1
0
6
158
383
149
12016
2
0
417
1
19
3798
19
0
3562
1663
2229
737
7
4456
3
0
0
26
0
9
1147
9
51
0
5
1
325
25
7
0
29
53
263
0
0
1
3389
25
0
36
1
0
2
2
0
586
44
71
0
0
0
0
11
0
0
67
110
0
0
1
7
1
0
0
391
351
14
0
613
2
40
299
10
51
59
30
0
7
8
0
0
0
18
586
449
8
4
0
201
203
0
26
185
10
12
12
2
6
0
83
1755
17
58
396
0
7
126
424
86
3
18
1
6
0
0
0
1
0
0
0
85
10
148
131
9
728
518
3691
11
26
1649
3611
579
121
21
0
15
0
464
517
75
1963
202
231
312
139
3
340
321
2
66
0
0
24
13
0
1
0
36
843
76
197
2
26
13
121
12
1
3
0
0
0
2
0
0
0
0
0
0
1
0
7
0
0
0
0
0
0
0
6
1
2
1
0
0
0
1
0
0
0
0
491
512
1148
187
51
28
7
26
730
0
95
9
29
0
1
48
191
1
18
49
1
565
0
188
1279
27
0
5
2
0
10
2
542
173
2
7
0
0
0
0
0
0
1
3
3
2
2
40
0
1
47
0
5
180
13
2
0
0
2
260
28
254
2
409
38
0
0
36
421
0
17
251
0
32
5
0
0
1
2
73
0
0
0
0
0
0
0
0
0
0
0
78
0
0
0
0
0
0
6
60
125
1
61
6
282
0
10
33
12
6
2
50
184
778
18
12
0
221
35
57
0
10
142
1051
18
119
15
129
0
73
1
6
17
23
527
644
72
7
386
123
2
1
418
158
63
0
36
268
2
459
1
0
38
3
3
28
786
1174
351
735
293
29
77
0
2
1
5
1019
2028
226
6
432
349
0
2
0
0
0
27
13
3953
0
3
1
6
44
352
50
0
70
521
6
86
4
12
2
12
0
622
60
28
0
4
42
8
2
6
0
0
82
132
0
0
317
6
4
2
256
30
1
27
34
1189
336
1
0
1443
0
1113
3266
4097
0
0
323
0
546
0
0
114
108
10
173
3
1932
28
6
0
29
26
205
0
1209
1224
2
3
1
262
14
282
82
8
0
9
682
1235
42
0
0
0
296
6
1
2
52
3
25
60
899
1
158
2786
11
605
0
5
0
175
17
4
4
318
0
40
2
117
105
1
0
3913
7
570
130
687
0
3
506
2
1397
0
82
36
91
2
1714
184
0
3
11
1050
354
5194
1442
0
8
0
1796
641
37
1117
0
1762
2
0
280
2472
694
0
3742
20
122
3
0
628
1
1257
3
0
2792
0
3
0
1
2
2
30
0
0
0
4
15
0
436
20
13
52
16
297
97
1
0
3
0
1
566
3
2
2700
117
675
16
0
42
0
1049
0
0
10
3
7
0
3
8
1716
149
567
1
1893
192
3693
0
12
75
2
0
0
3
638
497
2
258
14
268
1
126
810
0
0
0
2221
1
0
0
4
13
4
21
0
0
0
28
3
282
0
0
0
0
2
33
1045
303
158
19
0
1
44
5
0
0
0
809
0
0
169
87
1650
0
12
0
1
0
0
0
1
3
0
0
4
284
0
0
0
0
1
98
35
141
0
2
1
0
58
1752
7
81
2
2
137
405
508
378
7
3359
80
26
0
193
2
12
14
699
0
0
527
262
566
1315
1187
0
613
28
1046
41
0
175
23
21
66
3
145
0
0
619
0
2004
467
169
290
10
0
0
7
19
1
407
456
78
494
789
28
0
0
1122
2
219
82
1267
49
5500
557
49
0
0
30
289
60
1
4
678
0
0
2235
38
998
227
0
0
355
4
139
145
0
36
161
0
5
0
345
4
36
0
88
2
0
17
442
0
0
633
74
776
47
376
127
2
1827
8
0
2969
4965
90
45
0
982
6250
178
2
4
1
216
1
53
0
356
456
256
16
0
0
637
0
467
84
1354
17
679
1
225
532
17
0
3
0
9
12
65
13
28
491
39
0
13
20
1475
1235
12
14
377
3
15
53
2506
4
27
1
2
132
313
124
41
84
18
19
341
0
427
818
0
492
97
373
2431
380
770
25
46
445
14
639
49
38
472
4
19
0
2
0
83
18
28
387
3006
0
697
588
55
458
57
769
485
62
0
940
3
235
2835
1
288
1564
102
98
32
45
50
138
77
12
185
32
5
20
1140
327
97
70
11
0
0
14
437
1
0
1
0
5
0
0
675
58
0
0
0
2
0
0
0
0
0
0
2
6
5
7914
3
2
0
6
0
1
209
47
74
182
0
4
781
0
7
56
17
719
117
0
392
0
85
0
491
0
1388
0
122
5718
0
919
0
0
0
0
0
3
0
65
26
0
38
0
5
3
27
147
62
234
316
2
232
334
0
584
290
61
1621
0
29
1
74
0
19
7
0
0
77
34
2
0
196
1062
5
7
11
435
0
0
0
30
0
208
50
3832
202
49
31
38
0
921
814
573
2
1104
647
61
38
39
406
450
6
6
0
187
9
0
0
4
0
56
3
121
850
26
0
0
0
5
1
5
2827
10
403
0
1569
352
0
13
0
0
0
315
53
575
2183
53
200
12
103
899
1
607
211
33
22
0
1044
0
451
152
252
280
4
81
569
147
105
52
1
503
24
634
0
0
9
193
0
0
0
2189
0
371
31
248
378
0
342
1
583
21
24
6
0
0
0
0
0
6
167
1
0
94
0
0
0
0
0
0
1
1
1
2
6
4
0
0
658
262
0
52
2073
0
0
0
0
0
0
0
0
0
0
0
0
0
299
0
1
150
1
0
23
342
0
1
0
7
0
3
0
1
0
0
0
0
1515
0
12
2
341
5
145
1570
0
0
11
48
0
1
0
9
0
0
0
0
0
0
0
1152
0
35
1
394
16
71
33
398
670
1059
0
0
24
382
0
211
243
11
4
4
8
3
1
5
0
0
1
0
0
0
0
1
1
0
0
79
0
1394
5
1973
549
13
0
3093
0
0
0
3
7
3116
0
2768
0
16
126
962
646
14
77
14
10
0
117
2852
1935
75
0
475
6
2
0
0
18
70
0
16
1
81
653
1
6
76
0
4
0
2
0
3302
8
12
164
0
0
0
0
0
308
0
439
274
0
0
86
0
2379
229
7
0
6
1602
5
1
213
0
446
12
0
93
640
899
212
0
0
45
1
0
119
26
67
0
6106
246
272
278
156
0
1
931
2409
0
1
7
0
4
0
0
212
2
184
3
0
1554
481
35
3
3
0
38
2
1
0
169
440
1
2
1850
2
2
173
430
3317
1980
0
0
45
3254
0
1817
0
1
284
739
32
1
0
1330
0
0
854
0
1
0
364
26
0
3
19
167
363
137
551
0
0
1
77
164
18
136
169
0
0
19
0
3
239
162
100
1452
1043
705
0
4710
371
200
5305
945
0
128
0
197
784
35
3846
7
1519
0
351
49
4
0
0
1
821
1185
0
674
0
0
0
348
5
13
0
25
1735
9
0
0
0
96
37
5332
19
22
184
1
210
71
443
7839
0
751
0
90
96
27
1039
7
3
0
11
1113
11
1
221
22
0
514
12
10
1878
270
5
0
1781
0
0
0
13
0
786
0
689
5
2056
0
90
133
0
0
80
0
4537
0
235
445
267
395
138
3
145
846
0
120
2266
349
1
0
46
74
25
548
10
0
39
11
670
102
1357
9
12
6
0
0
287
91
0
35
0
578
2
48
1385
0
107
0
2
0
0
289
10
0
952
2
0
0
179
0
2
3
3
0
2
0
0
0
235
0
1
0
349
3
0
0
1948
0
0
0
0
0
0
0
0
0
3
4
1
0
1
1
0
796
4
24
2
3
1
3
0
3
0
86
0
50
5733
44
60
473
2894
1197
181
2
1700
11
0
8
53
0
0
787
0
47
379
14
4837
8
0
0
2
0
0
1
4
97
560
0
2223
10
0
213
1
115
99
0
0
0
1
0
0
169
0
2046
37
0
2370
27
0
8
19
38
0
0
1
0
0
0
15
11
6
4
0
48
0
0
1
0
3
0
0
0
0
0
0
0
2
0
0
0
1
675
0
0
0
0
2169
1
2
36
117
169
0
0
0
0
1586
8
4
85
52
1433
3206
920
0
1
3
2391
178
0
3
270
1384
0
0
4
6264
3
8521
2364
9
0
7
3889
6
31
0
806
0
0
0
2728
0
0
0
1
0
16
5242
23
542
0
328
26
0
149
31
1572
1
0
0
0
0
1098
1
1
0
13
7
4
0
17
0
0
523
0
1
0
0
2
757
9
2108
0
0
0
0
1259
0
26
68
205
2
128
0
5
0
0
0
0
1
402
9
0
0
11
0
0
1993
3534
4
2
1458
0
207
903
33
0
0
1780
0
1
0
2749
0
95
2
0
0
0
0
0
1
0
1
0
6
1391
0
2
0
2019
1
1549
0
1
6
29
0
0
2
0
269
1437
368
1813
25
68
477
1
524
439
1
1
126
61
455
0
0
0
0
0
0
10
607
8
3
658
463
88
1
12
0
0
0
0
0
0
0
0
7
0
0
4
0
0
0
0
0
2
0
0
0
0
0
0
0
0
0
0
0
0
0
0
142
0
0
257
0
108
6
743
0
186
1
5
6
19
1
23
0
0
0
0
0
0
1
0
0
7
0
0
1
0
0
0
0
0
5
0
0
0
57
2
0
60
2
0
0
0
0
0
77
54
46
7
0
3297
26
502
0
825
448
397
140
4
0
2
0
0
0
3
0
0
0
0
1
3
1
0
0
0
0
0
0
0
0
1
0
0
0
0
0
2
0
1
0
0
0
0
0
1
0
0
2
0
0
0
0
0
0
0
0
1
0
0
0
0
0
0
0
0
0
0
1
0
0
0
0
0
0
0
0
0
0
0
5
0
0
0
0
0
0
0
0
0
0
0
0
0
0
0
0
0
0
0
0
0
0
0
0
0
0
0
0
0
0
0
0
0
0
0
0
0
0
0
0
0
0
0
0
0
0
0
0
0
0
0
0
0
0
0
0
0
0
0
0
0
18
0
0
165
0
134
19
95
530
84
46
7
5
518
7
18
83
8
14
0
19
110
181
0
5
1234
14
0
0
126
31
46
118
21
417
44
3
16
0
0
1
0
4
0
209
42
0
0
141
66
2
0
0
13
98
76
156
7
1
96
212
77
38
2
82
59
4
261
18
0
18
26
3
0
0
231
0
1
17
3
5
6
9
6
6
28
73
18
15
1
17
62
1
19
26
4
1
189
6
2
0
0
13
0
5
8646
0
31
361
65
2
0
329
0
2
4
11
0
0
2
0
9
0
85
15
0
2
663
0
3
194
20
687
2910
15
35
53
3322
259
2844
30
619
38
23
1
0
1821
0
2
1
5
10
0
2523
1404
7
1992
1321
16
0
954
0
0
1532
41
1737
0
1224
867
579
3
8
4
0
709
0
0
3584
3
167
0
0
0
25
30
0
295
5
0
1
0
0
0
578
2
3
0
940
4
75
20
186
0
0
8
2
2
0
12
31
1463
9
53
177
0
2933
4015
0
959
299
0
0
0
0
113
0
13
51
0
10
0
1
11
5
18
4
268
1257
0
0
610
188
222
507
0
0
0
1
1902
0
104
5
38
1
248
97
28
0
0
82
206
610
4
398
3524
413
0
0
383
231
2762
421
124
12
449
1
1681
2
492
190
919
0
1
34
7
3
0
123
0
102
4
18
3
0
101
365
0
0
8
458
1
1
1
78
56
6
22
29
426
45
415
0
378
213
260
5
4
724
645
0
28
53
1
11
17
143
0
55
93
4896
593
175
107
551
3175
49
1
3
2491
18
455
5
79
2485
1
0
0
4389
6
0
1292
1154
0
7
25
0
0
90
6
39
614
383
0
127
2
140
0
454
485
432
57
0
1775
37
29
98
141
802
16
27
1629
89
95
169
247
163
2
79
120
954
177
28
1707
0
20
0
1
0
0
5
1714
13
373
3210
0
165
54
3
23
0
7
1214
156
160
16
1
0
0
47
0
588
0
0
2539
0
155
0
0
933
4978
300
0
0
166
114
0
194
0
537
22
3
105
20
244
18
11
259
106
180
1
0
1135
222
10
144
5395
0
15
0
486
13
8276
0
13
1745
842
206
174
209
679
116
428
65
16
26
10
448
3845
25
1
1
173
1163
12
1109
0
26
174
12
69
195
768
32
0
2018
400
51
94
14
1
3
7
42
0
201
0
0
205
2
0
31
0
384
14
1
0
3864
0
0
0
0
26
6288
5
424
2
451
158
338
0
3516
3205
68
0
83
4439
19
62
0
69
11
37
1
3
5
82
0
0
1302
103
3
16
3
0
4
166
21
59
610
231
87
1399
1
133
9
5
0
0
71
5
29
4
2
907
133
1281
4
379
27
11
181
75
585
288
24
634
31
664
0
36
48
119
0
0
612
76
110
1096
1393
19
24
1096
54
0
0
1049
3
61
147
62
33
14
0
6
177
6
0
5
0
0
84
38
0
13
0
60
0
0
73
53
32
230
3
210
175
47
7
1208
503
254
873
17
294
2954
0
0
0
0
0
0
16
158
23
26
17
924
49
174
277
0
290
0
534
0
0
85
12
0
0
0
0
5
4
0
2
0
0
208
321
9
5
0
3
0
0
45
0
0
43
6
294
9
0
0
125
0
0
0
79
290
774
7
0
1032
291
0
213
2
18151
0
28
1
61
1
0
20
312
185
28
415
611
0
2023
4
0
0
0
420
0
0
0
0
3
3298
2228
28
0
1000
1
1752
2504
2371
262
985
666
218
450
0
29
825
366
432
0
0
59
3178
0
1
0
57
21
83
1217
109
0
149
1
1
53
3
1
2
702
235
211
15
9
0
0
98
6
3
0
0
0
1
8
0
0
0
1
0
1712
44
1988
0
81
0
30
40
1
0
0
2
0
1
0
0
32
1
61
0
1
5
0
1575
437
76
0
1006
0
3
333
0
0
1
60
2
1
0
395
16
0
1
0
0
0
0
1248
0
3
2501
565
1063
0
293
15
34
0
289
1057
0
13
116
231
560
215
5
2
386
80
0
556
18
2
2
0
0
46
70
123
0
458
1
1
0
0
13
0
0
0
0
12
0
4
162
0
3051
16
20
0
0
1706
1147
2047
402
305
66
1450
11
183
3271
3
2794
610
2251
33
0
341
0
96
1
0
0
877
2853
23
0
0
17
70
776
0
4
4
0
69
100
2743
13
65
16
232
22
0
27
0
7
111
0
3
0
0
1
0
7
186
0
29
83
92
2
0
0
0
0
263
0
0
2
15
37
50
14
19
35
727
5
815
90
0
195
4
5
11
2
7
0
38
0
0
1
0
21
27
0
8
1
2
15
0
0
0
0
0
0
0
0
0
0
0
0
0
0
0
0
2
0
0
0
0
0
0
0
0
0
0
0
0
0
0
0
0
0
0
0
13
0
1
0
0
0
0
0
0
0
0
0
0
3
0
0
0
0
0
0
0
0
1
0
0
0
0
0
0
1
0
0
0
0
0
0
0
0
0
0
0
0
0
0
0
0
0
1
0
0
0
0
0
0
0
0
0
0
0
0
0
0
0
0
0
0
0
0
0
0
0
0
5
0
0
0
1
0
0
0
0
0
0
0
0
0
0
0
0
0
0
0
0
0
0
0
0
0
0
1
0
0
0
0
0
0
0
0
0
0
0
0
0
0
0
0
0
0
0
0
0
0
0
0
0
0
0
0
0
1
0
0
0
0
0
0
0
0
0
0
102
6
0
0
0
9
0
0
0
0
0
0
0
0
0
3
3
0
0
0
0
7
0
0
0
0
0
0
0
0
0
1
0
0
0
0
0
0
0
0
0
575
415
1417
585
0
0
0
30
0
0
0
6
0
0
2
3
0
1
8
45
0
76
0
955
2
0
0
3053
803
971
1
13
0
1
2
95
0
2
26
0
0
1
0
0
47
0
4899
0
0
41
7
0
1293
2
1297
0
0
35
3619
0
64
0
2
0
19
33
19
28
3
8
0
0
51
9
355
0
183
1434
20
0
79
21
1565
1252
1799
0
2
5
1416
0
263
8
1
40
27
1
0
48
2928
0
252
0
61
100
645
52
120
0
1011
12
992
1
2
4
220
475
397
0
0
4
0
1509
27
2
0
0
303
4284
141
26
0
0
0
544
6
1487
4
0
107
2
7
1
3
1399
155
249
0
10
770
0
0
287
0
0
0
0
0
1
348
0
79
0
134
0
539
83
65
6
0
59
0
105
2
0
53
0
0
0
0
24
1524
157
0
19
223
182
3
0
0
66
557
3
215
1
0
405
8
657
0
27
66
146
204
0
0
63
2
20
0
1722
18
4
27
21
2206
66
193
64
1039
233
21
101
27
0
703
0
569
11
0
0
2
8
9
687
2
5
4
1
0
141
747
20
2354
708
20
4
564
617
4
26
176
2
628
69
0
0
626
4
2047
222
1052
0
55
2
1
4
0
0
91
35
139
475
1
817
164
14
132
515
85
707
10
106
143
0
1
214
132
551
1941
1
40
1318
0
55
791
2163
504
335
63
0
0
2
131
10
0
0
0
9
53
124
17
14
140
262
0
131
114
3
436
444
76
0
37
20
91
0
28
26
1263
56
0
0
0
6
0
5
243
0
708
0
0
1
211
680
1
0
441
1
0
47
0
0
1372
1
476
1036
213
0
218
317
929
1
318
0
848
19
2
2145
11
0
80
2216
2
1741
0
137
1124
704
105
22
11
71
27
1426
0
8
0
0
74
151
2712
29
0
221
4151
3
22
7
0
166
7
11
39
1553
926
377
21
1441
1
0
5
17
0
166
10
102
1269
9
225
872
11
165
56
46
0
3233
2560
1307
0
0
124
0
139
428
589
0
9473
34
3
239
0
0
0
610
3
98
0
416
2
2
115
0
2
2708
0
796
11
1517
2380
0
31
0
15417
0
238
459
163
849
1
2
5
2458
419
367
7296
0
0
0
0
49
2
0
134
0
18
0
119
4344
0
2
1
0
0
0
0
0
2117
17
544
32
0
3895
0
13
9
276
176
1749
208
223
83
1
0
2576
261
1
4983
56
8403
35
126
957
0
79
76
89
6
1062
4369
63
0
0
275
86
6
303
0
160
0
0
280
406
112
0
9
0
0
102
259
484
25
146
13
9
1292
383
201
191
0
2405
904
167
1
259
27
109
929
0
69
139
79
0
11
342
0
32
4
542
4283
11
1109
293
380
17
0
2370
38
0
7599
65
10
13
3
109
42
251
541
99
11
0
1
0
1096
5
3
181
46
101
597
6
311
0
0
595
0
0
1
6
0
0
1437
10
1
15
225
6
12857
2
271
9
42
9
3326
29
23
7
145
438
324
21
94
0
1149
70
0
0
66
0
4106
14
0
1
2
271
351
3
3780
0
6
0
58
1263
65
0
1
1
0
30
26
53
0
242
0
3
0
2
0
9
27
1
13
0
0
0
25
19
51
175
459
173
0
8
288
0
1
206
2
2
52
507
41
7
646
0
376
1127
9
0
0
0
24
0
57
269
0
712
1397
191
0
0
14
0
0
44
68
3
0
0
8
0
627
283
58
88
16
1585
6
0
0
6452
191
65
1727
5
4230
597
0
8
4
1
0
0
0
1
1021
0
49
56
500
0
30
2
53
117
2
0
3
1119
4
146
202
47
0
3
19
0
9
853
162
11
2
8
0
386
6
2
15
0
2
4
0
2
3844
51
0
45
4
43
254
1
0
0
1666
0
140
280
0
315
0
0
0
228
132
63
275
9
0
0
115
0
19
377
18
0
0
1651
284
102
15
23
2
7
46
9
30
17
19
19
686
102
67
2
81
0
1003
0
0
46
359
0
81
2
10
362
0
70
72
2
0
147
71
0
0
75
4
637
1
518
46
786
3502
10179
1
156
0
0
112
11
3
274
2
435
1
0
3
0
18
0
125
1
40
61
271
5
12
639
0
2
32
23
6
0
2526
4
327
371
0
3
2
0
0
24
0
48
10
41
16
1
2
4019
18
10
4
1235
83
357
17
1675
112
0
19
0
0
0
96
0
21
2094
6
1076
0
7
205
0
141
43
26
120
0
2
108
1
22
21
21
65
5
1
0
39
523
0
0
1111
27
0
12
0
2
4
7
610
0
0
0
2411
5084
88
2
68
0
77
37
0
6
1
10
14
2951
0
0
0
0
76
0
11
0
4
78
0
2
711
0
0
0
0
59
3
174
2
1
0
3
0
12
30
131
41
963
0
144
8
20
5
0
0
0
0
0
80
0
3129
8
49
0
0
186
1
420
57
1938
0
4
0
1
3484
165
322
0
1419
0
0
0
28
15
0
1
68
254
39
8
3
92
0
90
1907
3
53
0
0
530
138
380
23
437
1
0
0
0
209
1257
0
0
0
0
0
1
31
4
29
70
242
0
1
0
0
0
0
0
0
1459
300
2
14
165
68
802
24
201
10
4
0
1022
0
531
6
0
17
0
899
0
119
49
3
29
0
25
2
0
20
2
22
8
0
7
16
0
19
91
0
4
5
28
0
11
0
1729
0
14
1
1
0
0
0
0
0
0
109
0
0
4
13
0
0
0
0
11
0
497
0
11
18
340
34
560
5
0
0
15
228
2
1
0
75
282
4
103
27
135
0
2
138
904
1
0
32
27
2
105
16
0
1001
84
62
0
0
1
4
6
65
301
24
0
0
57
19
30
4
0
1
116
13
34
17
308
461
1
0
53
110
80
7
2
13
0
73
237
0
1
286
1
226
21
120
46
0
7
0
0
0
18
10
0
8
8
0
1955
0
0
147
3
0
0
217
2
36
2436
218
0
0
0
0
61
12
5
0
42
217
39
2
9
1
0
2
0
0
0
10
15
31
556
30
38
60
113
61
2
179
9
90
0
0
5
0
17
3
3
329
14
470
0
0
93
0
65
1
1
8
94
1
151
173
0
3
41
1075
511
0
2828
1408
0
3
48
41
34
11
5
21
1
13
52
163
336
513
166
29
0
43
820
8
0
225
6
100
9
279
3
9
1226
1190
253
23
11
21
135
7
18
109
0
3209
1
0
0
1
0
128
0
0
7
143
902
13
1319
2
195
171
0
1
2
1139
2
1
464
20
809
0
0
93
79
3
98
1
2
928
0
167
368
5
26
1
275
24
19
261
31
2045
32
167
53
0
0
0
0
0
0
0
164
4
854
6
1307
0
1298
0
2
183
246
1885
5
89
3
2564
0
1
0
3
0
13
0
975
15
2
562
6
201
0
5
111
0
0
1
0
2682
0
14
66
0
37
1712
469
681
0
0
0
0
115
0
0
41
3593
0
80
575
0
8
1
19
554
585
0
640
0
2663
67
0
135
0
2840
1257
1
44
3
0
43
2
0
3536
21
0
0
10
0
14
3
0
0
119
0
158
7
8
14
2810
151
382
3
0
95
15
0
0
30
2
322
2
101
6847
0
17
3
122
120
1092
0
123
25
446
0
45
1
0
36
1
0
0
19
0
3
1
0
152
32
187
84
95
42
2
79
222
11
76
3
7
321
95
102
1
510
14
24
0
229
0
1077
10
0
934
1
24
9
1036
1
425
2855
2
14
903
0
6
0
276
0
610
197
10
853
844
24
566
108
110
163
175
16
255
13
0
930
1
42
1631
1
10
1
606
4164
6
1674
3770
2668
0
455
1
7
30
0
0
1
109
1
1
0
0
0
1
85
0
196
23
0
1132
45
0
494
1091
47
75
1572
15
4
23
16
16
0
28
0
5
4
9
7
0
217
931
216
9
40
1
22
5
0
396
22
64
270
30
113
3
611
2
828
52
2
73
12
1
1221
0
0
7
0
156
1
0
0
2
0
22
0
9
2
0
1
498
146
0
21
6
678
2
0
0
0
936
24
0
26
42
484
0
346
51
2
60
15
1
14
10
9
0
141
3
33
4
134
2
0
198
90
7
0
2
5
1
173
21
3
84
0
7
37
67
47
9
0
311
43
0
2
2
27
0
60
2
10
12
20
152
103
26
31
225
2
121
0
0
59
33
209
12
0
376
134
1
0
166
17
0
150
0
10
99
100
6
26
7
16
0
16
0
8
385
9
31
8
246
1
0
4
1
1
0
13
28
3
2
0
14
184
0
6
1
2
1
99
4
0
0
1
0
0
3
473
285
0
0
0
1
0
0
0
0
0
0
0
0
0
13
0
0
0
0
0
0
0
0
0
20
0
0
0
0
3
0
0
0
0
9
0
0
0
0
0
0
0
0
0
0
0
0
0
0
0
0
1
0
0
0
0
0
0
0
82
0
549
19
51
245
99
222
8
11
117
3
8561
2
17
2733
179
1
0
1
26
2214
850
1056
13
0
75
0
0
0
0
1
18
4
5
0
0
387
0
59
10
98
3
650
122
571
3
1
199
812
1
0
0
3
10
7
665
8
0
2
3
0
1
0
2
0
120
16
1
2
0
0
2
0
0
0
1038
63
2
0
0
15
6333
3
0
1263
90
62
2813
0
0
11
0
8
2
2
0
0
3
0
25
0
0
0
1
0
0
0
167
0
31
392
0
0
1
6
1
52
4
0
313
0
0
644
8
242
131
0
276
1
0
55
1
17
3
0
0
14
13
1
1
8
5
352
5
260
5
759
6
0
314
899
861
125
0
1096
0
17
0
240
125
76
160
20
109
117
0
58
8
6
42
3489
0
24
12
2
4
60
163
56
0
21
401
2
30
2
73
0
0
11
15
12
2277
0
66
231
170
6
92
0
4
0
161
17
0
1594
0
0
0
0
0
20
587
0
0
19
38
8
0
0
49
0
55
1
369
253
0
0
13
1
0
0
20
0
18
1613
934
38
0
0
37
404
0
95
42
2
0
86
242
227
13
1092
168
0
55
35
0
22
90
18
6
14
65
141
5
64
62
5
8
31
4
89
1698
4
585
198
0
9
109
1
4
0
80
0
1271
0
15
5
0
6
0
410
757
19
113
0
105
63
0
3
305
12
4
24
6
36
0
63
211
0
0
2379
10
0
21
93
4
424
383
283
2254
0
186
9
0
34
0
3813
19
821
13
6
81
198
1318
10
86
61
1
2
91
1
2
1
409
453
3594
205
7
46
77
5394
1
434
35
4
0
251
15
117
13
340
16
183
407
580
109
171
759
0
10
0
305
1
0
4
0
2
0
0
10
10
1
579
6
4
6
13
54
625
1035
30
0
0
1683
2
1494
302
426
40
150
0
0
4
183
581
0
1055
15
249
0
2340
5
0
1
1
0
84
0
1
0
130
2
0
368
3
0
168
1
5
2654
294
205
1792
1172
814
0
2
12
31
0
6
744
2317
48
0
2
46
33
0
30
17
49
0
58
0
138
178
858
14
3
1
53
1
4
33
183
0
0
23
155
115
24
8
110
0
0
45
0
101
1
5
9116
1
10
1
0
5
2
57
0
0
0
24
139
0
1
3
76
0
12
0
1
664
0
18
312
53
1
31
67
0
0
1
2
0
4
173
0
691
0
8832
0
2051
0
16
2075
106
177
0
0
0
5843
2
1
0
0
0
2
33
210
288
0
75
38
3
555
0
62
1
26
0
0
0
1
110
0
0
2512
87
421
4
376
0
143
1499
3332
10
773
704
2
0
0
4321
0
0
0
0
12
141
1
219
0
0
210
265
4
0
3
1
0
0
0
3
2
2
38
0
0
0
667
2
0
194
1
0
4
0
15
0
1
4
0
0
146
1
0
66
3
1381
0
40
209
2
1102
41
0
19
0
0
493
2
7
434
0
9
785
17
1
6
0
0
0
1
64
0
606
25
651
0
243
65
51
28
28
1
18
0
337
0
27
0
0
1
17
543
45
2
171
2
25
2
0
676
0
1
0
4
0
0
39
0
9675
2
2
1363
76
1141
42
1735
281
51
178
16
0
58
304
15
280
361
836
4349
123
0
1
0
122
0
7
219
0
4
1121
0
34
79
4
46
0
52
8
1879
1
109
0
10
20
34
5
2597
34
0
42
4
189
0
23
0
0
2284
4
2
18
4003
5
8
0
1
1906
1684
2
531
177
8
3713
791
157
61
665
0
24
78
125
2
34
62
299
540
49
3
1
38
0
5
40
0
3839
52
0
0
115
104
265
0
10
72
0
1649
4927
3
1
185
0
0
0
3853
0
0
0
0
36
0
0
94
0
0
0
1
0
93
510
353
319
2
1
144
25
2
0
0
0
1590
3
0
12
806
88
144
1106
5
9303
301
1188
0
0
2111
32
9
3
398
187
3
1
10
0
2
159
16
0
106
9
0
40
62
49
3
0
20
6
69
1310
2
0
0
6
39
79
48
382
248
8
0
0
2
11
587
1
72
4
64
73
69
60
244
43
0
2188
876
0
124
4
21
80
1
88
115
444
0
24
327
5
7
166
462
25
41
690
0
1
166
18
35
462
0
10
0
10
16
0
2
1
8
8
2
12
2
4
28
464
22
12
2
10
20
495
61
60
0
0
11
21
79
1
24
302
0
0
0
40
0
75
21
17
0
0
0
0
0
9
0
5
198
0
588
1
2
0
1
2
3
34
10
1
37
0
144
21
50
1
199
30
0
152
237
0
318
3
339
0
3
1
12
65
2
11
0
4
0
9
0
378
12
11
2
5
0
14
4
160
39
0
2
1
19
0
0
2
35
15
3
217
3
4238
291
1
2
0
84
1196
0
10
977
4
0
3162
82
9
0
0
32
60
579
0
6
2
9
0
80
7
1422
8
52
3
0
2
0
3
0
1
0
114
0
151
0
77
564
771
16
0
186
14
264
65
0
107
0
52
83
2071
2
11
421
34
4
1262
0
2
153
0
1
72
0
7
20
1570
104
0
0
113
0
0
8
0
0
0
1
0
0
2353
1
0
0
24
31
8
7
2
0
8
35
103
5
0
6
1
0
1
0
0
1
57
286
1048
0
8784
0
2205
104
3
1
0
69
5
3372
14
37
0
43
321
0
0
0
32
5
3
0
1610
6
24
0
33
19
0
237
48
294
1
198
1
34
1
811
8
0
570
1204
0
23
163
53
163
32
15
213
13
202
0
0
259
21
378
3
0
0
34
2
34
19
10
161
0
617
1
88
0
140
25
0
0
0
188
0
0
0
0
0
1451
0
16
0
154
6
0
4
0
31
2
0
69
10
371
0
28
0
0
2
159
0
0
1037
0
942
22
0
25
0
0
0
0
0
3
0
91
0
47
0
910
0
2
989
93
215
12
679
30
0
1
1
31
0
0
0
1
0
0
0
0
0
0
0
0
0
907
14
453
5
0
64
97
111
6
1
16
1356
0
0
0
1
0
6
84
49
69
24
0
0
6
365
0
11
3
369
1401
1
1
7
1
0
29
6
3
447
0
180
1639
6
34
3
321
2
2
22
0
45
62
5
0
4375
27
0
136
0
0
15
384
6
0
131
10
0
991
0
27
1
995
13
10
2185
241
24
36
69
1
0
12
8569
0
87
3
215
0
4
1788
10
2
637
3
7
376
1378
1086
1134
0
1
0
0
2
32
709
0
0
329
187
2
142
0
103
0
1
281
1
7
5231
296
0
2
0
472
0
5
10
0
0
15
344
38
1503
486
0
1
1491
40
0
80
1
1061
0
0
8
20
9
636
0
11420
0
32
33
1
0
134
9
463
0
0
7
0
0
0
0
0
1
0
0
7
0
0
0
2
7
1
0
0
2
0
4
155
0
112
16
16
0
0
1
0
19
5
0
0
65
114
4
40
2
0
31
19
1287
0
0
1
5
0
78
0
1349
1815
0
0
509
0
0
43
18
14
66
3
5
1
8
3
3
149
5
1
0
0
2
28
1
1
83
16
328
4
0
0
0
1
0
0
42
736
2
2850
149
107
0
0
1
3
0
0
1305
15
2653
73
613
0
25
1063
865
11
106
0
473
0
0
0
0
0
2
19
224
0
338
138
84
0
0
0
2
208
15
20
78
0
265
147
578
2
122
1439
2
3
9
7
1
0
40
1
0
22
246
2
2610
11
418
1087
0
0
2
108
199
0
10
169
564
2
77
532
3
766
33
74
0
8
85
1
0
226
269
91
264
455
780
2137
53
159
0
0
0
130
169
9
0
0
73
0
0
0
1
0
0
0
0
0
5
8
5
6
1273
21
2
0
6
0
0
0
0
0
0
0
0
0
0
0
0
0
0
0
0
0
0
0
0
0
0
0
0
0
0
0
0
0
0
0
0
0
0
0
0
0
0
1
0
0
0
0
0
0
0
10
1285
0
0
0
0
0
147
0
22
1440
60
22
23
1
19
308
0
19
10
960
16
9
0
15
10
1
0
1
1
7
0
6
1143
1
135
3792
53
1295
135
3
0
28
110
6
286
10
37
2
2
14
18
74
587
0
6
0
27
195
24
15
250
75
1
2
13
9
3
22
1
100
173
40
7
1
255
0
643
67
3387
37
0
0
423
32
81
10
5
0
90
0
0
105
3
61
1
0
0
0
0
46
15
25
426
0
314
2
25
16
87
56
58
57
312
11
8
0
14
4
24
2
45
0
18
3563
0
0
10
111
0
91
0
1
1
55
11
571
0
0
2
121
0
1
0
709
703
53
261
0
0
789
8
0
118
100
10
88
18
1153
0
1669
2
642
35
0
33
163
0
0
0
5
0
69
0
0
3579
0
6
266
71
158
219
0
5086
26
8
0
4
9
150
0
1253
3
3
1
407
0
49
915
105
2748
164
970
0
9
15
484
28
5
10
4
0
0
298
115
0
8
72
517
180
13
6
254
0
0
181
65
2335
34
6
0
0
5
54
585
101
0
0
7
27
315
8
2
15
483
837
0
0
0
0
79
704
36
277
201
48
8
0
8
1
123
11
50
2
1833
12
40
0
28
0
0
7
4
1
0
1158
93
23
99
457
12
32
2
16
4
0
1
7
8
283
0
37
0
0
8
22
3
5
0
7
28
0
1
0
19
11
115
23
5
179
0
451
10
0
90
4
19
7
54
0
4
0
0
4439
141
5
7200
155
0
0
55
0
86
0
4315
102
0
6
5
1180
336
6
0
0
0
0
369
191
1
0
0
943
87
0
1035
99
0
0
108
1
6
302
8
624
0
131
168
352
1
0
133
0
150
29
602
0
5669
0
2
0
18
70
468
6
0
139
391
18
360
0
41
0
0
2
0
43
16
1
98
309
0
69
1332
39
389
97
5
0
160
0
82
0
381
437
21
215
51
12
0
1
246
504
3
26
205
0
1778
142
3109
170
653
32
175
17
124
28
1
354
1851
17
2196
61
2
682
6583
47
0
13
0
32
12
109
0
2
0
0
620
6178
4471
23
193
2337
0
0
85
28
42
4
32
0
2172
6
85
0
2
26
0
62
3
568
54
133
1063
72
483
44
1
19
501
771
112
73
130
0
0
0
1
0
0
7
0
0
0
20
972
1621
422
358
9
221
1864
1368
4331
899
21
0
4
938
1
396
0
90
51
854
197
10659
85
6
21
0
0
3
3035
0
3
1320
4456
231
4008
0
2
59
9
0
0
0
0
0
0
0
69
301
56
541
378
87
6
56
0
277
79
971
640
3960
5860
593
1
79
3
7
0
17
0
4
2
0
7
0
3
1
0
2
12
8763
9
1
0
5325
0
1
292
0
300
67
10
421
101
0
0
0
2
3
1
0
1
18
207
0
43
3
10
2
25
3
0
158
19
1
1
0
127
21
3
31
0
39
31
514
15
176
13
12
200
0
24
3
189
1
165
82
135
99
476
130
31
456
476
382
293
15
48
0
44
1157
73
0
311
34
113
3781
1249
258
179
2
775
0
0
758
30
61
677
0
59
131
4
0
78
2
3
5
35
896
0
108
23
56
268
1
0
162
0
18
1234
194
60
165
9
550
5
267
10
49
22
0
73
0
566
0
97
0
143
114
38
25
499
3
1
4
0
885
21
0
4358
0
17
0
24
2
0
0
1252
192
205
14
4
18
588
12
0
0
71
26
6
11
964
369
1
3144
797
380
0
0
1
50
116
13
53
106
470
0
0
68
0
0
0
0
70
0
8
15
876
0
2
247
50
47
0
39
9
21
144
3229
0
342
109
0
0
3637
1
0
0
0
161
0
3
0
0
121
124
0
23
49
2
60
3
28
611
0
95
21
0
0
12
26
0
11
109
1
0
130
19
8
14
1716
17
9
0
88
14
148
0
0
2
17
0
0
40
0
779
3
20
1
0
4
18
27
0
12
31
23
2
0
1
0
1
4
4
0
621
28
4
3
60
0
4
17
86
42
681
1
0
0
238
1316
0
6
0
1
36
0
0
6
187
435
11
9
238
0
2235
0
0
872
135
3
250
1
190
999
0
4
0
178
1
176
0
0
20
9
3
0
0
0
2
675
792
0
1
511
1
0
6
0
69
2353
0
1154
0
4
0
3
2
0
12
31
14
4
6
0
86
138
63
5004
199
97
4638
0
53
44
199
7
0
133
3
493
9
1
0
201
12
2747
34
23
0
6
13
6
18
0
0
0
9
0
150
14
0
30
4855
11
10
3
0
14
3406
3
40
4
0
4
0
0
204
0
1
48
0
1
0
5011
5
0
0
795
0
39
589
619
19
91
5917
3
276
0
217
1299
2
5
680
0
0
1812
12
1
0
1
145
633
3
1
0
0
785
0
12
1
0
1
1
0
0
0
0
96
0
0
4
0
373
0
4
356
0
0
0
25
0
0
3
0
487
1078
38
5
8
663
283
103
0
11
1073
378
8
1762
0
0
13535
1
1
4
45
0
14
9
3
295
1034
0
4
208
0
0
0
42
29
0
0
123
0
0
0
19
1
3173
0
477
67
955
175
1333
15
1339
2
6
5
3
19
842
0
4
39
0
0
54
0
5177
1094
487
0
2756
540
1297
113
1524
6
820
7
13
10
8
23
1917
0
0
101
2
0
0
5
0
34
13
0
727
0
977
6
325
0
96
74
4
0
0
0
95
1
38
0
0
82
1
0
9
1
0
0
2
544
77
2
0
2
24
5
23
1
887
8
0
1287
0
0
1390
5
0
385
1
438
2
2288
332
1
0
36
0
26
2
8
40
0
1
248
33
0
0
1062
8
4
909
0
78
99
0
0
0
57
31
0
0
0
4
2181
0
7
110
1192
35
535
3
1000
296
178
2494
23
0
70
35
0
2
1097
1
12
7
0
37
1007
516
175
2
591
2
2110
8
1066
35
37
407
0
722
1068
420
121
806
58
22
12
0
857
153
0
0
0
0
0
153
0
3
6
4
2
20
0
2298
3
1166
866
3
2
384
0
3
4081
4
4
12
3
5
19
0
218
0
150
15
233
3457
68
205
55
0
9
162
10
1572
2
136
250
113
32
1
527
5
1
2
1493
0
139
3
14
0
488
0
1
1699
0
1785
17
3
13
0
0
56
13
15
4
0
0
0
448
1616
0
0
0
0
0
2
0
5
49
0
362
22
553
3858
0
15627
4
5
0
0
0
24
1
0
1
1358
65
1
1
1
320
1
227
1
0
4
625
3
1021
1
1
0
0
0
8
3
6
0
0
9
1689
6
2
100
0
0
1565
1199
1671
0
516
2
794
0
3004
3685
0
187
17
784
60
0
0
0
4
0
2
1
1
3
2
118
4
90
0
18
0
0
8
2
573
0
925
0
4
3
65
0
0
0
1
0
1
519
708
1
0
0
0
326
12
4
422
1424
728
168
0
0
4
2
6
0
4
0
3
0
4
1
0
3
12
54
1
667
3
0
10
461
28
0
30
4147
3
0
116
701
0
0
0
0
1
0
0
0
0
0
0
0
0
0
1364
13
2
0
26
2
0
0
96
0
978
34
2397
0
0
2
5
36
6
0
0
0
0
0
0
0
0
0
0
4654
0
2
378
0
0
37
0
615
0
0
156
77
0
695
222
352
1
11
2
615
66
164
10
0
0
0
0
0
104
138
1
3
0
0
137
8
21
26
87
29
11
9
69
16
244
0
0
215
0
11
7
122
542
0
2
261
18
2
1
8
22
169
87
4
415
0
52
1
6
49
1
154
149
103
56
141
529
185
2
0
261
247
477
1
4
83
0
147
0
121
2
0
2
585
312
0
42
0
398
15
21
14
2
2
45
2
49
69
566
0
37
15
262
0
0
26
0
0
0
50
104
0
479
1
568
85
377
4
1726
1322
0
58
151
0
8
39
711
30
0
136
183
111
21
77
3
24
1347
0
0
2
0
209
79
207
17
1
2
152
40
61
3
109
6
165
1022
0
76
31
6
2
299
24
2
1291
48
0
17
162
218
95
186
1
65
1
2
2
18
351
0
2242
32
3
25
1
57
16
15
1
178
191
227
999
506
801
100
105
19
164
13
81
46
479
4
74
33
0
970
0
276
0
102
0
3
26
105
11
29
2
0
31
87
251
0
597
12
0
4
0
0
246
0
644
149
97
2134
504
0
0
0
80
1291
1211
542
57
1
257
97
1
3
172
60
262
466
53
0
106
27
1
26
3
20
2
513
32
1497
23
5
26606
153
0
65
28
47
26
0
154
113
3
133
5
83
0
0
0
0
0
51
3
112
50
165
9
229
275
3
0
0
0
0
0
0
64
3553
135
103
20
7
71
13
11
0
0
49
0
257
345
171
17
6
5
2
201
0
0
0
1
4
0
4
0
234
1
0
5
0
174
12
0
0
2
0
242
794
0
18
36
11
376
139
22
8
5
193
69
90
290
122
218
3
1462
57
41
472
0
61
4
4
0
1
84
0
6
3
2
1
0
0
207
2
0
2
3
41
2
27
0
253
6
3
29
0
225
92
366
0
0
278
7
188
75
0
89
48
164
0
0
63
0
5
5
8
0
180
655
0
26
64
0
158
0
0
3
2
2
2
0
133
0
6
343
349
65
210
0
219
49
0
206
443
0
1093
162
7915
9
80
337
45
70
1417
15
1366
30
173
699
30
0
6
14
132
2
79
14
4
4
11
65
6
139
9
8
3
373
252
17
267
4
95
384
164
0
39
532
0
112
658
43
82
1
4
4
0
85
39
30
1
0
258
977
28
19
37
2
209
12
40
9
0
518
13
32
0
219
344
14
175
0
53
14
81
33
0
31
0
309
3
298
67
39
630
0
0
21
7
5
0
0
2
11
7
0
5
207
68
68
1
99
6
251
10
11
524
2
0
0
191
155
0
5
14
11
3
1804
317
36
3
8
155
0
0
10
86
531
10
120
548
0
0
0
51
0
4
1
10
198
1
32
75
402
57
0
32
36
583
30
267
158
0
658
44
309
163
21
16
112
69
2
0
2
0
0
8
1
0
0
5
60
4
19
1
5
3024
2
733
1197
28
91
6
14
0
0
142
2575
0
1
0
0
0
7
0
103
179
0
0
2439
0
191
27
386
7
30
1
349
25
13
0
1035
3
0
52
22
6
0
2
0
1
0
0
11
11
33
30
132
49
376
0
56
0
158
8
1974
8
21
3
0
31
5
19
8
47
5
0
4
54
17
66
20
10
56
0
2
1
8
142
11
0
0
2
0
0
139
195
168
0
15
148
34
0
80
51
41
642
7
115
57
11
30
17
107
94
553
31
0
3
3
4
12
10
12
0
9
471
0
63
612
18
3
128
17
3
1416
1
97
13
48
0
1
167
56
142
1
66
805
1
391
0
0
0
191
9
82
7
1
325
36
343
49
113
0
3
35
0
9
45
437
319
1059
2668
0
18
62
0
70
0
554
3
16
123
90
185
457
9
106
39
179
0
73
135
25
97
37
31
109
36
0
2
0
102
27
1
305
181
373
497
90
82
82
2
235
154
41
2
200
6
525
157
2
0
49
5
0
0
2
70
3
0
0
0
6
38
3
2
0
10
0
0
0
0
32
1
119
0
3291
0
77
193
7
4
10
19
917
2
0
16
321
0
198
7
18
0
2
0
0
4
4
1
0
0
1
3
0
0
1
0
0
103
1
0
0
0
1
4
30
14
353
15
1702
0
1
641
3
0
0
0
15
0
261
57
1
0
0
0
0
9
0
2
0
0
416
9
1202
56
643
9
0
5
241
0
59
4916
9
281
6
4580
374
40
16
2
0
0
0
0
0
0
8
223
1896
0
34
45
0
2460
1188
25
1148
5
22
1
819
54
3
913
651
0
26
10
28
0
10
16
0
0
0
0
2
63
10
287
0
3
4
121
9
0
591
45
26
22
30
0
586
6
132
1
4
13
0
0
0
7
3
12
1
3
18
0
13
4
20
2
8
0
3
0
32
57
1
192
5
3
12
102
0
0
42
2
0
2
12
2
3
141
8
9
3
15
0
2
51
2
13
12
10
0
0
18
5
68
10
26
61
2
32
73
266
7
8
175
260
33
28
332
0
0
48
268
0
41
6
159
185
8
138
0
9
132
98
0
0
58
172
196
10
48
273
3
23
5
0
9
173
3
29
337
0
14
136
28
4
0
31
0
1
85
73
163
0
3
3
6
142
0
9949
1
12
680
14
73
213
70
19
335
0
129
1
0
16
28
3
67
0
0
123
4
452
4871
37
73
0
0
0
2200
61
23
14
1334
11
3
230
58
10
124
5
5
0
58
19
0
7
702
28
0
0
0
0
0
6
113
0
533
61
48
125
89
164
537
28
7
2
0
0
0
0
0
2
0
0
0
0
86
56
4639
154
98
1294
137
0
80
2
6
207
56
455
7
18
17
0
17
0
863
80
57
280
64
266
389
68
438
2
4
0
3
19
4
587
13
0
0
47
2
5
225
371
0
566
353
81
26
24
24
31
1
4
1
44
48
77
2
0
2
119
5
21
72
291
20
14
0
0
1
1
550
3
416
37
34
6
0
49
7
312
0
69
11
15
17
1
102
11
8
2
148
1
503
93
9
619
1
0
172
0
0
0
1
21
23
0
0
0
0
120
0
0
1
3
0
200
398
27
102
2
12
0
11
2
0
38
27
11
508
0
103
52
1
8
77
2
0
17
65
3
157
0
5
0
0
15
2
0
143
1
18
52
61
61
528
11
0
3
0
10
163
518
0
115
764
147
286
7
232
1807
0
30
1950
23
66
1
10
0
0
0
23
310
794
1100
6
147
3
582
7
0
7
109
0
0
0
6
5
7
104
427
8
515
2
25
13
536
756
0
269
140
37
66
395
8
0
109
132
5
29
13
858
0
170
0
85
0
31
39
7
6
8
19
0
0
3
2
0
0
1160
121
447
10
0
0
0
1
123
0
0
100
27
3
0
6
7
779
261
0
69
59
0
217
1191
119
8
291
592
43
222
0
161
23
225
71
30
6
66
475
16
23
0
6
50
34
234
18
28
5
5
3
49
4
2
1
197
7
223
24
0
91
609
4
1
3
4
7
20
167
4
123
32
23
76
2
6
52
86
0
166
753
0
312
10
62
3
21
9
169
8
57
1
0
1
146
58
29
6
818
282
42
54
167
0
561
404
68
0
0
0
10
0
0
0
0
0
0
0
0
0
0
410
30
0
45
3
734
146
30
15
78
4
3
3
4
0
0
3
110
58
12
2
834
466
342
119
214
42
300
1
16
125
124
23
35
0
0
9
10
377
10
1
185
25
148
7
13
126
1
135
13
1
24
35
0
501
32
5
0
96
6656
4
19
219
1
6
63
0
2
17
16
36
5
0
46
7
14
2
4
12
2
0
25
6
3
48
4
48
11
47
1
1
12
0
6
0
8
1
0
0
0
3
0
10
8
0
2
5
5
20
12
2
1
1
0
1
0
3
14
2
109
6
0
4
0
0
0
2
17
0
0
3
100
5
0
0
122
0
0
0
0
1
98
4
9
1
41
225
0
6
99
24
32
139
36
38
359
0
58
43
0
64
1
435
28
320
27
384
25
8
47
178
8
26
0
351
269
3
421
787
198
101
14
2
118
4
0
0
2
0
0
2
594
9
98
40
0
9
2
0
0
0
0
106
77
212
361
132
577
2
0
0
0
10
40
1
35
12
17
9
4
5
6
7
9
97
52
86
2
89
29
1165
385
7
0
316
2
0
2
4
6
0
0
18
8
48
0
0
135
232
0
730
4
1
1
0
2
17
0
5
1
1
1
20
2
0
3
0
29
7
23
165
154
370
36
491
2
0
0
3
0
64
2720
9
2
465
79
32
20
311
0
14
0
0
1
0
0
0
47
656
10
1
8
0
0
17
0
21
5
1
0
10
4
134
0
6
0
0
5
164
27
215
0
24
0
0
7
3
1
2
12
9
728
161
1
2
0
935
27
9
0
9
0
2
24
9
6
29
0
0
7
25
16
21
9
2
12
0
16
1
9
0
0
1
1
1
141
7
90
0
145
86
0
8
0
19
0
0
2
2
0
92
1
12
64
0
0
0
4
0
5
7
66
3
2
4
13
23
7
30
0
0
323
11
17
0
792
244
32
1
343
16
62
2
11
13
188
70
1
38
84
86
464
7
8
94
0
0
2
33
3
10
37
24
0
12
19
215
0
0
58
2
0
2
0
11
5
21
0
46
0
42
64
94
20
66
458
2
73
0
618
103
6
0
0
9
1
0
0
0
0
0
110
4
0
0
0
0
0
67
2
0
52
1543
1
0
0
323
9
1
0
3
309
93
3
0
1
1
0
0
0
19
11
0
905
1500
0
0
113
0
1
120
100
4
166
13
0
3
0
44
1
0
0
0
5
0
0
0
1
0
1
1
0
22
44
77
0
973
18
0
0
72
0
11
190
0
75
15
0
62
342
1595
3103
0
0
0
2343
230
247
324
1446
34
0
800
1
2
0
405
0
36
0
0
0
33
0
14
0
0
69
633
8520
212
7
1
1306
3
0
0
36
0
266
4
0
0
1
6
128
5573
4
0
31
106
177
8
0
588
0
1
126
0
0
38
161
160
3
1
91
9
4548
3
570
0
3
0
1
0
2
4
6
7
0
11
0
0
0
1
0
601
0
4
1
4
1072
450
0
175
0
0
0
0
11
1037
1
2
1
0
21
179
0
194
1
2
151
1
122
205
4084
0
2
0
273
0
0
0
903
0
0
2695
1
82
0
0
0
1
298
0
3
0
6
0
0
0
0
1288
4
55
4754
844
38
5
0
154
516
270
12
4
0
3
0
2787
3
4689
5
92
526
0
182
51
42
0
2
875
25
1057
5
988
88
4203
4
1219
609
14
758
6
5
6
16
0
11
0
118
11
13
48
23
89
0
0
0
61
5
337
38
4
4
0
0
12
47
71
2
3
7
1
139
973
2
78
90
14
14
339
378
146
187
6
8
6
434
2
85
92
263
0
296
805
5003
0
31
1088
0
0
6271
31
459
1172
194
0
454
1234
101
1
0
552
1779
0
1
14
326
90
0
2174
3650
1202
0
6
11
5619
2
1
2
0
5
168
0
559
0
636
12
666
0
8797
0
584
70361
0
1033
306
19
28
136
0
61
3
0
0
29
0
0
3917
0
1548
68
1706
1076
51
1028
5
395
489
267
591
0
1
79
92
0
1
679
52
25
579
11
0
0
1636
59
0
825
0
556
1
241
19
345
0
17
11
0
3737
100
2893
1879
40
620
153
4598
1
3
0
4
0
76
16
3323
414
82
1369
0
257
31
10
0
2
358
0
43
2164
597
0
426
100
194
1405
0
2201
663
436
3999
0
0
0
1
0
0
0
1487
3356
0
0
1
1967
0
1
0
34
0
493
62
259
73
585
0
0
23
0
8
488
2011
0
2
27
29
0
113
548
9
2738
391
5
0
137
2665
34
70
681
0
1033
13
48
0
12
0
1073
115
76
4
955
1
114
0
0
18
0
87
134
6
190
0
1767
3299
0
0
1
2966
31
1
36
1015
0
1751
276
2
247
484
148
415
206
1621
0
364
124
661
6
2
5
96
769
990
0
0
135
6
84
0
1
0
2
650
0
275
4
575
318
1056
471
62
1
6689
98
1453
31
309
15
2321
55
197
1
4
116
4365
37
0
0
1899
166
644
3112
2
2051
43
1
0
0
533
94
0
0
958
1
403
0
3
0
51
62
275
3312
1285
1838
5
14
3
0
0
0
2
1270
3
252
3
3
0
0
29
45
0
68
0
8
5
224
26
243
159
2
0
0
45
1
74
6
234
0
946
2
0
0
0
0
772
1717
295
2303
3518
3
487
122
1098
0
0
5
1
245
118
51
156
93
1
1
517
13
0
1
1
0
0
5
1
64
0
7
1
2
22
26
0
308
246
102
3386
0
381
5
19021
4
1
0
570
66
2
32
16
52
27
0
1910
0
78
0
111
6
647
1430
630
75
4
1430
0
22
0
333
0
75
184
5
165
0
11
0
9
142
9
5
3
88
0
45
105
7
0
0
15
0
104
178
9
51
5
9
15
0
848
5
1
2
53
138
84
51
0
34
296
399
0
0
0
449
0
0
0
0
1
0
1
42
259
606
983
0
1
0
3
7
0
3
0
0
0
1131
269
308
202
2924
0
376
449
399
444
0
26
155
184
53
48
27
19
2
442
46
2
42
67
26
199
2
0
329
451
1019
0
87
219
1177
17
520
62
27
665
39
36
60
38
0
0
2
436
0
1
32
353
10
702
8
0
0
7
1170
0
365
0
0
0
0
0
0
1
0
0
0
0
0
0
0
0
0
0
0
0
0
0
0
0
0
0
0
0
0
0
0
0
0
0
0
0
0
0
0
0
0
0
0
0
0
0
0
0
0
0
0
0
0
0
0
0
0
0
0
0
0
0
0
0
0
0
0
0
0
0
0
0
0
0
0
0
0
0
0
0
0
0
0
0
0
0
0
102
31
0
0
14
0
388
56
24
80
20
64
235
1
0
0
0
1
70
2367
5
0
13
6
1
595
144
128
580
28
0
59
5
3
201
887
18
241
409
1
70
328
7
12
16
0
0
0
28
1585
10
3
0
0
0
0
0
0
0
0
4145
104
1284
119
94
200
73
6408
62
7
113
1643
136
152
2099
10
311
606
5
836
2
1
150
7
5
39
99
1703
1729
0
5900
0
3
143
13
0
24
0
2
7
3889
2
2
333
14897
4
450
1825
7
15
2
1377
0
93
530
3
16
3
383
164
1
295
120
209
7
1
0
4
0
0
4
0
0
0
2
1
0
0
0
0
0
0
0
7
308
3
0
0
0
240
1
0
273
1866
41
2077
17
1
3
157
1
44
2
0
5
0
4
3
1
3
3
0
12
4
0
59
85
215
8
2755
74
2963
0
1571
683
24
0
1605
1421
0
1
8
0
60
5
1693
61
85
25
84
0
0
3
1
49
0
78
971
0
630
4
0
2
0
120
0
0
0
1375
904
1186
64
470
816
65
137
132
20
8
12
1559
0
19
0
18
0
0
0
2
0
0
9
765
1
287
0
0
0
365
0
0
0
0
79
2
114
1512
0
31
0
1405
44
0
0
1155
27
0
20
24
437
26
1182
13
0
313
41
0
0
10
0
0
54
0
136
66
383
30
3
258
6
2570
1779
76
0
276
4
9
0
0
1
258
0
2
1
1480
3290
95
147
235
126
1
0
0
0
2
337
1
0
4
238
3
0
0
284
18
627
3258
8
3
1794
73
5957
0
121
14
2727
0
51
145
0
1530
724
382
0
0
1
15
10
0
0
0
1
417
141
1
3
34
897
1
5
0
0
0
0
0
0
2
0
6
1
0
111
0
1934
767
0
0
5
0
0
209
0
4
0
5
1
10
0
1
325
0
0
1891
9
12
8965
6
11
0
7663
132
257
23
901
30
1880
1095
1192
3128
27
0
171
966
17
0
37
203
825
0
2344
1
455
0
27
1
43
0
0
2
1762
218
3936
0
0
5
11
13
29
0
0
9
1032
2056
5
0
0
143
0
0
0
1
0
1
0
0
1113
0
544
6625
2752
2748
173
399
279
194
1721
41
11
3
156
0
0
0
1
5
139
4
40
149
7
1002
201
232
3
117
4
1006
1531
2233
383
3
1
0
985
0
0
1
1998
0
2780
5
306
2426
1
568
46
812
206
19
673
103
0
0
8
77
4005
19
0
47
2632
429
7616
6
0
128
1840
14
50
1
2188
399
26
2046
42
3288
33
32
465
0
0
178
476
0
0
11
0
66
233
167
74
0
470
65
55
1896
75
100
68
20
554
511
93
128
0
840
320
7
441
337
85
0
400
44
0
9440
12657
2595
210
3
39
341
0
28
1
2
0
634
1856
127
7
551
206
123
2759
95
2
9
0
0
13
1
6
7
0
614
3700
613
201
4426
741
709
313
151
0
0
0
116
5187
1
6
139
280
7
395
851
54
72
0
76
1563
0
0
0
1543
0
0
1135
211
264
0
148
987
0
1
476
775
0
106
12
0
0
457
0
0
0
0
3
10
1
2
83
0
1
85
0
0
6
670
0
0
0
4
36
12
1
19
38
1724
2570
1
0
2
1036
0
1
0
2
3
2
180
898
49
173
22
6
167
995
419
0
0
0
0
0
0
0
314
2248
0
329
501
13
18
1839
0
3
1665
2
462
44
3
0
1
0
755
57
924
721
24
1645
3
6
273
0
7
3
3238
24
350
114
334
0
938
1087
46
59
0
1379
861
2201
73
2863
0
377
688
1
565
213
102
1125
31
27
0
328
339
210
0
2235
304
1892
0
57
48
191
1
1
2555
903
0
1243
20
1086
256
0
35
210
46
0
0
1
0
4
1
1
2
7
0
0
227
428
1003
6
363
1
1
71
354
7
1337
4199
2
0
1699
408
813
27
3
1
157
165
0
5
1516
0
20
39
63
1684
0
65
3
165
62
133
357
4310
129
90
154
0
21
290
546
218
90
1372
439
895
39
0
1983
83
339
1205
186
716
343
60
34
11
615
22
0
0
38
0
0
386
1046
0
0
2806
1159
199
233
436
3688
936
441
0
1288
61
7
28
0
0
0
0
11454
412
1
20
1296
4
896
10
166
5
114
363
1
0
3
5
2
298
0
1
204
1374
20
67
0
3
0
983
1
2136
89
1
480
0
3
736
0
0
0
0
1
227
0
1024
293
281
23
306
1315
0
601
6
0
40
227
1146
280
0
0
326
0
0
0
1
523
537
6
376
65
50
11
0
324
889
0
0
0
0
9
0
15
0
0
1
276
352
7
1876
0
17
0
1
3
574
4
326
4
1
111
192
67
0
0
0
0
0
0
0
0
65
1394
845
1
19
1
1
1585
1
50
165
391
9
2
40
156
0
1910
587
380
42
0
77
5
39
50
124
909
0
2
5
2
11
13
0
0
1
2
17
81
44
0
1
7
2
20
16
21
2
0
24
131
9
11
12
7
5
3
0
0
304
8
141
4
47
9
0
33
2
6
9
0
39
0
5
47
0
3
0
2
0
19
0
13
0
394
0
0
7
0
0
968
0
708
7
1821
0
17
0
0
0
515
1081
41
0
70
7
4
3577
8
1995
36
0
1
281
23
2436
99
122
147
550
98
0
3104
0
0
5
0
0
0
0
71
0
0
0
9
3
14
11
0
5989
99
3899
294
41
22
668
487
923
4152
79
1
3452
147
8
30
1
1
89
22
87
2145
23
744
10
1
816
5
1
0
775
216
140
0
2455
37
0
0
0
0
64
0
0
6
8
0
381
10
107
3949
32
117
1656
0
856
533
9
0
2810
1027
81
0
0
0
0
19
0
0
0
0
12
15
6
0
1
0
0
1
1
0
1
730
0
0
17324
6
0
17
10
91
0
0
211
1
4
90
127
0
0
558
0
36
1675
0
492
6
2
4114
58
505
5
248
2
6
1
2
1026
1
1435
4
26
704
55
0
3
1
0
216
0
2723
7
0
0
0
3
1547
0
0
31
0
5
14
1204
2
14
0
44
331
0
0
0
28
0
2
12
2
1638
0
111
576
77
196
580
1953
2107
1
3292
131
45
25
0
280
473
31
595
0
192
1
16
4
0
1
1
0
13
0
1
31
0
6
0
0
0
0
0
0
0
0
82
0
400
0
39
20
201
251
714
0
0
2
0
43
51
1
50
1240
1
16
4
8
5
408
481
232
0
5
158
48
4
16
1
279
5
22
19
360
11
1
314
2
6
6
125
48
12
33
104
34
1
65
1
0
0
0
59
113
2162
6
7
1
0
68
326
0
17
81
169
0
0
1661
3587
0
13
24
18
7
2
0
53
2
9
264
1
643
2
674
0
139
4
31
0
1
42
1
1
0
80
638
0
0
0
4
304
24
642
1
0
87
1
3
1
1
2
1765
1294
14
51
116
4
0
586
1
0
273
1
0
168
6
4
0
0
0
0
353
2
4650
3322
0
2
175
0
0
40
773
2
0
54
48
0
913
277
1760
0
2
3
0
0
0
0
0
3
536
5
0
0
14
0
0
693
41
0
0
0
2047
645
705
20
2612
7
6
0
0
3977
2
0
156
0
1
263
15
1151
2864
12
0
286
590
381
2
15
205
426
0
1
0
96
114
3
498
6
19
63
13
0
0
0
3
3200
0
5
0
407
0
5478
233
198
171
0
0
1
0
5685
0
0
0
1033
0
32
0
1277
0
0
0
2
0
1
3
6
0
0
0
0
2
1
2
1
0
2
2
5
0
0
0
0
0
2
0
4
0
8
2
10
177
0
0
0
1
0
0
0
0
78
0
0
0
0
1
0
0
4
0
3
1
157
0
0
0
1
175
389
0
2
0
279
0
11
1291
0
0
1389
56
371
10
231
220
0
3
352
1
2
0
0
4
34
0
0
0
1
0
0
3
5
0
1000
14
0
29
2
3019
235
0
75
2
0
7
12
10
5
17
0
502
1064
107
189
954
0
1512
592
7
1
1
7
0
0
279
2
18
235
61
0
41
0
0
0
0
5
2
0
0
0
4
380
95
3970
0
74
2
0
0
28
41
1
104
19
895
16
2048
4
464
59
58
3774
0
315
685
710
2127
47
507
2830
96
15
2332
293
136
0
917
146
19
204
1
0
1204
0
7
192
92
0
340
34
176
4
2
118
40
3485
2588
0
30
0
0
7
0
678
1
0
138
640
165
154
3
20
9
142
216
54
358
827
1489
537
0
125
736
0
159
606
2104
6
0
0
2
680
25
207
977
0
178
50
0
0
0
3
5
58
6
37
0
1713
1
3
0
111
793
113
0
0
560
0
12
0
1
0
0
0
4716
80
506
2009
132
2
2093
1
0
1809
0
0
3
329
172
97
0
253
0
183
47
0
0
539
113
316
11
23
30
34
246
3211
1006
0
4
40
448
478
58
9
0
13
4
0
3
238
104
36
0
1392
0
0
0
0
0
0
4
2
2
255
0
133
56
0
55
27
6
0
0
0
0
0
3
1
0
8
45
1
0
20
191
3
24
36
168
83
0
2
21
23
0
28
88
202
0
1
0
848
38
0
12
373
23
165
93
0
127
7
0
122
125
0
4118
0
1
8
2191
546
10
0
0
1
0
0
0
0
0
0
0
626
5
3515
3
447
1496
345
669
333
146
68
2059
1361
89
660
0
0
37
1
1
1
0
4
16
0
2
5
14
1390
1
220
2
871
123
1719
40
577
0
0
4
1403
1467
4
14
590
55
0
0
2
0
3874
15
4
327
1
174
13
232
4
0
3057
1
90
54
269
307
0
0
0
0
1
7
28
58
74
513
28
95
3
4
10
0
0
0
34
0
2
0
206
0
3
80
2
89
0
71
268
0
0
0
0
0
0
1119
660
2
2
0
35
392
4
0
0
24
0
1099
35
0
109
227
4
200
91
297
230
0
0
0
279
1
103
59
0
102
0
0
475
0
0
0
0
110
0
1
0
1
801
0
161
419
408
164
0
1133
70
2
49
0
0
248
372
13
2
153
0
0
6
0
0
3
0
2
1
351
0
2
15
0
24
1
0
85
2
90
11
136
1920
0
170
6
0
14
0
0
5
0
0
2
224
0
1
10
0
129
2
0
0
5
0
0
0
0
18
252
1
0
3
14
526
14
5
3
0
0
27
5
0
0
0
3
15
376
4
9
0
0
436
2592
174
0
85
1
785
1
0
20
0
3
1
0
6
0
127
76
0
31
0
57
19
17
11
2
0
181
4
3
0
0
0
0
12
0
0
0
74
0
0
14
0
0
3
46
0
0
0
0
0
0
0
18
0
1
0
15616
0
0
19778
0
0
0
0
135
1
0
93
4
10
0
2
0
0
0
0
547
27
13
31
454
1
2
0
193
1
14
1314
1
16
0
65
0
4165
1018
14
0
5
8
0
0
2182
243
0
17
74
9
10
378
4
321
11
2
0
0
0
2
0
0
0
2
496
0
0
1
1
2
0
28
0
8
2
1
12
1
0
1
0
2
0
37
8
0
5
1
0
1
10
5
0
24
0
116
59
178
226
3041
13
9
0
0
20
0
246
110
3
71
45
85
0
6
4
0
198
838
0
29
669
35
0
1383
264
408
1
2662
6
0
184
0
3
0
0
0
0
0
0
0
0
0
0
0
0
0
0
0
0
0
0
0
0
0
0
0
0
0
0
0
0
0
0
0
0
0
0
0
0
0
541
0
3
139
0
1341
0
315
0
18
0
17
2
5
3
172
0
2234
2
3
5
961
55
1113
176
11
1
11
0
0
0
0
0
0
1
1
6
0
59
696
817
444
0
3
460
2111
63
297
76
3347
54
138
0
208
0
35
67
5
0
0
0
0
0
0
284
389
190
0
23
1781
0
0
0
324
1
165
77
2
144
2330
0
1051
60
7
7
118
0
0
9
1918
8
2
18
3240
5
1
28
504
0
0
4523
110
0
1
6
1
1
543
3
2618
0
162
0
0
28
5
0
70
3482
0
0
12
67
230
22
15
1212
4
1
18
33
470
1
1
1901
1
0
2068
331
402
12
5319
0
7
3
22
0
333
0
211
0
265
188
26
31
2870
1517
9
71
34
76
112
3267
1
0
1
12765
105
2
0
236
264
263
3
0
448
2
0
0
0
0
1
1
0
2
0
1
1
468
0
257
1471
6
32
2
2513
2985
0
22
2
1
0
17
0
0
3
0
1
504
16
3
1
0
138
2
0
0
0
3
0
128
2
1
0
0
0
7
0
0
0
0
0
0
0
0
0
0
0
0
309
2
91
1085
27
0
11
0
85
0
0
0
0
545
0
10
299
0
0
1
0
0
496
0
3
90
0
647
0
1
0
94
0
0
0
0
322
8
0
12
0
352
1
102
734
0
0
88
52
824
1088
9
471
0
0
0
0
0
0
2
0
0
0
0
0
15
0
0
0
0
0
0
0
0
0
29
0
0
373
0
4
211
36
106
15
136
21
4
812
630
895
0
2506
1
1
263
66
0
48
0
0
0
0
0
10
0
4
0
0
5
0
84
21
0
0
1928
3
0
34
0
0
0
41
138
277
2
18
1
223
0
0
48
0
0
0
3
0
0
98
102
0
234
273
35
728
47
0
294
49
10
64
32
0
0
0
4
7
0
0
0
7
8
65
0
515
2079
2
2494
10
182
1
271
100
21
0
38
7
25
10
0
3
1
2
0
133
1
0
0
0
608
0
0
1071
2
1
0
4
645
305
2338
110
3
146
0
0
0
0
19
0
0
0
0
0
0
0
0
0
0
0
0
0
0
0
0
0
0
1
1
0
0
0
0
0
0
1
1
0
0
0
0
0
0
0
0
0
14
2
1
0
0
0
0
0
0
1
0
0
0
0
0
1
0
1
0
0
0
0
0
0
0
0
0
0
0
0
0
0
0
0
0
0
0
0
0
0
0
0
40
0
0
0
0
0
0
0
0
0
0
0
0
0
0
20
12
7
638
4
5
2
0
31
2
4
9
26
20
21
2
0
204
4
594
4
0
7
11
0
26
14
0
24
16
0
100
0
1407
7
52
24
1
0
18
189
0
362
499
143
22
0
1
7
265
12
5765
0
0
0
0
23
30
1
19
0
0
518
0
0
0
2
614
0
27
0
2
0
0
0
56
0
20
220
15
47
0
229
1
0
5
3
1059
8
82
0
0
0
0
0
0
0
0
0
0
0
5
0
0
0
0
0
2
76
969
3486
75
95
77
351
965
1201
1
3
378
11
105
56
3
1135
14
38
745
16
0
0
2
95
149
467
5
0
9
61
35
525
2288
0
22
9
0
0
2
0
0
0
2
242
162
23
269
162
0
0
0
0
5
8
11
194
165
101
102
240
363
13
243
28
0
117
0
28
307
0
648
0
1996
217
1069
241
0
572
650
0
905
1295
1070
18
109
11
2
1
9881
0
0
0
1
0
44
105
0
0
26
0
0
14
4
0
3
715
10
503
615
0
1
1452
0
1
12315
1
0
0
223
0
0
0
1
1
216
8
539
0
634
0
0
62
64
0
15
7
257
0
0
2196
0
0
0
0
142
11
172
27
4199
15
17
81
7
366
0
9
1
106
0
0
5
11
22
0
4
131
8
3
23
0
20
11
45
0
31
79
5
0
92
560
0
145
295
172
12
9
60
0
24
12
139
453
0
67
0
40
997
277
15
0
227
20
0
0
110
19
9
1117
0
141
0
134
490
1
5
1431
2
3
40
4241
27
56
179
2
4
0
500
620
0
350
0
523
0
0
0
10
8
0
1
0
0
3
1
4
40
12
5
198
0
27
32
0
604
26
181
239
2
164
0
78
8
17
27
451
0
358
0
6589
15
0
15
61
2929
0
7
0
344
233
433
0
762
1677
14
6
138
21
13
165
426
111
0
434
131
2903
95
7
53
273
794
404
19
143
128
0
2512
0
3
18
2
0
241
17
3
43
106
32
18
26
1210
8
0
0
0
877
3
109
122
320
0
389
0
76
1267
3923
9
130
211
52
42
23
152
0
2
1
0
7
3
279
9
8
0
52
205
825
153
0
22
0
0
0
0
2
410
565
5
29
837
0
273
113
0
5
476
38
12
2
209
2
1728
0
2
28
2
1
0
16
1127
0
5
7890
4
0
1268
0
59
253
95
4
1563
770
0
10235
0
3
76
1
120
0
0
0
0
0
0
0
269
9
0
528
0
0
0
0
1
1182
0
1
0
586
53
0
42
0
47
8
1
0
39
3
80
0
23
733
0
6
338
19
3
1
260
38
0
0
3044
139
0
2
5
81
0
2
0
127
87
0
0
0
1
8
4
37
3
0
0
57
184
0
12
2
50
0
0
285
5
107
1
0
342
0
4786
8
2
6
626
378
0
853
5742
71
41
1
850
5
215
123
117
1030
77
0
360
0
19
54
1845
34
395
0
2
0
573
3
0
169
0
150
9
3
275
760
1
0
1
1
1
390
243
2585
71
436
11
68
308
54
91
4
12
75
0
11
311
10
232
101
54
6
56
0
439
0
163
10
131
135
330
4
52
0
166
46
916
35
0
0
7
9
4
248
2723
2782
5
0
525
138
2
2750
618
61
206
1134
5
26
0
345
1
644
522
5
100
18
3
0
15
157
13
40
1080
62
8
0
1689
37
0
0
375
68
0
1
181
126
1355
548
249
1720
99
640
540
84
21
217
356
156
3247
285
15
2140
749
0
0
0
0
0
5
2
2963
0
9406
0
3
100
710
14
1067
11
1046
40
0
15
870
3
0
1
2774
2
1892
134
34
772
0
2017
1
50
215
1539
804
30
0
46
0
682
5557
0
0
2
7
0
17
915
547
6
33
1777
347
252
3
0
0
2497
6
1299
1135
11
9
402
3521
315
135
334
954
2
8
0
785
0
87
2
8
185
815
3005
0
0
0
1777
126
0
1
19
0
16
7
10
1191
0
1
330
5220
0
0
0
9353
1312
1143
686
77
63
239
5
947
6
19
1532
10
136
193
16
5
0
20
501
96
136
101
4
0
0
7
0
97
253
0
5301
53
381
15
218
24
24
388
0
23
0
0
2468
9233
2303
2
0
2
501
26
258
50
2104
210
11
0
45
1
0
4
77
1
1
15
5
47
0
15
9
0
1
30
0
2174
0
5
3699
242
0
0
0
0
5
0
468
0
92
53
37
257
1
234
0
112
0
39
4
206
187
0
4
0
786
228
1
1686
0
774
9
1101
714
702
418
86
426
7
2
5
0
0
195
0
3
2
34
0
39
0
0
3
0
161
0
0
8
0
0
3
7
69
1455
288
3208
632
129
467
0
225
755
123
7
5747
457
3726
20
0
179
14
3
5
199
10
222
23
57
0
149
406
0
50
312
17
102
5
19
0
115
975
937
0
429
0
802
5
8
0
125
204
59
9
45
0
1595
199
58
77
22
1
2
25
0
41
1128
1405
14
7
0
0
461
0
28
0
21
89
175
0
7
1094
2
0
191
23
0
385
6
8
112
6317
692
0
57
102
0
7
186
3
0
569
32
19
3
0
68
2
17
210
0
0
5
10
0
8
1
115
1
7
35
0
0
115
0
753
26
0
1482
1161
69
2
0
0
1
0
0
0
37
51
0
21
28
16
9
10
36
1
90
207
0
0
4
0
1
592
70
767
25
243
1
0
325
200
9
112
3032
311
41
17
258
0
0
3
4
0
0
5
3
467
279
98
462
240
1156
4752
0
198
250
0
60
96
397
3
17
1
0
0
1
0
93
0
3
176
0
668
720
1077
5
2
0
19
34
663
17
87
4
606
11
1412
144
1
3558
3653
4
0
12
606
0
1
0
489
45
0
0
14
178
33
2
9
447
77
284
4
0
1
10650
10870
19
0
1010
68
127
134
4
9
149
0
221
17
0
293
0
73
188
0
2
1
892
0
1
3
0
1318
38
2438
2
15782
37
1106
1787
5
0
4355
558
443
96
307
49
1040
399
252
0
1638
0
0
815
62
56
14690
21
4
47
0
510
0
11
14
0
0
19
0
0
0
1698
8
457
128
906
0
2133
1
18
0
1040
150
1
10
240
933
0
0
0
1397
4
3
30
0
10
2312
0
3
52
183
0
1031
1
4
0
0
89
34
213
1
15
0
271
1234
168
4
193
250
269
118
8
812
8
0
505
0
70
7
707
8
85
1
0
5
0
0
0
13
0
0
0
0
0
0
300
114
2
0
10
304
485
27
0
0
0
0
206
0
889
727
1638
131
340
33
65
1614
1355
817
150
1533
10
451
343
0
242
116
52
1
401
2
0
27
0
2613
5334
143
29
60
0
0
3
2222
3
8
579
12
253
5828
19
151
537
339
65
6
19
1
177
0
0
5
19
9
118
0
1
130
1245
4439
2
0
175
0
863
88
2
6
799
5
0
456
31
119
90
28
237
103
42
2
0
25
0
129
221
138
3
0
198
1179
13
623
2235
7
782
819
0
511
454
0
51
472
184
26
17
0
37
16534
36
82
9
3
0
20
33
1827
10
2
1
2
341
0
0
114
222
0
0
2
6
604
63
636
8
509
255
0
271
22
0
5
13
27
136
48
0
1060
3704
63
99
119
0
445
134
1045
1110
53
0
461
240
1
1
203
2762
998
84
48
81
79
166
1
104
445
0
296
1471
335
125
216
1675
336
1060
0
11
354
1291
0
392
0
418
114
703
1
0
1067
0
3519
230
767
11
3845
347
1593
3066
1182
409
411
15
1
0
137
0
8
75
1
1
1
7
35
0
35
1283
4
6
1
116
0
61
433
44
0
1
22
0
1
0
74
15
32
9
2382
298
356
141
0
896
0
3
3
39
0
335
2975
0
6
348
85
102
0
0
29
0
6
0
715
523
297
0
84
15
81
304
0
1
93
2326
22
14
0
129
9
29
2
87
540
1366
29
104
585
0
16
495
0
2243
75
856
12
56
58
217
24
20
0
331
0
106
586
0
341
677
13
74
20
0
997
2
1853
3
0
104
22
596
1420
10
3056
0
670
232
9981
0
62
0
38
757
95
45
0
10
0
11
0
42
0
27
1617
70
38
9
535
61
2363
0
0
0
0
227
0
0
0
0
0
943
892
463
0
8
532
0
0
7
107
0
0
0
0
0
714
46
4
301
118
1424
2935
83
36
2088
6
4138
855
5198
2398
7521
5
435
8
0
0
0
1598
0
0
0
1700
1
0
162
1
0
42
15
814
1037
107
938
1
0
70
0
0
0
17
0
2
0
1
3
1
23
15
36
12
11
226
131
2
250
56
5
6
20
4
0
2665
1284
2
57
878
1567
37
2
22
0
3
1
3
1197
200
357
304
54
137
234
1
9
0
0
0
3
148
46
656
1
0
41
5
0
2
27
21
4
10
14656
0
58
0
0
4
0
16
1
1
3
1
1009
1473
0
1
1
0
7657
90
0
2
0
2270
4
1
0
9
11
635
251
2
0
0
140
3
619
1277
525
9
3
1
2668
13
28
1
28
0
23
0
2921
7
50
409
90
0
0
353
263
0
0
1031
0
3
0
37
1
3
0
36
9
681
11
1702
0
0
3318
6
327
5
1281
0
0
0
20
90
0
2
2
3885
1
0
101
40
0
0
6
1
29
284
909
26
0
1806
0
1
0
0
0
3238
3
0
4
2
136
0
14
0
0
163
437
2
2
917
1
1363
1950
0
788
3
645
1
0
209
21
0
28
9
796
4319
0
7630
4
1617
7120
0
252
60
891
140
150
4
1027
0
7978
29
0
0
0
15
0
4554
4
90
1
1146
0
0
18
0
0
5
11
0
73
35
23
755
239
92
0
609
215
4
0
132
0
0
128
117
236
9
0
0
0
0
3
595
23
75
0
2
721
37
1
31
0
1
2
0
1
0
0
0
6
3944
0
527
833
0
6
792
1159
182
2
1122
956
10
4
0
6
1382
4
1
7
4
24
0
0
99
105
27
24
12
14
0
9
0
0
237
667
33
68
228
1
3
13
0
11
97
0
0
0
0
0
1283
276
1
630
1846
730
988
897
4233
19
1126
115
2
253
1
2
0
95
79
103
72
6
2
0
0
4
0
238
36
5
2
2
0
903
4
1
0
11
1
3
0
7
0
41
353
0
0
1
0
0
3
0
20336
3
4
526
0
86
323
3
10
12
1
117
0
0
4
7
3
22
1001
13
0
0
183
4
0
0
1048
9
5
8
0
68
0
1796
23
0
28
3
0
1
2
15
4
0
0
1
4
1
0
1210
195
84
264
43
0
667
0
0
5
0
2
450
0
15
3430
340
8
4
2
8384
37
1417
3
378
3
0
1546
5
14
1227
369
6
1
4
1
20
0
519
3
512
0
1
79
8
1
0
120
4
2397
3435
50
19
0
583
400
29
7196
5
2
0
5
0
1627
0
20
593
351
0
1179
1
185
206
85
1
192
560
3
702
42
0
1813
623
0
0
20
0
0
344
482
8
688
0
0
1477
0
35
0
3800
77
121
8
128
54
1
65
424
1
1217
0
39
536
84
1722
413
0
0
4
38
220
0
3
146
118
234
2190
292
198
0
156
1
33
35
2850
30
22
1158
1908
262
195
2098
7
134
421
158
15
1816
19
764
1
14
142
2
1
0
0
0
4
139
55
53
5
15
1332
953
3
0
1
454
196
230
69
39
199
0
0
84
59
105
2
80
6
1
10
1
0
5737
2146
8
0
40
70
3
360
0
6
796
0
537
0
0
90
22
0
0
450
324
0
27
6
0
0
1
1
0
0
0
0
0
0
0
0
0
0
0
0
0
0
0
0
0
0
0
0
1
647
0
0
2
1320
31
58
0
0
109
0
158
7
0
0
3
2
2390
3
2
1
1516
110
0
0
20
1
0
271
100
693
499
73
0
251
0
1513
105
70
324
1
1
1976
629
2
1198
30
1576
14
2
231
2
209
52
66
43
180
107
4620
0
22
24
1
850
972
1514
0
1
3
0
0
168
1495
35
15
10
87
9
1810
27
1450
16
1
519
4
469
3
307
0
15
239
420
6
46
3802
9
114
2
11
2897
0
1215
1370
0
0
1
1
0
0
0
6
0
0
5
0
1976
6
7
0
0
8
0
0
11
2
1
0
2159
12
68
14
17
2
14
2843
1
1703
135
2053
0
0
0
48
0
0
0
2152
3
43
3
932
356
930
3
4
204
1152
65
55
85
199
225
1271
10
3573
2994
652
601
0
3
1
4212
0
486
3242
20
3
10
1092
0
0
17
0
0
3
243
0
0
1471
11
35
8
1
3552
0
0
9
10
2
0
0
75
12
348
80
0
0
9
1
459
7
8
81
193
8
431
0
36
24
0
430
976
1267
1067
725
918
3
0
7301
499
6
487
20
667
0
130
85
0
43
329
26
1
5
7
0
3841
2
156
769
1259
0
0
1864
0
0
17
0
0
0
0
170
0
1
2
5
125
44
0
1882
1112
0
3
9
0
1360
389
5413
251
0
127
0
234
653
19
6
35
197
452
0
111
1238
1438
6
0
1
0
0
50
2
2
0
5
0
0
2
7
0
1
1
2710
1
12
1
0
6
4
276
1
0
0
78
0
616
1600
30
1164
446
7
8
4
1
1
1958
28
517
96
1
0
362
23
32
0
1
2
0
0
942
120
187
0
0
0
0
0
0
0
0
0
0
0
3
0
4
1
0
9
20
0
0
1255
397
289
32
1704
5
0
9
59
1
51
5220
505
4
0
3
2
1578
0
6
0
0
3
0
0
2
0
10
382
0
1
12
0
219
1
90
1550
1
12
6
43
0
0
62
14
279
567
1
19
679
1453
0
4
347
580
6
0
18
0
1
588
663
11
21
4
9
9955
0
64
0
1524
358
105
34
39
1999
603
1554
227
4
0
3253
203
876
18
0
1
0
2
1
1673
4
37
14
281
23
2486
153
2182
0
1484
29
824
222
122
2
352
2484
9
38
439
320
674
35
70
25
294
78
45
1472
2
0
0
645
3060
11
973
1491
88
658
13
26
274
2
3683
274
1
63
1310
353
2
1642
1368
0
1
0
1
4
800
1003
229
18
307
169
22
0
13
0
674
0
244
7612
0
0
918
88
221
0
0
0
0
305
14578
4
1
0
0
0
3442
0
0
0
18
753
839
6303
15
2
110
1068
0
0
42
0
1458
14
30
3768
1391
5
0
769
27
291
0
217
376
11
55
0
135
16
1
3
67
861
27
0
58
94
1304
7
38
1
0
666
3661
2
627
16
572
2
0
1474
1078
1683
37
98
115
151
132
223
20
0
0
24
10
10
50
155
0
122
50
0
1713
3
1308
44
1948
823
292
0
807
4
57
2739
492
34
1
35
0
370
1195
284
46
0
313
39
222
557
197
1
1781
0
100
1685
390
274
0
8
23
4
0
81
5
1
180
590
2665
2
121
36
0
3
3
0
15
316
0
292
0
13
1900
0
2
155
617
3
0
1131
0
1838
0
7662
292
0
812
11
0
2
0
7
0
15
1
65
43
440
10
313
2203
2135
19
1984
15
458
0
1
987
0
1
0
3
411
2
377
8
0
88
6
395
0
0
0
119
9
150
0
112
5083
1
1
0
5
7
103
2
17
1601
52
0
2
503
0
20
21
146
304
4
0
15
35
323
3
93
0
33
415
1354
1993
124
646
0
0
0
0
230
3376
84
1
0
14
0
0
24
2
323
17
0
0
5
6
1
4
10
38
0
2
2
0
0
7
2
0
6
0
24
0
91
0
23
3
5
6
0
40
191
0
1
12
2
0
0
186
0
448
3260
0
169
1437
1370
31
283
0
0
1210
5628
2
402
35
6
22
231
1
734
2
0
833
149
3
7
0
0
1405
6898
1
281
138
238
8
1831
788
1
36
24
4
2
0
10
131
1252
2
211
508
1
899
3
0
0
178
2
35
1682
0
0
0
0
163
18
0
1227
0
12
0
1
0
24
0
0
230
218
2480
15665
103
4
2
0
8
146
3
0
526
9381
0
0
152
10559
0
67
50
9
7306
15
139
2
0
0
0
0
0
4
3
2
0
2516
1
60
6
31
2223
619
19
3034
117
1002
107
9
0
2
187
84
0
0
223
0
0
0
46
10
3
6
0
0
0
28
0
116
33
0
56
168
1
0
0
1
862
0
17
8
0
0
88
210
0
626
75
4
7
577
169
1535
38
2793
0
16
27
0
165
2
0
3
273
7
0
0
118
488
0
665
1
7
0
0
0
0
218
864
0
213
308
0
642
46
93
1
7
10
763
1063
3889
0
3
1113
0
4064
36
1130
677
42
7
0
0
16
34
3
2
0
0
0
0
4
427
83
4071
46
224
19
114
20
0
18
113
3
2
6
40
0
0
177
614
4
591
4
9
3
1
1
0
770
4
62
1
6
32
110
17
91
1
0
0
37
1
27
357
0
37
98
2
1
8
0
0
29
442
1
0
0
127
0
0
0
575
2
0
0
32
43
40
0
159
536
1
1442
27
23
157
719
68
9
266
331
55
299
16
3
0
0
0
3
54
99
1669
116
147
29
427
23
16
0
410
1377
2
2
0
28
461
191
176
37
23
34
0
4183
2
0
2
0
0
0
0
0
0
12
4
2
0
1
1
0
20
2
0
9
0
1
0
0
0
140
0
375
0
0
7
7
1
63
1066
5
1561
126
0
503
670
0
4
108
40
0
83
64
630
18
1
0
1
0
14
729
14
2998
17
26
683
2
2
228
15
12
0
1
823
0
0
0
0
0
185
0
0
0
0
0
0
0
0
0
11
1
0
0
0
0
0
0
0
50
0
0
0
0
0
0
0
1
0
0
2
2
14
4
1056
0
0
18
64
25
0
600
162
22
912
1
0
7
0
47
0
0
0
0
0
0
333
8
0
280
22
3
12
0
0
15
0
0
2
4
1801
1
0
72
2
27
3
0
0
0
0
214
0
152
0
0
201
0
2924
0
15
0
0
0
1
237
0
1373
2
0
1358
0
29
0
0
46
2
7071
462
0
375
2324
0
0
8
2986
1
5
0
0
18
1
71
1365
6
0
4262
224
0
26
0
2
0
18
2
0
0
0
0
0
0
0
0
0
0
0
0
0
0
0
16
154
3
0
880
2
566
1
1
0
95
261
0
1
332
0
11
7
0
0
22
11
0
6
0
2
0
2
18
0
1
0
4
1
0
25
21
718
141
554
0
0
0
191
2004
0
897
2488
312
0
18
72
0
3
0
1
80
178
0
161
0
26
3
1014
0
0
0
631
0
0
27
46
79
511
86
1127
424
82
765
1
1
4
4
297
31
236
0
24
195
4
18
0
4387
1399
339
5506
28
12
1
0
0
1
4
0
81
0
0
0
0
1
632
27
0
136
0
865
2945
1789
11
178
0
14
2
5
384
150
524
295
29
213
4
102
414
580
61
154
0
754
50
813
0
0
18
0
2
4
0
1708
53
1
367
219
253
20
5
11
315
104
841
0
164
29
1
0
65
5
56
0
7
113
0
693
0
2651
0
0
0
0
0
0
5
0
3
399
2192
0
59
703
0
52
0
12
1484
5
0
8763
17
0
49
0
1
0
0
0
27
2
2
0
0
74
772
1155
4414
683
69
9
2026
9
133
0
31
0
41
225
0
1099
16
1
40
565
0
20
2276
8
0
1
0
0
0
0
38
0
27
122
10
0
14812
24
1
12
220
1740
0
821
0
1332
46
57
13
9281
6
0
0
1445
99
498
0
0
523
195
0
536
993
0
0
256
9
177
458
239
356
0
65
212
0
8704
1694
1
0
0
0
1738
1
7
2
346
8
114
0
0
2516
0
1
0
1
13
0
5
0
610
9
32
36
227
262
1022
83
7
269
206
15
1170
156
7
32
0
0
8
51
0
1042
59
108
0
0
1933
579
1
323
448
33
71
6
7
4
1397
0
0
1457
422
0
0
3
0
0
0
0
2
0
175
143
75
1220
1
0
1
0
0
0
1
11
335
541
258
254
92
0
220
0
29
30
3
289
2480
0
792
0
0
222
204
1
146
0
5483
0
5
21
31
112
82
9
30
17
43
0
2
21
0
414
2
753
0
4816
30
710
3200
930
944
31
5
592
188
2444
91
18
2
88
40
49
2140
101
0
1085
46
201
1
21
112560
1
2453
2
966
0
446
18
93
15
2693
0
1567
0
259
408
0
0
0
0
0
0
0
0
168
1036
324
20
27
800
109
0
0
0
0
0
0
0
0
0
0
167
0
0
85
8
1512
2402
15
0
1
861
1618
3
12
45
5
0
0
1609
448
0
19
0
0
0
27
83
43
144
264
0
0
0
2
0
0
215
468
77
0
39
0
2
2
6
1
520
8
5753
0
0
2144
1024
1237
2
0
3
1152
47
0
11
50
42
1381
218
4
0
1
2277
784
1
0
0
0
86
4130
4
530
4
1
195
582
785
483
2
116
2
0
49
7
34
467
6
0
2283
178
63
2
51
221
0
395
0
31
10
0
0
0
2
3685
60
1553
0
177
0
4
95
0
297
0
0
16
1280
0
7579
0
2425
12
117
710
0
0
0
0
2760
0
888
336
1
0
26
260
1500
2
10
102
114
226
97
2443
12
0
14
14
0
4
1725
65
91
602
410
920
13
0
1536
0
44
8
0
0
0
645
0
285
0
439
611
96
0
26
4
0
0
6
405
936
64
7
0
0
6600
11
2604
387
85
1
0
0
21
1050
0
10
0
2
32
942
86
2101
880
989
0
2
1
744
2
10
0
550
8
16
0
11
0
0
62
0
48
32
9
477
1056
21
7
0
42
394
778
508
0
0
0
0
2
673
3
121
0
0
0
639
0
1635
93
203
140
5
23
257
3205
171
7
52
0
269
0
0
2
72
95
2073
8859
142
53
334
0
187
148
5
725
420
63
8499
8
27
59
0
0
1
1
0
0
0
0
1
7
285
41
450
243
2378
20
3
59
10
108
41
3
0
16
167
10
376
0
0
113
2
81
6
3286
0
907
875
0
7
129
1
0
0
0
313
714
0
203
335
76
51
0
270
969
30
24
14
138
58
327
567
1009
141
2030
68
372
1847
3
4
299
0
0
0
1
0
1259
0
0
2
0
0
4
7
206
0
0
2
0
0
70
0
440
0
11
130
1
0
1
0
363
174
0
0
136
35
55
1539
3
0
3
57
182
9
89
4
84
26
0
2336
7
2
690
863
5013
2
0
2230
21
33
2
17
489
27
162
6
0
24
227
46
1
0
10
3330
0
95
0
45
0
0
0
11
87
1
17
120
0
1477
662
91
6
12
119
81
342
177
1
19
1
0
64
45
421
53
1
129
111
139
1
25
0
0
0
0
0
0
0
0
0
0
0
0
0
0
1
0
0
0
0
10
0
0
0
5
0
0
0
0
20
0
0
0
0
0
1
0
0
0
0
0
0
0
0
4
0
339
0
0
5
0
0
0
0
0
0
0
0
0
0
0
0
0
0
0
0
0
0
0
0
0
0
0
1968
9
13
153
11
26
80
0
188
322
7
0
270
9
54
706
82
259
37
0
0
10359
38
1962
2
0
24
77
251
7
1080
9
6238
9
2744
25
28
809
102
17
14
0
2
2509
0
18
1815
8
81
948
0
11
469
191
4
3
0
0
7
0
1
17
0
162
0
1
850
4
2479
0
19
0
26
389
4
0
161
16
8
34
0
1
688
92
4683
203
947
9
142
4
361
65
69
87
463
12
2
137
303
416
14
859
649
7
5
0
65
813
233
133
15
39
1248
262
0
227
18
0
2
948
15
0
1
87
14
0
208
3
0
1183
10
133
1
579
23
1
0
230
199
1547
246
93
1
0
1355
132
411
146
140
0
1223
12
0
9
8
145
1
11
585
0
44
1
442
0
35
1053
6
0
8
15
47
21
1596
0
5
1
0
0
0
3
0
4
1597
1
0
13
1058
1
0
129
538
0
0
0
301
127
436
516
1028
282
186
7
1
197
13
28
2485
13
2
1
89
23
0
0
3
3
903
155
17
52
0
75
36
0
189
2
0
70
2
5
0
0
257
0
0
0
1
1
0
5
0
3336
703
0
355
11
608
55
2
2
61
1472
1
41
0
1
5
713
0
0
126
6
0
4
2
2
31
2085
0
0
395
16
0
1
2387
1190
0
1626
933
0
926
5
1
74
104
0
2104
4
16
38
586
755
1
135
0
6
2
2
0
0
0
19
0
15
13
2
1484
4
30
0
0
0
37
0
2
0
0
7
0
0
755
86
14
223
0
0
0
4
1
11
2821
86
25
14
80
37
2
922
1552
30
4725
303
1
1
37
0
0
0
7
5
1238
583
117
2697
9
36
58
148
26
8
0
5
248
19
41
37
168
4
35
17
310
0
19
19
46
79
12
0
0
3
76
1
0
0
3
6
399
5
280
1439
220
0
270
51
109
51
0
6
14
1
8
32
568
0
1
0
3
850
75
1346
0
28
10
601
507
25
145
1229
121
2
426
2503
2
36
479
39
286
0
863
1
95
0
0
252
34
131
11923
1704
51
0
1
0
7
1
11
4
7
4
297
1
1
173
9
0
1
0
248
120
1807
0
0
0
36
25
0
0
0
0
4
0
5
0
13
0
0
0
26084
12952
0
3
0
52
295
499
49
144
0
635
0
467
3
0
1845
0
237
17
15
0
2
214
5209
0
8
722
0
0
0
0
0
8
1261
25
7
294
2
16
0
51
0
0
0
0
2613
2
0
4
14
9
0
371
2375
4
45
23
9
205
49
28
0
12
0
0
0
3446
188
22
8
167
0
2379
421
239
11
128
3
1
3
0
392
1
2
0
11
0
1
6
0
1904
0
20
79
63
0
11
40
93
0
0
52
50
9
98
1
399
4089
124
2
58
0
1704
0
0
1
1630
58
0
1359
5
95
0
1589
0
266
0
182
1152
574
0
19
0
30
0
0
1
2
6
170
0
3416
0
699
0
284
106
0
6804
6
0
4
15
237
55
1226
0
3353
0
248
353
869
304
272
34
471
126
1487
155
648
10583
39
0
2
0
99
0
847
22
0
0
0
0
155
0
6
169
0
182
41
95
45
1505
165
0
600
0
1
117
0
19
853
1
1
8375
29
0
0
581
2
3
0
374
73
5
0
0
0
0
0
0
0
0
0
0
38
0
0
12
31
0
97
20
8
0
16
0
0
0
0
0
0
10
0
0
0
0
0
0
0
23
46
182
455
46
273
2
0
87
0
12
0
169
0
56
0
0
10
0
0
0
0
4
6
12
0
34
41
0
0
0
0
0
0
0
19
0
0
0
0
0
5
0
0
0
0
13
50
47
53
0
139
89
23
0
4
22
127
14
20
87
11
0
0
0
0
0
0
0
1
212
0
2
1
19
1
0
0
0
0
2
0
0
0
1
0
0
1
0
0
0
0
0
0
0
188
0
2
9
331
0
4
0
161
12
14
37
5
25
15
66
17
74
801
977
18
15
5
21
72
0
219
88
587
452
56
433
155
426
26
2
118
30
19
0
634
1
2
3
173
1
1
68
8
33
5
0
0
0
2
3
0
152
13
0
239
16
2199
0
111
1
156
292
0
0
215
0
17
0
14
3
0
6
21
0
1
1
4
1
10
183
244
14
0
3
49
35
2
1
3
2
5
0
1
0
0
0
0
9
53
3
0
0
18
23
88
17
3
0
0
37
1
563
160
158
282
1
1
10
9
69
49
10
81
1
0
0
0
0
327
186
0
0
4
1
10
3
12
14
26
36
4
18
306
27
21
68
94
293
16
6
0
5
4
0
13
2
42
1
146
36
4
2
91
616
0
1
12
255
2
3
33
76
26
48
0
22
412
432
108
40
21
11
465
0
42
4
39
152
31
116
27
0
73
2
1087
58
20
225
0
1
1
1
16
1
4
48
43
11
68
1520
8
154
494
665
2152
6
20
0
222
191
1068
8
134
391
2
0
35717
0
5
0
1
0
6
1112
35
4809
317
50
147
22
144
52
21
9
1152
2970
228
0
100
14
60
41
371
0
3
285
32
39
112
671
279
347
12
4
0
11
0
13446
9403
0
478
0
37
1
9
90
1634
4
0
160
880
45
77
0
0
0
1
26
0
20
280
0
13
94
0
0
0
0
8
1
27
0
251
4
383
7
1
0
16
0
0
0
319
0
1
35
16
3694
2
209
0
641
1
0
48
114
1383
3877
59
0
1951
40
0
2
144
167
1
173
496
5
110
216
0
71
444
87
0
118
86
229
33
24
10
2
3
124
137
3
189
0
242
48
0
281
130
1
262
30
20
93
5
140
0
10
0
0
19
0
0
62
194
4
0
14
513
0
8
0
10
50
139
0
639
0
1912
1161
0
0
6019
46
29
12
1320
5
89
191
4
7
63
0
0
1432
99
1
416
828
0
6744
3
7
0
1
29
239
152
32
30
14
8
1
0
46
0
5
0
0
0
0
0
0
2
5
0
1
1
193
1
0
0
102
6
347
569
7
77
46
303
3
2
112
254
406
3
1066
0
1092
4
0
4
0
7
10
1525
30
1412
0
15
1528
0
0
635
17
7
67
506
235
10642
7
7
60
1009
67
80
82
1709
0
0
0
0
164
0
1287
0
10
126
0
2987
1286
13
6
0
0
13
3
3375
1806
243
4
2
63
1
3348
102
0
3938
14
146
83
0
18
0
241
632
0
15
0
125
143
0
0
28
4
16
117
369
0
173
26
815
1
99
248
16
0
1006
233
195
30
784
8
1
3587
4545
4
3
0
0
0
77
0
0
474
3687
469
0
0
28
0
952
0
0
9
35
3585
0
160
0
1490
0
0
498
0
1987
1
602
2
2690
247
9
2425
1
51
1
0
1024
34
0
109
675
7
8
8
1
112
1782
88
1197
2
0
0
3469
13
426
11
0
3
12
1391
423
248
3
23
4
2453
0
102
8
105
17
38
364
30
292
1
36
1464
3
296
4
892
0
0
1154
1
0
0
0
0
787
0
3
0
38
11
804
934
56
1
29
35
1319
492
167
0
0
0
0
1270
29
22
4324
116
528
77
518
0
0
25
6
3
2
3754
0
1006
414
12
12
13
11
1
0
1909
1
10
104
1203
358
0
1986
1
185
433
2
3
11
352
97
2682
354
0
1240
3710
0
0
349
4
2
363
0
1276
3253
17
294
3
1335
0
562
666
0
75
53
473
97
4
1262
487
2
0
368
598
373
45
1
0
1916
394
38
288
355
2
45
7
0
3097
0
885
175
0
3193
0
0
62
16
1200
13
0
0
0
1
0
0
0
0
32
7
6
49
61
7
394
101
128
0
1
0
1267
1546
19
1
0
409
0
12
0
0
0
0
0
2
315
30
225
303
23
8
27
0
2
35
0
355
1051
769
762
1533
23
1880
67
579
318
2809
3754
36
219
590
1661
2
309
22
63
122
998
116
710
248
99
15
17
4
10
977
13
82
1206
96
8
69
296
627
5
1
0
19
2
1960
11349
50
0
3887
8
189
1541
17
189
3
170
148
0
23
2480
478
9
757
205
0
0
155
0
70
323
11
7
187
1304
0
0
0
0
0
0
282
0
17
0
129
567
1
39
9
0
625
0
2
6
144
16
1416
12
12
50
0
0
0
28
0
489
2
101
0
0
1784
4
348
0
0
1037
209
21
1697
0
3122
0
3193
11
288
0
48
0
13
1
1361
0
25
0
15
15371
263
1
1
184
1035
0
1
165
3865
9
21
120
57
1489
117
719
77
31
2
6
0
11
0
0
1
0
1
0
0
877
0
747
13
0
1786
5
22
189
48
2647
1
160
253
174
4200
9
27
236
1
0
714
0
90
7319
24
593
0
0
70
153
1068
60
69
0
15
1995
0
0
1
15050
1033
997
0
0
0
17
1703
1201
1
11
0
1322
3
0
0
89
732
0
427
21
1
368
739
0
268
460
24
89
0
10
4
0
1
1
0
0
0
1
1294
270
2855
0
527
0
196
0
3473
173
354
56
39
237
0
1786
0
0
0
45
8
1
21
38
139
60
5
0
72
1262
4241
2454
5585
4
341
10
0
2
1
0
10
8759
0
10
330
0
1951
4129
0
4
21
981
134
25
5155
1
1651
301
2316
6822
7
5
13
655
231
95
4
4
1
28
0
1
0
2
55
1317
0
174
205
29
2
2
0
2295
0
138
7
0
734
68
0
10
7
0
9
0
1322
315
4724
258
0
21
0
0
2019
0
0
0
0
0
0
1
570
0
6
0
1
1
5
1
0
365
1317
0
2203
116
0
41
943
747
30
2
2
9
0
0
0
6
12
5
2
4
7
35
0
8
10
6191
1
2
9
1
0
0
0
7
0
4290
0
0
0
2
0
3
20
34
0
9
0
980
0
296
0
23
7
317
0
7
0
0
0
1
0
3
210
5006
0
271
198
41
1
1
1
0
0
1
0
17
1
0
0
13
370
1
0
3
894
16
724
6
24
797
914
19
0
3
471
5
377
19
15
0
1
1
11
50
9
0
0
315
3
0
177
0
106
116
9
115
0
9
0
0
0
1246
0
44
4
747
329
140
0
20
86
848
420
140
1007
826
2
1
3
2
96
5216
0
3
1027
305
113
0
22
731
10
0
368
79
2611
0
30
0
0
0
746
2
443
0
20
2060
12
193
8
291
350
482
6
0
768
1857
39
1845
327
19
73
52
5
98
4
57
133
315
5
224
1157
183
12
17
492
0
69
2783
0
8
2320
2200
1
0
13
0
12420
7
4
0
36
0
113
0
1998
798
30
269
79
81
0
1604
27
492
3
1
77
536
0
0
1956
83
18
0
0
0
568
21
4
0
3
0
250
289
13
317
344
1161
154
222
30
0
36
0
2277
0
891
0
0
8
0
0
0
0
32
124
4
1
10
3287
11
3
5
679
3427
3
7
400
303
119
6213
544
7
5
3
0
5
89
596
1
368
304
0
26
167
45
1751
315
176
2
253
0
3
5
2811
853
1402
78
88
0
0
0
1
260
0
195
0
1700
426
182
2
39
0
0
0
1753
3
51
1
1004
34
0
33
3
15
14
10
0
10
1
0
0
0
0
0
0
0
0
2
1021
6
3088
1790
20
1447
0
2
85
0
99
3
0
1
17
10
266
79
95
154
52
91
676
3
76
0
1155
1051
2
250
0
3
847
18
0
469
4
52
23
12
3
52
0
1
10
0
1
941
0
536
0
30
2244
0
0
0
391
572
652
130
1423
5
0
1
0
1027
1
29
321
0
0
0
1342
0
1
355
1214
0
0
3934
1
0
52
143
9
2331
0
3
0
3
3177
33
1
229
1
17
285
87
0
0
12
0
0
0
0
0
0
1
0
6
1
0
0
489
0
0
3
0
1
1
70
1207
80
35
0
4
74
0
1487
1
241
0
2768
20
2202
14
1
2
11
5
401
0
0
0
0
15
8
29
16
156
0
2
531
2745
137
0
4
239
68
42
71
7
119
28
65
6
48
1
9
78
35
1175
4
177
125
3147
146
1
206
374
0
0
0
41
13
818
3
69
118
3
47
0
0
9
1
22
0
6
0
0
5
12
0
6169
0
0
521
0
0
4
6
0
156
151
0
0
30
40
6
0
4
0
1583
4
5
111
4
1533
0
38
9160
11
4
0
0
0
12
1
0
2
0
0
88
18
3077
20
8
1152
5337
2
0
0
9
36
0
767
3
81
447
261
49
142
2
0
0
0
25
1
0
1
1
0
0
0
0
0
1
0
2
0
2
0
12
1
0
5
303
202
175
323
160
0
28
3
9
110
0
1327
326
594
422
42
87
807
6
1
1871
46
0
0
687
331
2167
0
56
0
1
0
25
0
0
277
0
5684
514
229
1167
1482
0
7
38
69
5
0
1320
232
51
959
1
0
154
27
74
0
196
56
1
0
269
5
111
377
61
154
1442
808
0
2541
91
346
507
572
633
30
0
67
825
60
1489
10
341
239
2959
92
282
142
42
7
698
12
101
994
10
30
38
290
37
1305
7
1
702
1
1799
371
1244
14
960
10
2473
1
0
10
186
2
8
1148
149
1570
1
37
810
3
2436
0
139
1161
0
2
411
5
5
0
19
433
0
0
1101
324
30
660
40
2100
975
225
230
202
517
2
94
14
6
73
0
1
7
7
164
388
0
34
0
579
324
4428
1
0
31
110
2
904
7106
3
18
9
1130
2244
107
190
1
244
36
1010
2039
37
65
187
665
1867
4
37
0
0
10
105
5
1
0
67
320
599
156
2
2517
76
14
116
776
0
1
8
395
8
381
3575
930
2
0
0
130
1
51
0
2798
1
444
1157
2519
0
14
11
2248
3419
20
46
108
9
27
233
93
0
0
67
73
606
298
175
42
39
24
2
99
12148
0
0
533
0
11
0
712
2
8
32
596
94
418
68
58
49
16
4664
22
0
42
201
28
1
0
204
673
0
124
916
333
105
10
3
23
11
21
76
3
4
538
18
119
11
9
14
12
28
3
21
210
3
0
14
82
118
19
32
543
0
57
334
77
594
17
5406
139
77
16
0
1
618
202
111
506
258
0
0
4
39
0
0
7928
0
1
53
2
1858
1
43
48
5
29
1
136
6
2
24
48
2
0
109
0
314
3
0
769
178
30
0
0
131
785
316
713
185
303
41
1200
424
312
42
1295
6
4861
0
4373
1
249
287
64
0
2699
1721
614
2164
0
9
0
1
0
162
348
691
0
4223
1
73
0
270
0
16
0
170
4763
444
2365
0
42
492
534
3
20
0
0
2
0
5
11
8595
19
1792
3
1082
39
458
30
10
867
807
0
1
0
13
5539
1
826
20
10
0
0
0
156
1135
0
97
93
226
1
0
7
717
1045
0
1718
0
24
0
1
3
1280
0
9
373
1
28
39
7
0
1
159
0
128
122
562
3
1399
0
163
793
3
0
0
2704
47
0
0
0
16
4140
20
0
261
4
9
5
1340
0
18
3
2
0
1256
0
2
0
2
1
272
105
0
11
1
0
0
0
87
0
702
0
0
10
11
20
0
0
3975
0
1
1
0
342
0
19
2
283
0
0
39
0
9
578
5
83
13
31
324
21
8
5
1063
1
30
28
0
1694
14
2
0
1541
0
3615
38
195
1145
4
279
56
5
13
6
1
0
17
0
0
98
0
367
0
1
0
0
9412
479
0
0
0
4078
0
250
0
1645
0
1
28
0
3541
22
7215
167
0
89
1
11
19
292
1
38
1
7464
191
498
250
0
104
21
5
1900
584
151
30
0
15
2
436
0
27
84
102
1532
44
0
0
206
1297
1
23
0
827
15
33
9
211
32
945
67
708
1
29
0
0
13
18
3722
1187
745
4563
565
56
1006
631
31
159
0
3503
14
336
0
0
1
10
478
211
414
65
2
646
0
0
0
0
4612
0
5
0
2205
1
0
0
0
0
0
0
0
0
0
0
0
0
0
0
0
0
0
0
0
0
0
0
0
0
0
0
0
0
0
0
0
0
0
0
0
0
0
0
0
0
0
0
0
0
0
0
0
0
0
0
0
0
5
0
0
0
0
0
0
0
1
0
0
364
0
0
0
0
0
0
0
13
0
0
0
0
0
0
0
0
13
0
17
2
0
3
0
3
0
0
0
0
0
0
225
79
11
196
80
1
0
0
204
47
151
0
0
0
391
0
0
418
0
2
0
0
0
0
0
0
0
9
108
1
1349
0
0
2
0
146
6
1992
0
1951
2
6
12
2
0
1555
476
0
45
103
67
568
418
436
181
0
0
108
126
9
9
14
311
0
13
8
0
0
1
17
811
20
0
34
6
2
26
0
0
20
30
49
4
8
2
29
1
0
21
594
29
171
16
10
1
93
0
9
3
108
0
78
5
437
4
1
2
0
5
0
24
52
0
0
853
35
1
2
1535
5816
1
0
1
604
31
8843
0
27
420
2
2782
6
0
1
0
59
273
0
0
0
0
0
0
0
0
0
178
3
2
0
0
8
1
351
3576
16
16
16
6
1210
0
64
16
1942
0
115
605
5
7
0
0
2757
0
1181
4
1
0
9978
1
2
0
0
1
6
192
4690
4221
85
0
0
118
0
0
77
0
664
0
173
1733
523
0
0
0
0
0
0
0
0
11
2
0
1
90
3
232
7
629
0
1
73
1
0
4
0
3
186
350
3428
0
0
0
20
0
2952
88
0
201
298
0
6
2
1368
0
0
0
0
0
3281
23
0
0
0
0
0
0
0
0
0
1
0
0
0
0
0
0
0
0
0
0
11
0
0
1037
0
1383
168
1
3
0
3
0
19
638
213
98
5
4
0
0
5
22
1
4
423
0
5098
0
0
3854
31
0
149
0
7
8
3
0
168
17
6
0
3804
0
0
0
0
269
1
0
0
6
33
0
145
1
0
3
0
15
647
12
1142
0
0
0
0
1
284
0
0
3
21
0
16
0
3
0
318
3
2
488
2908
0
0
0
583
0
229
1
1396
6
55
2
200
27
408
183
483
45
163
37
3131
2
265
6
0
1
5770
337
7
54
9
10888
15
11
72
0
0
0
504
2030
3
444
37
2
50
215
25
4
0
40941
0
0
0
0
3
0
0
46
11
857
14
0
57
60
4
11
3
1
0
128
11
99
23
56
902
1161
1
118
0
96
2
0
242
0
869
3
296
0
70
693
1783
8
0
0
0
2
450
1
354
4
70
41
359
595
11
0
252
0
0
3
5
14
19
534
925
39
1
0
0
0
0
0
0
6779
21
4
369
97
0
0
0
83
2521
856
1
412
279
0
0
3
107
1913
1
1290
26
28
421
48
94
14
154
1
273
475
47
10
0
160
1
53
353
3
809
1
1652
5741
1
62
31
0
3
41
7
1
0
0
2
326
0
254
1
0
129
2
0
21
6550
2226
1
50
1400
57
1872
8
12
1347
5
2
0
956
175
0
591
222
53
86
6
99
2
30
64
2
4
1548
4
9
44
13
0
0
213
0
5
0
4
9
7
0
0
179
128
44
7
4533
0
0
148
0
454
0
2
80
139
352
603
46
1561
10
0
0
21
7
0
482
8
5
14
0
4376
5
1285
2
21
5
930
84
6
6
5
22
0
17
0
0
0
0
3
1
0
133
0
7
0
97
20
81
0
172
3
0
44
0
0
3562
0
0
99
133
16
931
205
0
221
3032
0
224
3
1
13
12
311
1988
5
36
108
891
15
0
0
0
0
11610
0
1755
72
567
0
2
73
0
1
0
0
6
6
1
3
0
0
0
0
206
2
145
0
1688
157
0
22
0
1106
0
1
7
13
2467
0
2
2
0
0
0
7
1790
17
0
717
18
511
94
0
17
264
1
0
0
106
593
1432
127
0
0
190
24
0
5
0
11
18
0
1
208
7
0
0
0
8
37
0
0
0
283
1
9
306
1
375
1117
8518
1
2
5
1
729
102
3919
2
0
0
0
2656
0
343
0
254
12
0
3516
0
11
428
0
670
0
0
0
19
0
21
0
661
0
3
0
0
131
11
1
0
0
0
170
0
0
1
0
237
683
0
957
0
6
1
8
0
0
14
0
422
21
281
175
1383
6
22
12
30
42
1169
4716
0
552
66
792
0
3
131
1
20
0
0
601
205
0
48
6
4867
0
3
341
11
243
1432
13
95
0
5
362
0
838
7
1
696
1
0
305
0
562
14
7
194
150
29
0
0
2
2736
107
22
5
479
26
105
43
1
0
254
1140
0
176
1
3
33
2
24
1
6
365
4556
0
0
2
18
98
1
253
5
0
12
47
222
969
0
0
16
2
8
9
9
28
0
1430
2
53
2
61
0
0
1271
5077
0
22
16
0
4
21
9
0
0
1
0
10
555
0
225
157
9
124
7
5
10
10
10
0
24
529
128
4
115
0
121
904
14
0
74
1479
3
28
1
1
34
2
9
2
2
2276
479
269
131
12
5
146
32
0
8
318
220
0
1005
248
183
534
1560
0
139
29
0
150
4
55
13
34
91
0
32
225
391
29
68
625
0
0
0
1
2
1
0
0
30
696
2
620
0
7
51
0
0
115
0
3
145
1
101
0
3
6055
74
34
3
573
1
31
0
1212
376
1
803
89
0
738
276
1
5
190
335
1
15
0
1
0
1
124
0
134
295
0
653
3275
0
0
0
1708
589
1962
279
0
15
24
115
1373
62
9660
0
0
2
0
33
58
142
9649
2
0
434
44
3
17
396
4821
140
2
1
59
0
200
21
0
1266
2901
3
52
2
0
230
0
0
0
1
1
74
1657
1996
7
89
31
3367
0
6
0
44
0
569
0
694
0
86
0
401
1
1
84
233
0
409
14
0
191
74
0
0
16
2095
4
1
234
1968
0
0
8
3
0
5
1151
49
0
165
270
791
2
469
3
8
281
1
222
2
74
1866
162
711
3
6
0
0
1
0
12
25
0
21
101
5
0
866
0
311
0
920
107
379
0
0
12
109
15675
4156
133
373
44
16
0
955
24
0
12
463
1381
30
4
808
31
204
146
212
1397
20
0
27
24
8
1
0
0
84
1
1
3
0
0
0
2893
1
54
319
270
36
0
0
84
34
8
982
312
1097
0
1
0
1636
671
4657
0
84
0
52
76
0
449
41
11
78
486
7
195
883
0
21
79
0
2
0
75
844
1
4525
3
82
11
0
4
0
0
0
0
1
3
1614
0
0
21
0
0
18
12
1910
480
1
3
6
4
3269
5
11
3777
5
19
0
0
0
2137
0
0
1
815
0
168
84
1470
3
141
622
42
2684
955
0
2
0
2
131
447
0
0
0
0
2
3
31
0
305
9
1
191
236
2
37
164
20
0
0
3
9
8411
1
0
5
1623
0
7412
0
412
6
820
2
0
16
0
2
29
0
39
3
0
0
5
1215
0
9
0
0
0
7
4
0
18
9
0
0
0
0
0
0
0
0
0
0
212
0
0
28
1
0
0
0
9
134
0
11
17
0
47
0
5
1
0
0
813
78
0
41
3
28
213
0
642
0
4
73
3
155
126
0
0
1
7
64
138
31
101
45
108
30
373
78
6
15
141
0
2
19
37
175
11
11
0
1627
39
7
442
419
0
0
0
0
8
39
399
505
0
30
79
38
2
29
1
19
0
306
65
34
19
76
5
8
6
335
1
0
0
927
43
444
25
128
110
188
439
0
0
48
1668
0
0
1
0
0
0
228
0
2301
1
42
7003
4
14
0
0
1
1828
4
25
1
5
6
1068
1
1824
1701
0
3
2922
0
1
1
3437
973
0
55
337
1781
467
0
4252
0
25
0
0
0
0
402
23
34
0
2087
0
541
2011
23
6
3
84
0
979
631
37
25
2
10
6259
0
91
0
0
5878
0
2
0
0
0
0
0
2
0
70
665
507
2
5
0
1
5428
16
0
0
1204
0
2481
0
1358
1043
404
1549
8
2914
0
0
3
0
439
952
153
1224
0
64
0
287
331
3507
2
0
0
478
343
53
0
1998
1724
0
42
0
0
0
0
0
0
0
0
0
0
0
0
0
0
0
0
0
0
13
35
0
0
153
257
165
0
8
204
165
0
7
0
243
0
0
25
0
0
1
2
4
1
763
347
791
0
469
1
162
15
2222
0
0
244
2
156
57
3
526
643
43
11
205
0
0
2
0
0
743
158
404
1054
21
1350
251
169
1998
57
2
4
17
0
44
4
0
0
0
0
0
0
2
0
0
0
0
5673
39
0
2744
1176
6
233
2148
52
88
17
48
233
7
0
0
26
0
0
9
0
1
44
0
12
2
4
27
0
3
0
0
4
3
6
2
470
6
9
9
24
7
3343
290
1
7
122
0
0
1
0
38
14
51
235
732
41
485
23
1
0
313
31
9
18
60
2
0
0
64
0
305
214
0
1255
666
2870
145
69
1
4
0
0
50
0
4118
0
94
198
46
13
0
35
8
938
24
192
14
942
23
4
4
3
2
319
294
0
1
1
2
165
0
0
0
0
195
0
7
2
1838
38
0
18
0
0
0
130
0
0
10
676
0
0
14
0
0
0
0
4
0
0
0
1
0
17
0
2
3
1
59
3
2
2
0
0
0
0
15
0
10
0
0
1
1
0
0
0
430
0
0
4
1
5
46
0
0
1
0
30
1
219
0
0
0
1414
3
66
6
216
5
5080
0
12
0
1
28
4
1
150
486
18
0
588
0
4
261
2849
1053
2443
717
666
0
0
2341
847
1127
5
11008
60
441
510
44
27
605
123
0
0
1
24
799
45
92
458
319
627
0
26134
22
554
4342
213
0
0
8676
3723
84
6045
77
42
1
0
1672
0
0
2
0
0
1178
194
0
0
351
0
0
0
0
2540
27
7083
8
197
878
0
372
0
16
708
73
592
10
145
4
259
3
60
988
1
3
1193
937
28
168
1504
0
0
0
28
4
1
2106
37
27
5
0
0
0
1643
28
9
0
0
6
121
6
1701
1061
6
43
0
0
0
1
141
3
17
1195
6
1
12
55
724
0
0
2757
188
0
1487
1427
0
650
376
1126
9
9
30
161
249
78
162
221
50
0
86
61
0
4764
20
0
18
93
1278
649
0
0
0
288
645
0
14
322
1
9
713
50
5
664
4080
13
2382
2
0
478
0
0
0
0
437
973
0
2209
2
1
1
2
203
0
755
129
203
1492
67
13
128
618
1862
11
3
0
10
0
226
1078
381
1
331
502
18
483
0
0
0
158
1
773
0
271
1107
1866
284
16829
414
878
3
315
0
629
0
19
288
0
0
109
88
22
518
8
1821
2958
306
30
10
0
3
117
8
4
207
6211
4
331
327
22
0
2
0
24
0
0
0
221
0
0
0
0
0
0
0
0
0
87
22
2460
1
0
1682
1162
0
403
0
504
312
0
0
0
0
744
13
3
789
2
156
1
2
0
0
471
45
353
2218
24
1010
1388
97
0
78
3
41
299
2
711
0
1417
3665
174
0
2780
191
4088
0
44
9
2
49
1171
647
1209
465
75
1415
258
1
615
3
0
22
18
0
0
26
486
313
49
43
0
32
51
329
109
70
3
689
15
0
2
396
9
45
148
0
0
828
10
417
227
148
1
6
18
493
1360
0
25
0
28
2
0
378
1
18
0
1270
14
4
42
31
6
44
0
0
1
0
0
191
29
0
0
1335
934
504
8
483
51
60
52
829
387
804
0
0
217
105
552
0
260
0
41
16
7
100
522
104
0
3
0
0
0
0
0
0
9
2
0
0
0
0
0
5
0
103
0
1190
10
143
2444
0
2492
9
5382
0
22
0
0
0
840
2
1004
3
1
4
5853
98
5
24
0
474
95
749
613
1116
261
88
4
1387
1912
1
1508
4
1
1269
1
1
5
11
485
80
6860
48
9
420
56
61
311
450
818
310
0
51
9
0
0
121
40
289
185
64
1
34
0
16
21
14
3
1875
5
7
1461
6
149
128
0
157
13
182
253
416
46
29
0
362
287
234
0
0
33
292
12
257
23
913
8
70
11
186
48
3
9
1341
95
21
40
102
144
36
2
0
197
0
41
292
19
87
2
150
0
0
3
19
0
0
0
0
0
41
7
0
0
0
66
2
2
0
11
0
0
71
41
61
323
2761
3
0
840
0
134
341
1565
1158
2
33
2597
0
14
2
28
16
2018
194
396
84
49
2619
0
90
38
18
6
3558
0
1488
23
2306
227
35
0
270
38
42
12
415
10
154
85
4
25
0
0
1630
123
32
286
54
32
360
15
113
64
37
1
1
28
0
0
0
2
14
3861
10
198
1
5
266
0
0
735
1
3
0
270
1
0
1
0
30
0
0
0
0
262
17
3
5
1
0
0
0
1
0
2
0
0
5
351
14
215
631
0
3
0
0
109
11
0
0
19
0
3
124
77
63
13
984
0
306
0
15
63
4
38
219
30
72
1
4
1
1
0
8
19
62
8
990
0
47
46
226
144
13
12
8
0
25
1
1
174
2
22
3
0
82
101
12
0
7
5
0
4
0
75
179
70
3
1
4
77
4
355
0
223
0
0
0
0
1
8
2
13
1
235
7
0
1251
406
30
151
1304
9
86
9
462
10
5425
1
122
0
0
0
0
0
0
0
0
0
0
0
0
0
0
215
340
87
53
29
19
22
1
10
184
280
93
257
333
489
291
214
18
53
1
3502
1
2
1042
27
66
1
147
0
64
7
13
2
12
425
12
76
0
0
0
1
6
402
0
23
337
116
0
33
13
0
0
61
0
0
6
2
1173
27
265
0
485
8
31
5
2650
1009
35
2146
0
15
136
164
0
85
1
2
0
157
1
0
0
1
0
4
2
2
24
269
153
1095
64
0
7
124
4
40
147
14
2
40
49
470
230
343
4
18
655
0
234
137
2
0
0
1041
1
597
427
218
440
699
2
781
251
1
2
82
344
3
21
0
6
438
51
273
478
1564
973
74
162
0
3557
0
1
3
55
0
0
250
0
387
231
1
845
0
6
6
0
37
2259
353
3
1003
282
9
68
344
2
757
558
18
1
1439
12
2
0
0
0
0
0
7
9
0
18
3
0
0
769
0
1
0
0
0
4
980
31
259
0
1
0
5810
0
77
0
43
38
0
0
35
4
0
3
705
0
3
11
37
0
0
33
102
0
774
13
1
0
3
0
8
0
0
3
4
0
400
1
72
0
187
990
3
2844
0
258
7
5641
0
34
5
0
94
0
0
2230
803
0
0
268
12
0
5261
104
7
9
301
0
10
0
0
180
95
1
62
168
173
2
269
43
27
589
205
70
304
2
5
325
0
116
3
7
8
48
190
0
401
15
167
1
3
0
0
0
0
0
0
0
7
38
5
16
81
107
3
31
1
109
51
15
156
23
2
79
0
1
19
57
17
16
417
3
369
117
144
0
100
49
3
20
29
41
0
58
74
2
62
0
1
0
0
0
0
0
0
0
0
0
0
0
0
0
0
0
0
485
0
41
24
612
0
21
1
16
20
0
0
0
0
0
0
0
2647
0
0
0
0
0
0
0
2
0
0
0
0
0
0
0
173
123
225
0
1698
350
280
708
6
15
0
2082
620
289
45
39
94
205
8
46
2
68
13
1
0
1
19
0
0
0
0
0
0
335
1781
13
0
23
465
288
0
16
7
0
2741
0
0
0
0
0
663
8
2
1077
974
1272
138
766
0
11
53
8898
12
78
0
2104
332
13
68
3
0
1
0
582
0
0
767
0
3
6
4
0
21
2
23
106
35
1
1193
1
268
0
147
1
0
11
2
272
36
36
32
26
454
4
1987
1436
98
0
0
2
0
0
112
0
3633
9
241
0
2966
223
4
2
0
0
3
0
0
0
0
0
0
0
0
1001
0
0
1831
12445
0
0
156
205
252
940
315
73
0
0
123
0
321
1
3615
1238
248
39
729
0
13
34
0
0
28
63
14
0
32
1547
0
128
1466
0
0
456
324
482
20
0
46
6577
599
198
296
0
0
18
0
0
2
0
202
0
224
6045
0
359
19
9
1
38
98
633
81
181
175
2
513
5
81
5
5
3
20
9
17
28
5
1351
12
4
34
1
0
14
120
6
0
3
0
0
3
0
0
0
2
17
7
1
105
598
118
0
2
3
19
51
3
0
53
4
4
38
0
0
12
70
40
2
3
682
8
13
0
3
15
2
62
0
0
7
514
1
188
0
413
0
5
0
19
54
538
244
266
1
12
959
77
1
5
29
38
237
6
147
6
0
7
20
121
44
514
0
0
0
7
3
0
700
1970
445
2
32
71
0
4
1
1041
31
67
2
0
13
88
140
303
3
199
0
1
7
372
0
8377
0
46
0
0
598
931
821
1200
0
54
477
0
6
42
11
8
718
40
103
118
48
552
0
57
1035
0
143
9
330
351
0
4
0
0
3
5
0
266
224
214
11
0
0
0
0
0
0
0
0
0
0
0
0
0
0
0
0
111
2519
1382
2
3
2524
7
0
191
0
1
0
0
0
0
0
110
226
456
7
619
35
272
233
154
237
501
230
7
148
60
0
59
1041
3
0
59
0
32
132
0
96
1093
515
45
0
14
0
351
45
0
181
180
6
0
155
0
146
191
74
0
0
0
0
0
2
0
0
0
5
1369
0
0
1
46
0
0
338
0
0
0
0
0
0
0
0
0
0
23
227
1475
105
158
0
77
1
12
300
141
486
0
0
4
62
1235
0
0
0
62
1283
1
0
0
0
0
33
0
0
1
0
0
0
0
19
0
0
0
2
0
0
0
30
0
0
0
2
1
2
0
0
0
614
0
778
6
0
124
7
4
0
283
15
0
0
0
113
1
0
0
0
0
0
53
0
1590
299
978
1426
676
0
70
0
0
0
14
0
0
2
0
0
0
0
0
368
0
4
405
0
0
0
0
0
0
0
0
0
0
10
325
13
0
1
0
0
0
0
62
0
1
2
14
0
4
20
0
13
105
245
153
22
9
4
105
114
2
1
18
1
157
22
17
68
0
17
34
1912
0
0
0
0
3
5
0
176
4
4
386
0
61
237
8
2
30
320
32
1
1
1
66
15
125
0
0
0
0
0
189
134
163
5
195
0
0
103
0
57
480
107
6
308
13
0
0
0
0
176
0
667
5
208
13
1
0
1067
0
483
22
3708
0
81
0
345
0
0
0
0
0
0
0
1
36
0
0
0
0
0
2
0
0
0
0
1
0
0
0
0
0
0
0
0
0
0
228
1253
406
6526
6
0
0
0
956
1
0
0
0
0
0
0
1
0
1
1
3173
0
884
249
154
4
0
7
0
0
1
0
0
0
0
0
0
0
0
0
0
0
0
0
0
0
5
0
0
0
0
0
0
0
0
0
0
117
0
0
0
0
0
0
1
0
0
0
0
0
0
0
3
0
62
0
1831
0
2
36
0
0
0
6
0
0
343
0
0
