0
0
0
11
0
0
0
0
0
0
0
0
99
0
44
25
0
4
0
10
17
190
69
31
0
24
99
66
0
144
0
1
161
8
715
0
19
92
15
569
14
170
17
240
5
140
696
27
515
68
11
185
64
162
2293
327
17
1
0
0
1
22
752
329
100
7
591
12
8
38
390
24
288
7
340
454
153
331
332
1
4
8
1
1
2
0
674
24
6
162
0
164
85
476
51
19
1
0
45
1
9
716
1579
4
99
25
0
21
0
0
0
0
0
30
23
0
11
446
19
51
2
170
134
0
0
0
0
1
178
0
197
32
144
15
2
0
1
0
0
0
0
0
2
0
0
0
0
1
0
0
0
57
87
8
287
0
143
73
14
0
450
97
5
42
241
0
294
52
326
0
293
83
59
41
244
1
0
3
115
0
0
0
0
2
2
87
268
1
7
3
72
7
3
590
6
0
0
3
1015
1
1
310
0
0
1
1183
53
44
2
260
182
1
3
0
41
19
62
1
0
363
58
0
31
71
1
286
1004
11
27
72
0
0
5
0
102
0
48
1385
26
9
717
0
0
62
46
193
8
2
159
0
1
36
0
1
0
6
1
51
10
13
4
50
3
0
466
140
99
0
1
217
79
485
85
1
185
1097
0
522
1
0
0
1
0
0
0
0
0
0
0
0
0
0
0
0
0
0
0
0
0
0
0
0
0
0
0
0
0
0
0
0
0
0
0
43
0
1605
84
0
0
59
122
0
13
0
0
8
398
0
0
0
40
161
6
72
0
228
0
0
135
13
147
1
37
991
18
50
2458
221
0
0
14
1
0
0
260
5
18
0
37
5
175
129
0
83
34
8
0
6
181
0
0
0
0
146
0
1
13
1
4
0
39
72
163
0
0
0
0
0
0
0
122
612
0
0
0
0
0
0
0
3
0
0
0
11
15
863
5
119
88
290
44
189
548
0
127
1354
0
1
73
23
0
231
1
3848
1
0
1
0
1
2
23
0
0
0
1
0
0
0
0
2668
30
0
106
106
37
53
3
3
0
607
878
237
0
1
0
26
8
0
313
534
9
271
0
0
0
289
6
9
263
0
69
27
61
233
0
0
0
152
0
2172
19
144
0
744
137
18
8
321
66
18
0
62
2
292
298
18
86
249
379
79
98
0
0
225
1426
0
53
0
381
97
0
0
1
49
187
84
5
14
1943
0
73
234
0
0
0
0
162
0
1822
2
2
82
0
348
139
1
48
15
56
0
12
762
0
6
0
72
83
120
1
18
3
86
7
0
2
69
210
0
58
315
98
9
83
0
1
321
3
465
664
9
830
21
88
491
1
120
100
159
20
40
13
5
114
0
104
104
85
33
0
3
0
434
0
1
107
13
0
122
0
115
179
65
112
12
46
0
18
181
16
93
173
67
0
99
60
501
46
99
290
24
4
0
34
124
395
11
0
1253
6
1
2039
35
0
4
0
0
0
31
0
0
0
0
40
102
0
0
1
23
577
2
85
30
0
1
217
4
127
0
120
1
3
311
117
0
5
59
12
542
0
1
256
2
32
158
105
12
26
35
1
72
109
30
93
154
56
0
14
89
489
0
3
68
121
391
66
0
453
145
281
11
2
247
73
1
365
10
25
13
67
4
0
2
142
0
28
5
0
0
0
77
0
0
0
0
2
0
15
39
10
2
347
192
0
1995
524
3
626
7
1
2
56
11
133
0
296
389
0
339
0
2
65
1
112
111
391
114
17
82
131
14
1
36
49
0
0
0
13
0
0
44
160
83
168
24
210
4
38
27
221
1
0
24
43
135
2
192
107
8
21
0
0
0
0
0
0
186
2
43
0
0
8
94
94
3130
0
1
831
0
4
0
0
1
88
64
26
1
22
2
59
25
0
1526
261
21
558
0
13
101
29
217
0
4
14
4
24
0
0
24
33
0
22
172
30
9
0
366
153
11
98
8
5
7
69
91
0
0
559
1219
327
8
3
182
74
46
5
321
0
71
75
0
0
1
16
103
2
11
38
10
0
0
23
1
135
14
14
1
2
5
97
47
0
514
5
364
2026
5
208
36
48
0
2
1
44
25
320
62
39
30
13
0
0
344
80
121
44
34
17
0
445
87
70
2
10
35
37
524
97
55
3
5
45
100
254
0
11
238
259
356
46
701
18
206
657
72
0
1
0
229
0
198
4
19
139
162
90
492
0
0
1
0
311
57
87
1
0
326
27
0
10
1
1
0
4
133
25
2
115
511
0
0
7
7
0
5
0
0
0
0
0
621
5
111
4
8
1
0
20
0
0
0
0
3
146
0
19
1
3
156
2
133
15
392
0
62
437
498
12
8
20
41
7
0
0
114
377
150
5
15
272
820
1
1
3
38
176
4
0
968
560
22
0
2
3
120
4
49
2
26
2
42
0
0
0
0
0
0
0
2
42
79
0
40
29
0
268
54
2
0
1
46
60
208
2
1
0
0
523
721
113
0
36
1
93
0
2
118
0
1
12
0
0
27
652
1
0
0
0
0
13
7
0
91
102
256
0
0
0
0
501
0
0
0
125
1
1178
6
3139
0
0
0
13
2
0
0
2
80
0
303
220
0
0
48
6
501
0
0
252
17
1463
4
5
211
300
0
3
36
0
0
0
0
0
0
1
4
73
69
35
66
20
2
0
0
175
266
746
3
3
46
9
0
242
39
0
96
0
42
34
5
0
8
0
336
146
0
6
7
491
0
708
340
6
9
101
1
38
0
0
0
0
0
0
0
0
22
0
106
2626
0
131
3
0
14
2
0
0
7
0
1
1957
92
0
0
0
0
0
0
55
8
0
0
0
0
4
0
6
61
87
0
0
0
0
0
15
0
100
265
3
0
0
0
27
0
0
3
0
24
0
0
472
709
146
9
174
368
119
260
41
7
90
177
18
0
0
1
0
0
0
0
0
0
100
0
0
0
0
2
0
40
0
85
0
8
113
13
1
0
52
48
10
148
0
1
74
0
2
92
3
35
182
108
244
0
86
0
18
0
207
0
207
14
4
1690
5
1145
103
2
33
643
0
94
68
0
0
1
3
748
0
5
2150
74
47
182
413
460
195
0
45
6
128
0
0
139
7
118
0
1
252
6
1042
0
0
0
0
1236
7
19
130
0
1
0
210
0
0
48
736
52
311
310
42
226
130
72
329
310
78
25
345
200
145
0
69
0
0
356
350
1
72
196
18
44
0
107
0
13
20
0
0
0
0
0
0
0
0
0
263
338
0
0
3
2
0
27
1
0
3
0
54
31
238
2
923
20
41
0
60
303
12
177
2
172
0
249
0
0
0
20
57
8
205
23
5
12
1
19
0
6
0
0
0
4
0
625
93
0
0
0
0
0
0
3
0
12
3
156
0
0
238
7
3
0
0
2
131
36
3980
0
0
148
0
3
0
100
175
40
38
19
113
79
2
344
369
22
8
1
205
111
1
10
116
15
0
1
266
0
123
0
223
108
2
4
4
0
21
1134
0
0
0
28
404
280
146
3
0
0
1
0
0
0
90
7
482
32
66
154
0
0
0
0
0
7
20
4
150
3
82
1
58
234
7
51
410
2
0
0
1
25
81
170
43
11
7
179
3
0
0
126
42
0
0
1
573
85
0
80
437
621
2
424
0
1
0
0
0
0
44
156
6
335
2100
66
395
0
189
16
425
255
3
2
412
8
0
0
833
25
44
15
92
629
83
0
0
7
0
0
1
36
2
0
0
22
0
375
0
5047
1
0
12
200
129
0
233
5
114
32
5
249
30
0
0
2
431
0
221
257
53
4
2
1
0
68
0
55
5
0
0
46
25
12
19
12
967
0
206
0
412
46
0
23
1
0
0
0
3
51
0
0
1
0
0
0
0
22
96
0
0
0
0
1
74
0
1
67
0
22
0
48
1
0
99
2
35
75
888
54
515
41
9
84
3
89
0
41
158
0
0
31
2
0
36
1861
0
10
100
0
50
2
0
0
208
0
247
73
838
140
1
37
113
0
4
0
0
0
114
10
9
96
19
3
0
0
0
5
7
134
0
1315
0
0
2
5393
414
10
178
0
3
36
0
2
0
0
0
17
31
0
3
8
49
73
6
19
18
127
413
226
166
164
64
0
3
187
6
25
116
407
218
83
13
5
5
52
995
279
59
4
97
70
163
0
205
131
0
0
1
91
45
5
33
193
13
243
105
1
49
20
0
36
289
86
1
91
269
0
47
0
0
1654
132
761
647
102
143
1
0
17
0
5
149
4
1
0
1
3
1
7
69
1
1
0
81
352
7
50
0
50
0
0
5
0
4
2
1
0
0
0
0
0
0
0
0
0
0
0
0
1
0
0
0
0
0
0
0
0
0
0
0
0
0
0
0
0
0
0
0
0
0
0
0
0
0
0
0
0
0
1
18
0
6
0
0
0
4
531
1
20
2
1
111
235
162
2
4
274
41
106
13
271
0
0
61
280
5
226
144
53
7
5
44
328
3
71
229
0
599
1
113
277
65
3
101
0
543
44
1
17
191
1
1
0
760
81
56
0
232
80
4
335
55
172
0
631
34
0
5
301
57
0
10
1168
166
55
55
0
12
621
6
85
58
1
108
27
79
244
97
11
307
23
225
3407
36
0
115
286
121
1
1055
22
111
619
0
506
1
0
133
89
22
41
7
586
21
142
1
87
6
34
157
8
86
0
77
0
1
0
3
3
279
0
41
0
27
217
6
6
93
3
40
5
52
1
7
3
142
74
50
350
132
31
5
0
61
1
274
0
104
0
0
0
104
4
9
0
30
15
0
40
0
82
0
0
1
0
0
0
0
30
0
0
0
0
0
0
1
0
0
0
0
0
12
87
271
29
4
3
6
1
0
1
0
0
0
0
0
42
9
11
29
0
2
134
2
151
228
0
956
5
83
1
4
42
26
0
1
5
31
447
2
3
42
591
144
3
53
49
0
137
56
41
17
40
31
5
50
0
3
405
282
0
31
102
134
9
0
6
21
268
62
104
0
55
36
74
67
127
8
0
126
11
1
5
181
0
22
0
0
31
26
8
0
1
20
0
0
1
23
0
243
4
0
102
0
0
49
1
4
360
0
546
168
120
0
3
47
0
16
0
35
487
1
5
0
0
0
0
0
1
450
89
1
279
4
153
0
14
2
0
0
0
188
40
14
1
1
324
1
0
8
685
102
1
99
0
158
188
6
0
85
440
6
80
248
18
2
0
1
2
5
0
0
1
1
1126
103
0
197
0
144
5
8
9
24
1
1
0
20
181
111
0
0
0
0
0
197
0
0
2
3
1
0
18
2
4
22
73
5753
0
0
104
44
15
51
52
1
547
2
2
0
0
2
5
27
92
1
0
5
0
150
18
37
5
378
1
598
0
3
772
5
0
47
62
1
108
0
0
1
0
6
128
1
4
5
0
0
1
1
0
268
0
345
0
0
99
0
3
554
41
140
74
264
89
18
0
0
14
0
1
0
0
928
2
200
0
4
2418
0
489
10
177
0
277
1
21
7
6
79
49
50
1
0
0
6
0
0
1
0
0
0
623
0
0
0
77
100
0
1
0
12
250
0
207
0
171
4
658
4
356
102
1
0
8
61
0
8
1080
258
204
0
30
48
115
918
5
0
1
34
0
2
1458
366
6
5
0
1
46
0
45
1
0
0
0
0
0
0
0
213
0
1
0
3
0
0
0
0
11
7
0
0
194
81
0
152
127
255
81
122
12
1
0
0
1
0
0
12
211
4
0
1
0
0
0
0
337
148
2
0
621
0
2
1
168
0
0
423
0
28
0
0
0
0
981
10
0
0
94
0
83
155
0
185
0
807
99
0
0
0
0
53
1
0
14
4
218
40
4
16
493
15
221
0
4
1
318
4
1
315
306
187
25
8
3460
3
70
100
5
6
546
3
6
2
273
0
0
17
67
105
77
195
2
0
0
0
0
0
0
1
1
1
305
16
44
0
226
16
59
27
37
0
155
0
2
0
2
17
101
394
1
0
0
417
270
2253
1
7
20
0
106
16
7
85
112
2
0
65
9
0
0
4
2
123
30
544
28
326
49
46
1
0
0
2
8
4
2
0
0
2
146
43
1
7
63
76
0
7
400
6
0
0
0
12
965
0
80
522
196
98
13
1
0
0
537
0
3
13
0
0
0
1309
493
19
11
431
0
0
0
0
0
0
0
0
1
177
1
0
2
116
16
149
77
7
1
4
43
3
15
0
1044
535
115
0
0
185
1
0
2
0
0
771
3
58
9
0
0
203
0
9
69
0
0
6
185
0
1
0
10
62
35
0
7
282
0
11
399
183
0
0
2
254
41
0
0
85
81
535
3
0
562
3
0
0
0
135
1271
3
0
0
0
0
230
0
10
0
0
0
110
0
30
0
0
7
159
213
89
145
489
0
0
0
71
385
143
38
0
1
1
0
32
2
0
29
0
0
0
0
0
0
82
1
15
1
1356
10
83
170
138
54
0
112
22
0
0
3
0
174
559
183
3
137
32
2
238
88
420
7
0
0
103
516
0
196
0
199
38
88
456
3
0
39
0
159
1
498
0
217
2
1
10
78
31
126
0
28
179
948
0
0
0
131
59
62
1
0
13
0
6
335
209
107
270
1
0
159
4
176
4
0
1
0
311
1
0
5
0
6
1
127
324
0
0
0
2
51
0
34
93
6
112
0
109
88
37
0
0
239
0
0
6
0
0
255
14
4
316
1
27
0
131
22
16
3
0
310
172
110
69
134
4
83
1
0
46
0
0
615
0
0
29
111
288
189
217
2
0
0
2
2
28
44
377
1
0
888
3
0
0
0
0
1
0
0
0
0
38
0
13
2
184
66
1060
35
59
0
53
165
27
503
0
0
0
325
21
162
0
255
1
20
5
253
7
463
0
36
0
0
78
0
1
0
1
153
94
0
0
2
0
0
16
0
0
2
2
0
36
6
19
166
2
9
2
0
4
0
0
0
266
0
0
280
226
1
0
306
0
0
0
0
140
9
122
0
1
114
3599
0
43
35
24
0
0
0
41
0
0
0
16
1018
27
16
48
22
1206
6
3
12
24
2
75
206
15
66
7
3
0
1
0
0
0
0
1
0
0
0
0
0
0
0
0
1
0
0
0
0
0
2
40
0
0
0
0
1
2
0
0
0
0
0
0
0
0
0
0
0
1
0
0
0
0
0
0
0
0
72
101
87
220
0
58
0
0
205
165
0
6
259
0
485
0
261
1
1
198
104
1
16
0
0
0
0
0
0
1
0
0
0
5
102
0
201
22
0
0
0
0
0
0
0
2073
0
0
0
0
12
0
0
6
0
3
41
221
0
309
0
0
0
17
29
1109
0
1
0
0
0
3
2
120
842
0
419
2
30
331
30
55
28
0
742
126
0
10
30
33
0
0
0
0
0
0
154
0
0
97
0
224
204
843
30
1
0
0
0
0
0
0
0
0
0
0
0
3
836
2
0
0
0
0
6
186
0
0
16
6
0
1899
197
62
79
35
4
146
6
734
23
0
138
97
5
432
3
226
139
154
10
0
0
0
0
319
0
7
62
34
3
25
206
0
1
0
83
233
155
0
33
65
0
89
0
80
498
1
105
46
333
0
2
0
17
4
58
1
698
187
0
2
0
418
189
3
800
252
0
1741
0
3
503
5
134
3
2
0
2
2
539
133
0
0
0
88
0
80
0
0
2
0
0
145
1
68
0
0
0
56
1252
1371
111
4
3
7
1
0
4
0
0
5
0
100
0
71
4
400
496
595
119
98
0
0
267
0
1
1
0
61
1
0
675
869
1
0
1
0
569
7
224
178
0
0
0
0
64
0
5
245
0
1
486
769
0
526
0
0
0
150
10
667
0
0
141
0
1
0
0
0
1
409
2
1
100
1
48
0
101
8
0
1
5
2
4
0
0
0
0
0
87
1
132
0
6
33
0
451
647
10
18
1
0
0
166
0
5
2
434
0
0
9
5
144
11
0
0
371
12
164
10
28
0
0
35
0
1
0
0
0
2
0
0
0
0
4
0
73
0
3
2
3
0
641
41
5
90
1
0
130
0
261
74
211
168
26
263
0
0
0
31
1
197
8
1
6
0
13
0
0
0
44
2
0
0
719
3
0
1
0
5
0
57
322
19
0
16
1
0
29
0
0
26
0
0
0
0
315
4
6
0
26
488
147
8
342
218
15
163
0
192
18
480
0
259
1
0
30
2
0
0
1
0
0
0
1
1
0
0
23
23
121
162
0
0
28
53
38
1
65
12
7
0
76
1
238
2
1270
3
0
0
34
84
0
6
0
0
0
0
333
31
0
0
0
39
6
0
153
1955
4
115
0
0
3
0
2
48
5
0
2
0
19
4
173
625
0
0
1
792
759
231
66
343
66
942
64
176
867
64
69
124
308
1
519
1
96
25
106
1
0
4
0
8
0
18
118
75
349
328
1
5
390
0
50
27
25
0
130
26
0
0
0
297
1
20
26
0
0
164
580
0
10
2
102
74
266
200
3
234
136
0
151
1
197
44
1
12
18
14
142
58
64
3
147
10
95
97
0
14
191
567
28
6
0
5
1
168
53
340
58
55
462
1
8
18
923
1
1
9
0
589
83
73
0
0
1057
0
0
0
0
156
287
257
9
1
60
6
10
3
0
12
0
0
714
2
0
0
0
8
232
1
224
255
0
0
0
0
0
0
0
13
2
323
54
54
0
0
38
0
0
0
21
393
1
26
0
1
1
25
51
8
824
10
0
0
0
0
160
316
1
0
0
0
0
0
0
2
198
22
1222
0
0
1
0
1010
0
0
0
0
0
1
0
853
12
0
23
38
206
11
12
339
2
0
1
149
744
59
1
4
0
82
0
0
0
942
313
2
537
12
1
0
0
0
0
7
163
15
194
53
3
99
42
1
44
0
14
66
9
0
43
1
0
0
1
229
26
0
0
0
0
0
0
5
84
0
0
0
0
148
85
3
1
336
11
0
668
96
63
107
29
7
167
0
0
0
0
136
16
22
0
0
230
10
0
82
666
0
0
0
0
143
138
116
358
2
83
425
16
3
3
5
570
201
544
105
159
32
0
12
25
1811
270
0
0
0
4
785
25
1997
8
0
0
31
16
35
71
0
88
38
37
211
2
0
1
0
0
5
61
42
50
191
53
0
24
3
297
2
7
30
282
11
5
158
5
2
0
6
127
0
0
82
53
82
133
964
9
1
51
70
1
0
79
32
0
0
71
476
0
193
0
70
222
0
3
571
1
62
356
0
33
164
165
843
25
43
0
21
0
0
1
0
0
74
3
236
271
0
0
6
2022
0
15
91
11
93
73
178
0
0
394
101
26
138
34
7
41
80
4
44
652
76
17
59
148
0
2
0
81
0
0
0
112
152
1
1
20
25
65
163
7
5
0
0
1
0
518
876
62
2
18
1698
222
9
5
32
155
49
0
1
0
3
0
0
1
0
0
0
38
1
0
0
331
1014
265
4
184
0
209
261
20
1
5
2595
100
13
32
657
24
0
59
1
1270
27
308
317
0
1643
70
0
0
208
0
338
42
408
48
1019
0
49
2
35
646
0
386
17
0
6
18
0
0
0
0
4
0
62
3
315
0
0
0
0
7
31
961
0
1
2
0
0
0
405
0
12
248
1
6
446
0
8
2008
129
135
58
75
2
15
636
70
83
73
247
1
0
5
455
0
0
2
0
126
0
0
192
0
169
4
504
1
630
0
11
256
0
3
23
0
68
19
133
72
0
1
163
0
0
0
0
45
0
146
428
0
66
9
157
11
1
104
59
552
6
823
2
0
0
0
9
0
304
0
7
91
140
400
20
0
14
0
2
315
1
0
6
0
0
417
242
0
658
0
0
0
0
0
65
0
17
3
1
1
0
12
135
0
1
0
0
0
504
62
65
14
8
0
0
12
31
98
5
0
4
2
0
90
0
0
0
0
0
0
0
2
0
5
0
0
40
374
14
62
0
9
1
302
100
285
0
43
2
116
4
30
10
0
2
0
0
127
0
81
0
1
3
181
186
167
170
222
1888
0
28
1
1
4
59
0
0
0
3
1
58
431
777
2468
126
5
147
0
112
15
65
20
1119
183
247
290
10023
6
22
55
4
2430
96
0
102
256
162
3
4
31
7
369
192
746
3
815
398
80
164
24
42
368
0
29
11940
0
53
2
102
3
17
131
269
22
6
3
0
0
1
0
0
0
0
0
27
47
1963
2
0
142
9
63
2
0
0
20
1
3
0
0
0
1
0
0
63
7
9
4
93
95
414
4
103
3843
0
0
170
28
1501
22
482
3
201
0
101
0
0
0
0
0
0
477
1
0
0
23
328
110
65
0
113
65
0
0
0
0
0
0
0
0
42
0
5
0
0
0
33
18
0
4
1
0
0
0
0
0
0
0
0
0
0
0
0
0
0
0
0
1
0
0
0
0
0
0
0
3
19
0
0
1
0
0
1
0
0
0
0
0
9
2
0
2
0
0
38
453
0
1
0
0
0
0
0
0
0
0
0
0
1
1
0
0
0
19
0
732
0
0
6
0
0
124
53
17
198
333
112
0
139
217
2
203
202
212
0
38
0
0
29
3
0
4
3
0
1
0
0
0
160
14
9
4
0
0
22
4
362
0
0
0
0
1
0
0
0
0
0
383
0
19
0
98
0
0
86
226
0
407
428
3
0
14
0
0
104
8
4
0
60
31
315
206
2
8
86
205
153
15
14
749
2
0
1
336
63
16151
83
1
78
95
118
914
1
546
10
0
0
1
21
5
1
0
1087
48
0
1
1
297
1
159
0
377
0
1
5
1
2
0
150
99
0
454
0
0
0
0
125
4
80
364
0
229
209
104
1
0
10
0
0
2
0
0
904
0
652
447
93
605
48
101
224
4
29
242
1
0
0
0
14
37
145
44
0
1
0
0
0
9
10
253
149
389
0
0
141
49
29
113
2
4
0
3
0
0
0
166
0
0
56
0
223
1
1
0
2
1
0
0
76
57
0
0
0
0
0
71
0
0
0
0
0
0
30
12
148
1
0
1
0
0
0
4
0
0
0
0
0
0
1032
6
0
0
18
400
1
76
24
0
2
0
29
220
0
0
0
0
0
0
0
0
0
0
0
0
0
257
10
0
0
4
0
127
73
81
0
12
0
3696
0
116
3
0
1
170
3
78
333
103
115
99
168
0
558
1
0
0
0
181
350
0
0
0
0
0
29
0
280
84
56
102
0
0
0
296
42
57
0
431
0
5
0
0
5
0
1
0
1052
0
15
81
194
0
0
162
22
0
2
0
0
0
0
13
0
0
0
0
0
0
0
134
1
1049
0
0
0
165
2
1
36
0
36
1
0
233
139
0
0
167
0
0
0
0
18
72
0
40
0
74
0
1
0
0
0
0
6
0
0
0
3
140
0
100
16
0
2
102
9
239
1
0
0
0
2
283
439
157
8
88
9
153
327
61
0
159
0
66
102
0
542
8
168
1
113
316
227
0
1
23
1
40
46
5
1131
165
30
14
1
2
19
109
27
1432
139
230
0
0
0
0
0
0
0
0
0
0
174
0
0
0
0
0
0
0
0
0
0
0
0
0
0
0
0
0
0
0
0
0
0
0
0
0
0
0
3
0
0
0
0
0
0
0
0
0
0
0
0
0
0
0
1
0
0
0
0
0
0
0
0
0
0
0
0
0
0
241
0
136
0
0
0
0
31
2
0
38
14
0
15
58
9
15
306
91
130
0
141
0
1
2803
0
0
0
0
0
0
0
0
0
0
0
1
0
0
0
72
274
0
1
1
0
1
2
0
1
0
87
12
1231
170
66
38
7
0
0
1
0
0
3
2
310
3
47
0
289
2
47
0
0
0
0
0
0
0
0
0
0
203
9
13
0
120
9
0
36
0
0
664
0
0
132
0
0
0
6
3
0
59
0
0
15
0
15
16
167
0
10
55
0
0
0
6
354
739
138
131
5
407
47
92
3
0
0
373
71
1
0
43
1
292
30
20
17
29
65
10
24
2903
0
14
0
3
0
0
1
0
2
83
0
1
0
6794
0
0
0
0
92
104
396
0
5
243
257
13
0
13
21
37
131
138
9
5
0
0
197
46
14
47
2
99
42
1
41
196
95
5
0
449
294
2
0
0
0
0
0
0
1
0
0
102
27
55
0
98
0
284
42
5
298
4
368
164
0
203
30
0
0
1
6
66
69
57
205
1
510
58
134
92
2
4
997
85
46
0
2
1131
21
129
0
459
110
0
0
0
0
2
0
39
0
70
14
1545
68
106
92
177
216
1287
196
55
0
0
18
71
0
8
5
353
32
53
1
259
2
210
15
0
98
119
15
0
11
265
43
40
106
32
6
327
145
57857
0
714741
4
65
213
12
32
602
7
465
221
61
227
95
31
0
57
28
1
4
923
4
170
29
13
55
44
4
62
36
0
41
49
45
1
0
0
236
2
94
0
58
6
0
0
267
8
2
8
175
1
0
14
69
0
126
39
92
30
4
38
10
5
53
0
21
42
1
0
21
0
185
239
19
224
49
95
30
80
46
98
18
305
4
12
919
1002
220
122
334
120
0
0
28
3
224
186
2
291
6
133
0
0
35
131
41
224
121
0
166
21
0
463
80
116
246
0
37
288
107
0
194
274
70
370
0
886
295
603
557
0
3
13
333
0
30
109
0
0
0
23
2
143
0
0
0
7
0
0
0
0
0
49
0
167
108
153
0
0
0
0
0
3
0
0
38
1
16
2
584
0
0
1
10
745
136
3
0
0
30
30
582
3
0
6
6
1
1
15
8
0
406
0
128
313
1063
27
3
0
129
0
43
0
0
0
4
519
0
42
0
0
0
0
0
32
0
0
157
1
0
950
175
87
0
0
22
6
0
79
43
0
160
1
47
256
0
0
31
162
122
6
1
32
57
153
85
4
0
51
0
134
3
8
408
1
293
344
123
121
1
0
351
0
0
0
77
0
330
3
93
38
0
10
449
0
4
0
0
137
0
36
0
0
186
50
10
1
7
335
2
0
0
1
23
0
0
52
12
202
32
124
396
1
46
0
175
3
94
54
1274
13
0
0
5
110
23
0
0
0
1
72
76
27
13
25
91
0
0
68
35
0
6
0
0
0
0
0
0
0
0
2
3
0
43
14
73
71
0
2528
12
88
0
86
0
35
0
0
0
168
11
1023
51
3340
0
0
650
0
108
29
5
0
108
7
0
42
1
5
64
6
67
0
0
1
0
5
132
0
1
0
3
0
0
0
0
0
0
0
0
0
0
5
203
0
0
12
0
0
0
0
0
85
0
0
46
380
17
1607
285
0
170
11
1
18
0
0
2
315
2
496
0
171
134
0
0
0
40
0
131
2
0
0
199
215
7
141
0
0
310
312
47
424
595
69
0
0
0
0
0
0
0
0
3
100
5
26
15
313
3
0
2
306
0
1050
357
135
20
0
0
0
0
0
0
0
0
0
0
2
0
41
217
0
14
0
0
0
263
46
125
13
0
0
0
155
146
34
57
0
0
2
123
1055
37
2
0
35
7
298
2
100
292
541
16
19
368
256
2
0
0
0
0
97
231
0
89
16
0
0
2
34
36
35
0
0
0
29
147
163
1
61
0
6
17
12
2
0
4
200
35
2
66
29
140
0
190
0
9
329
83
0
37
49
0
0
0
0
147
0
0
43
2
0
1
11
30
2
0
69
0
1
0
1943
0
256
1
12
104
0
60
277
29
63
66
0
0
0
0
0
0
0
1
0
1
0
195
0
129
2
1
6
1803
2737
789
6
305
0
208
283
496
1676
97
50
10
173
0
12
6
7
0
0
0
32
0
267
2
394
1
3
288
43
32
61
23
72
323
1
230
5
1663
1
257
332
18
163
500
5
294
0
811
15
5
3
388
0
0
13
518
5
302
47
114
1
71
0
6
107
33
24
28
272
100
1
35
514
13
157
152
20
0
0
0
472
0
4
21
1
57
0
0
0
1
23
1
361
65
0
42
793
1
2
106
3
8
83
8
795
3
0
0
108
14
42
0
225
147
0
0
399
48
0
75
0
0
0
2
0
0
0
0
1
0
0
0
168
0
0
0
0
0
0
0
0
0
0
1
0
489
183
8
5
1
3
12
0
162
4
39
0
39
0
2
1
45
13
24
0
0
4
0
11
219
0
159
42
0
1
0
0
0
3
31
43
0
2
0
4
36
0
0
91
0
61
321
119
89
0
3
9
4
7
4
0
0
1
0
0
0
0
0
0
3
0
372
0
64
3
0
4
3
5
967
86
0
1
406
157
85
1
325
753
320
3
30
11
0
5
81
255
0
0
0
2
54
1
0
0
0
0
0
0
0
4
0
2
2
26
80
0
144
48
92
0
29
14
3
0
0
0
0
0
0
3
1
0
0
0
1
0
0
25
1363
44
92
2
0
8
0
830
82
7
414
0
0
11
3
426
63
0
0
0
54
214
1
0
0
0
5
3
0
62
4
3
147
1
0
30
47
60
2
1
30
1
0
1
0
558
0
149
1
1
489
24
1140
0
84
43
24
0
2
178
0
10
199
1
0
0
0
1
1
0
4
0
1
13
2
36
0
197
296
429
1665
427
59
5
82
43
47
35
82
0
1041
10
65
1
35
0
854
5
32
8
52
213
1
0
83
2
176
103
64
11
13
41
19
102
108
644
5
45
1
92
304
60
3
103
50
4
113
55
6
213
167
83
239
262
0
1
0
129
0
52
0
66
178
36
0
0
0
0
18
8
120
1
125
11
203
10
0
0
11
4
29
1
7
146
3
0
1
2
0
18
16
0
369
0
3
0
0
2
131
199
4
0
8
76
0
2
0
2
12
0
496
0
13
110
3
57
5
0
0
1
41
14
0
0
0
0
6
71
0
1
303
0
184
0
0
13
6
0
44
0
6
35
75
0
17
84
141
611
0
0
0
0
61
1
1
0
0
6
0
34
1
15
20
18
5
13
23
83
0
0
0
1
0
0
0
19
514
102
379
62
6
78
196
4
31
1
3
0
160
0
97
37
453
26
1
0
129
1
15
11
232
3
36
1
1
862
42
0
2
532
0
49
215
220
2
0
14
0
154
15
53
0
0
60
0
23
534
2
64
130
0
150
67
0
0
0
0
0
2
405
0
0
1
508
152
1
0
0
1
486
16
0
0
0
0
1
1
0
337
65
84
0
0
55
0
0
2
73
0
239
27
0
337
4
0
0
464
1
0
0
0
58
0
0
1
0
33
0
0
9
431
0
0
4
31
270
10
0
15
0
0
0
0
24
63
27
12
2
0
0
0
0
0
1029
0
61
238
1
78
51
72
0
0
196
11
0
5
333
0
2
240
17
0
45
5
0
259
0
0
0
148
8
1
0
1
79
0
10
16
13
11
299
2
2
84
0
0
0
0
216
272
0
0
14
4
167
170
2
0
306
0
34
10
47
0
2
3176
37
0
111
1280
431
13
30
270
0
13
11
3
0
0
0
68
0
41
0
0
286
21
1
146
0
0
2
85
1
0
4
32
1
0
0
119
428
290
49
10
5
0
0
0
0
0
0
0
229
253
126
167
0
0
24
0
0
360
0
92
786
3803
342
1003
0
10
0
30
9
4
0
50
37
0
1
2
0
0
162
8
1
0
176
59
170
4
0
0
768
1
13
432
3
0
0
0
2
96
27
289
1
0
21
1
0
1
0
98
0
0
1
0
0
0
0
0
75
911
0
0
277
1
94
362
12
1
5
79
0
92
42
0
2
0
3
99
447
3
0
0
436
4
126
65
117
3
0
0
17
18
0
360
229
2
164
73
0
0
67
985
45
0
32
0
4
0
1
0
0
0
0
0
19
15
141
231
170
39
126
2039
0
1
334
327
40
1
448
0
3
0
291
350
45
93
70
412
68
95
0
318
43
0
11
5
1
0
4
8
0
0
62
213
130
854
10
88
0
3
0
1
1
0
1
0
0
0
1
1
0
0
0
0
0
0
0
0
0
0
0
0
0
10
0
3
8
0
0
0
0
0
0
0
0
912
452
579
59
194
44
35
18
1031
0
151
24
21
0
16
38
284
1
14
84
1
446
0
812
1017
74
3
44
11
0
66
1
144
285
0
0
0
0
0
0
1
1
0
26
34
0
17
31
13
4
5
2
1
55
12
1
6
1
0
215
2
639
0
78
4
0
1
18
416
0
0
175
0
27
3
0
2
0
0
24
0
0
0
0
0
1
0
0
15
0
0
0
0
0
0
0
1
0
1
43
133
17
108
55
257
10
63
79
0
34
26
49
61
839
4
64
0
261
41
35
0
0
402
1677
0
287
4
877
32
34
0
2
0
30
854
239
69
35
929
117
36
0
278
0
3
2
172
286
0
569
2
0
48
1
83
2
94
953
440
148
243
4
9
0
4
3
47
17
1594
46
25
401
374
0
0
11
1
7
17
0
337
4
0
0
13
73
162
133
0
454
334
5
45
63
41
0
8
4
427
0
46
2
67
30
146
0
23
9
0
40
76
1
3
182
0
0
0
2
27
0
0
0
382
14
0
0
160
0
14
888
815
0
2
216
9
23
0
3
0
25
0
92
0
375
0
0
1
29
1
99
2
180
66
0
0
0
89
0
54
3
0
0
0
279
64
0
0
0
0
29
1
0
0
62
0
0
325
234
0
193
11
0
609
2
1
0
477
0
1
0
5
0
2
0
131
9
0
7
704
5
194
161
438
2
3
133
0
455
50
1243
78
14
0
137
118
0
0
0
1108
0
564
44
0
1
2
658
42
8
278
3
154
0
0
0
702
114
0
2090
21
0
63
0
237
0
212
0
0
94
0
2
0
0
0
0
0
0
216
0
1
0
0
40
0
8
100
3
291
0
0
0
106
1
4
253
0
7
186
0
199
15
0
13
0
43
0
0
0
0
0
0
0
0
21
2
3
0
683
1
702
0
0
1
0
0
0
0
55
26
0
9
0
0
0
124
147
2
0
0
70
4
0
0
0
1
0
6
1
0
0
20
197
8
0
0
0
1
12
37
492
222
44
0
1
1
0
149
2
4
1
151
12
0
153
7
716
29
0
0
0
0
0
0
0
0
0
0
15
246
0
0
0
0
0
1647
28
7
0
0
10
4
12
259
0
0
0
0
3
255
88
248
54
34
1
0
6
25
0
1
3
136
0
0
109
57
256
624
603
0
325
7
173
0
0
40
0
5
22
0
122
0
0
107
1
200
0
129
69
0
0
0
0
1
2
271
1245
23
153
20
0
0
0
207
0
29
8
369
137
562
237
1
0
0
8
68
90
0
0
223
0
5
333
8
674
24
0
0
34
0
94
27
0
0
45
0
0
3
0
0
0
0
7
0
0
6
123
0
0
574
49
235
16
143
86
0
324
0
309
59
439
100
18
0
299
339
22
0
0
0
75
0
127
7
112
80
0
1
0
0
143
6
426
159
92
0
23
0
66
358
1
0
0
0
0
4
39
0
51
187
255
2
19
1
229
187
0
3
118
15
45
33
653
0
0
0
2
73
191
208
83
5
0
0
164
0
147
375
0
300
32
21
918
228
216
10
8
382
3
164
36
4
502
0
0
0
0
0
2
181
1
42
532
0
90
294
0
314
48
552
151
175
5
275
2
90
835
0
263
193
0
51
0
31
23
46
27
2
129
21
0
10
538
317
29
19
39
0
0
1
162
0
0
0
0
0
0
0
1962
0
0
0
0
0
0
2
1
0
0
0
0
0
0
1119
0
0
0
12
0
0
11
27
56
25
0
0
70
0
13
11
0
114
7
0
47
0
23
8
246
1
1098
3
822
1020
0
153
4
3
0
0
0
0
0
2
0
0
11
0
0
0
1
1
1
370
68
0
57
114
10
214
465
37
680
2
5
0
35
0
103
0
22
94
326
147
3
1
67
352
56
0
1
849
0
6
1
42
0
537
2
408
99
75
10
28
2
505
320
604
0
229
102
1
27
7
125
213
388
0
26
188
0
0
0
36
1
30
0
41
849
2
0
6
0
70
0
77
1471
0
325
0
1251
139
4
0
0
0
2
142
9
1177
579
6
79
98
615
141
0
257
87
4
7
1
340
33
308
29
158
40
30
152
414
147
53
18
0
297
3
119
0
7
238
27
0
1
0
363
3
204
2461
182
323
0
184
0
8
32
3
0
0
0
0
0
0
1
23
0
0
0
0
11
0
0
0
0
0
0
0
0
2
0
0
0
3
95
0
3
15
0
0
3
0
0
0
0
0
0
0
2
0
1
35
1
0
77
0
1
96
67
3
2
0
0
0
0
0
0
0
0
0
0
917
0
14
0
483
0
104
423
0
0
236
41
0
5
0
3
0
0
0
0
3
0
0
706
2
11
3
312
124
0
40
1222
493
427
0
4
407
536
0
328
125
197
0
74
0
112
0
0
0
0
0
0
0
0
0
0
0
0
2
0
0
1697
0
189
282
0
12
1760
0
0
0
13
0
805
0
162
4
1
1
99
87
1
104
10
123
0
3
106
142
23
0
8
0
0
0
0
0
176
0
3
0
7
27
0
0
454
1
0
1
1
0
560
0
0
255
4
0
0
0
0
133
0
203
8
0
0
66
1
93
14
3
5
0
306
0
0
0
1
408
9
0
42
564
167
396
0
0
0
1
7
234
224
7
4
470
27
64
202
4
0
1
164
250
0
0
0
2
9
1
0
52
0
40
0
0
2122
249
13
0
2
0
9
0
0
0
138
28
0
0
311
7
1
259
142
3043
717
26
0
12
96
2
34
0
0
48
3
0
1
0
218
0
0
63
0
0
1
131
1
1
2
33
64
86
72
241
0
0
0
38
9
14
11
228
0
0
4
0
0
155
353
1
32
72
25
0
378
99
19
394
141
13
3
12
83
226
10
145
0
355
0
522
0
1
0
0
0
70
212
0
10
0
1
0
74
93
2
2
0
21
1
2
0
2
9
8
1336
84
0
9
2
31
0
173
118
1
1332
0
10
35
5
294
0
0
0
1
954
1
0
105
1
0
184
0
0
222
49
3
0
136
0
27
0
9
1
211
0
384
2
87
0
129
63
0
0
15
9
540
0
94
41
149
186
28
35
7
141
1
49
62
262
17
0
1
0
1
329
0
0
12
0
443
54
216
22
82
12
3
0
98
145
270
11
0
342
3
31
304
3
89
0
0
68
6
178
0
1
867
0
0
0
0
0
0
0
0
0
0
0
0
0
8
0
0
0
65
0
0
0
437
0
0
0
0
0
0
0
0
0
0
0
0
0
0
0
0
74
0
0
0
0
0
0
0
0
0
0
1
0
339
21
27
306
247
1029
0
0
83
4
0
0
0
0
0
135
1
69
76
0
2524
0
0
0
1
98
0
0
238
12
221
0
916
0
0
12
0
30
0
0
0
0
0
0
1
145
0
888
14
1
293
3
0
0
1
126
3
0
0
0
0
0
0
192
0
0
0
2
0
23
0
12
0
0
0
1
0
0
0
0
1
0
0
0
0
0
0
0
0
1
11
1
0
1
43
47
0
1
0
0
75
0
0
29
27
207
167
1
0
5
0
446
60
0
0
184
230
0
0
3
690
5
2529
192
0
9
0
97
2
43
0
206
0
4
0
225
0
0
0
0
0
25
162
0
15
5
59
0
0
5
3
17
0
0
1
0
1
328
0
9
0
7
10
155
0
30
3
1
381
0
0
0
0
0
286
3
5502
1
0
0
0
6
0
87
113
31
84
0
0
0
11
0
0
0
0
160
1
0
0
0
0
0
197
106
1
3
136
2
199
271
94
0
0
703
0
0
0
384
0
3
0
0
0
0
0
0
0
0
0
0
0
187
0
0
5
205
1
635
1
3
5
11
0
1
1
0
179
381
334
216
1
14
177
0
380
81
0
2
21
78
458
1
0
0
0
0
3
2
37
0
0
318
336
148
0
0
0
0
0
0
0
0
0
0
0
0
0
0
0
0
0
0
0
0
0
0
0
0
0
0
0
1
0
0
0
5
1
0
77
16
0
77
162
49
2
472
1
196
0
222
195
44
0
1
0
0
0
0
0
0
39
19
0
1
0
0
8
0
46
0
0
0
1
0
0
0
258
3
0
205
0
0
0
1
0
0
218
99
307
1
0
1059
1
177
1
862
146
416
160
1
0
3
0
0
0
0
0
2
0
0
1
0
1
0
0
0
1
0
1
0
1
0
0
0
0
0
2
2
0
0
0
0
1
0
0
0
0
0
1
0
0
0
1
0
1
0
3
0
0
0
0
1
0
0
0
0
0
0
0
0
0
0
0
0
0
0
0
0
0
0
9
0
0
0
0
0
1
0
0
0
0
0
0
0
0
0
0
0
0
0
0
0
0
0
0
0
0
0
0
0
0
1
0
0
0
0
1
1
0
0
0
0
0
0
0
0
0
0
0
0
0
0
0
0
0
0
0
0
0
0
0
0
67
0
0
44
4
137
3
307
158
82
152
653
16
280
0
52
6
13
0
5
6
42
43
0
15
1212
45
0
0
111
1
26
220
150
3
1667
22
29
1
0
2
0
4
0
113
13
1
33
502
58
7
0
0
1
43
33
53
12
1
7
277
215
0
16
134
58
8
173
17
13
95
128
19
0
35
0
5
4
143
4
0
83
82
38
15
60
163
75
36
13
272
137
0
116
190
11
6
229
170
0
0
0
0
3
14
224
0
0
75
0
0
0
3
1
0
0
0
0
0
2
0
0
0
3
0
0
0
7
1
0
4
2
258
322
0
3
20
322
57
1314
2
151
1
1
19
0
47
0
0
0
5
0
5
2465
148
0
14
424
0
143
146
2
0
154
88
649
14
269
227
157
25
0
203
0
925
0
0
1311
4
30
0
0
0
0
0
1
79
0
0
0
0
0
0
7
0
0
6
211
0
2
51
18
0
0
6
0
20
9
0
0
368
2
8
186
2
2253
1483
1
101
2
1
0
0
0
6
0
0
0
0
0
3
0
2
0
39
0
109
647
0
1
515
84
159
700
1
3
0
4
0
5
2
3
0
0
408
30
137
41
2
51
14
79
0
356
1503
3
7
340
116
237
680
84
167
6
103
2
207
0
25
101
409
0
0
16
0
0
4
34
0
59
0
2
0
0
1
59
2
16
0
65
0
1
0
81
22
0
13
23
84
3
117
7
438
62
37
10
0
137
606
1
4
23
0
17
5
88
0
5143
35
170
51
20
218
265
1410
23
0
0
442
1
188
0
5
1741
0
0
0
126
0
11
8
233
0
0
0
0
0
1
1
1
168
468
0
92
1
0
2
27
102
90
2074
0
1142
0
1
0
32
154
26
0
256
72
53
155
50
13
2
6
0
687
433
3
754
0
1
0
0
0
3
1
96
53
94
148
106
58
0
0
1
10
0
606
0
22
0
0
0
0
0
0
113
1
0
301
0
33
0
1
50
3257
18
3
3
53
0
16
176
80
486
1
36
12
0
266
14
270
0
443
77
35
1
152
0
0
1
465
6
1
0
7
0
95
0
31
368
73
115
23
49
418
108
64
150
0
137
0
190
36
9
0
0
1065
545
3
546
0
2
100
0
16
91
74
9
0
323
1415
1
7
3
0
0
15
3
432
0
0
12
181
0
0
5
0
79
6
0
1
1222
4
0
0
0
0
894
0
10
0
56
59
107
0
4149
437
83
0
74
601
2
1
14
0
0
12
3
0
2
31
0
22
661
21
2
82
0
0
40
8
16
64
256
41
76
98
0
309
0
1
0
0
62
40
16
0
1
295
48
623
1
178
38
50
151
10
907
54
26
218
0
184
1
1
0
2121
0
5
226
12
92
219
146
27
0
53
38
0
0
1294
0
1
0
0
41
4
0
37
56
0
0
0
238
41
3
0
2
147
0
61
3
0
1
74
82
89
13
5
63
27
0
183
45
65
146
0
76
100
0
0
0
0
0
0
0
0
1
5
0
167
8
67
116
1
79
0
326
0
0
0
0
0
0
0
0
0
0
0
0
1
0
21
4
0
0
0
0
0
0
0
0
0
0
0
41
24
0
0
6
0
0
0
18
76
194
1
0
369
39
2
25
1
1008
0
4
1
0
6
3
5
31
32
0
292
702
3
2242
0
0
0
0
23
0
2
0
0
0
620
433
8
0
221
0
1074
53
581
32
2527
219
149
186
0
11
55
91
250
0
2
358
300
11
49
14
0
7
38
628
9
0
33
1
0
40
0
0
4
2733
65
394
10
0
1
0
935
0
1
0
0
0
0
1
1
0
0
0
0
1017
38
660
0
103
1
36
96
0
1
0
0
0
0
0
0
46
153
0
0
12
0
1
586
229
3
7
694
1
0
25
0
0
0
0
0
0
0
47
0
0
0
0
0
0
0
278
1
0
208
361
342
1
0
12
49
1
43
561
0
0
138
58
603
190
1
2
158
0
0
75
25
1
1
0
0
726
0
0
0
94
0
4
0
0
0
0
0
0
0
284
1
0
0
0
628
1
13
3
2
1917
1034
264
105
193
124
134
674
23
325
1
266
1797
498
5
0
237
0
333
9
9
2
1086
720
211
12
33
1
469
505
0
89
20
13
47
75
542
4
5
0
190
0
0
14
0
9
2
0
1
1
0
0
1
3
948
0
12
76
434
5
19
2
5
75
881
0
1
26
14
6
26
11
117
91
298
105
437
3
4
279
1
65
5
0
76
4
104
0
43
15
0
1
1827
0
17
22
0
122
0
1
1
1
0
0
0
0
0
0
0
0
0
0
0
0
0
0
0
0
0
0
0
0
0
0
0
0
0
0
0
0
0
0
0
0
51
0
0
0
0
0
0
0
0
0
1
0
0
4
0
0
0
0
0
4
0
0
5
0
0
0
0
0
0
0
0
0
0
0
0
1
0
0
0
0
0
0
0
0
0
0
2
0
0
0
0
0
0
0
0
0
0
0
0
1
1
0
0
0
0
0
0
0
0
0
0
0
0
0
0
0
0
0
0
0
3
0
0
0
0
0
0
0
0
0
0
0
0
0
0
0
0
0
0
0
0
0
0
0
0
0
0
0
0
0
0
0
0
0
0
0
0
0
0
1
1
0
0
1
1
0
0
0
0
0
0
0
0
0
0
0
0
0
0
0
1
1
0
0
0
1
0
0
0
0
0
0
0
0
0
0
0
0
0
0
0
0
0
0
0
0
0
0
0
0
0
0
0
0
0
0
0
0
0
0
0
104
133
321
206
0
13
0
1
0
0
12
0
0
0
0
0
0
0
1
0
2
41
2
165
0
98
9
1462
1
39
0
0
0
0
0
4
0
0
0
0
0
0
0
0
0
0
670
0
0
0
3
0
161
0
14
25
2
39
720
6
1
1
0
0
2
8
34
13
0
0
3
41
16
22
32
5
299
504
1
0
7
10
842
59
224
0
0
2
55
9
11
190
1
58
17
0
0
382
445
0
13
1
63
15
105
0
23
60
307
97
486
0
62
0
311
1786
946
0
0
0
0
481
111
0
0
5
3
92
0
0
0
0
0
51
0
110
6
2
0
0
0
3
669
181
162
44
8
1
5
0
17
15
1
0
0
1
0
0
449
1
6
15
3
1
130
139
16
0
1
79
0
59
0
6
109
0
0
0
13
112
2669
388
0
25
269
65
0
0
4
1
126
28
162
2
0
164
43
110
1
198
86
71
702
1
0
65
3
20
5
157
5
3
0
0
390
1
39
15
511
104
92
54
28
0
718
0
177
1
1
18
8
13
17
235
0
2
2
0
0
227
358
1
411
126
49
10
523
193
5
90
38
0
389
39
2
4
162
4
206
1
137
0
206
0
0
0
0
10
75
102
142
305
30
205
160
13
0
325
133
391
8
0
611
3
90
63
56
6
145
0
0
384
0
134
420
879
50
5793
33
1
0
0
31
0
0
24
1
11
20
52
0
0
120
203
8
35
115
0
24
115
0
1
1226
1
31
34
0
0
580
0
0
0
0
0
0
1
237
1
0
0
0
11
157
110
0
0
265
3
1
4
140
0
395
0
174
190
20
12
68
255
33
0
41
1
49
1087
5
2281
0
1
4
588
2
561
0
3
125
3
7
0
6
9
1
1033
0
1
0
0
20
61
584
0
1
273
530
1
2
2
3
82
1
0
2
328
146
199
0
757
0
0
0
0
0
9
0
57
171
66
54
614
2
10
12
20
0
1256
230
84
3
0
21
1
0
606
31
3
364
44
0
39
0
1
0
43
20
48
0
39
0
0
5
0
0
670
2
329
1
319
1118
0
8
5
468
2
7
186
66
596
0
0
0
859
403
2
557
3
2
0
0
1
0
0
0
0
0
0
0
1061
0
4
40
0
0
0
0
3
277
0
1
14
0
3579
45
2
2
151
464
94
47
199
3
0
3
682
14
17
1267
0
689
0
65
284
5
115
186
3
22
77
888
106
4
1
29
31
41
0
23
36
2
77
128
28
145
1
10
0
0
73
120
100
51
36
6
4
262
37
103
74
6
471
219
4
0
136
0
15
41
17
41
422
34
0
0
47
13
0
0
9
415
0
138
7
78
22
7
33
12
1
865
43
43
54
3
323
14
9
175
5
5
0
0
0
270
0
0
36
7
37
232
1
75
0
0
445
0
0
0
1
0
0
2702
0
0
10
27
2
241
1
0
1
15
6
748
0
12
0
53
294
264
0
1
0
1
364
6
0
8
17
600
0
7
0
0
60
348
3
507
0
1
0
0
173
40
0
0
0
0
0
0
9
35
217
0
1
8
0
9
0
0
0
2
5
0
0
12
9
135
1
113
305
20
0
81
0
0
310
0
3
650
201
103
138
70
14
104
43
46
0
0
0
259
1
266
647
4
341
154
56
1
1
55
6
10
98
55
3
30
1
2
1
68
1121
10
1
2
169
4
0
0
474
157
25
985
3
1133
134
0
1
0
0
0
0
0
0
480
1
45
43
313
27
13
0
72
106
0
0
4
383
1
29
357
33
1
5
0
0
4
260
116
2
1
0
0
77
7
0
16
4
0
18
12
6
324
33
0
6
0
8
24
0
0
0
273
12
4
0
1
171
2
1
99
0
76
155
31
1
2
4
0
2
0
6
1
2
0
235
88
24
99
66
0
0
9
9
3
0
17
4
241
30
0
46
444
0
106
2
1
5
99
0
0
0
2
86
0
12
82
4
0
9
21
2
27
271
3
177
1
214
23
96
593
2828
3
1
0
1
31
1
7
39
0
4
0
0
0
0
0
0
28
0
57
160
146
0
54
152
0
2
32
207
0
0
454
2
60
384
1
6
0
0
0
13
0
14
10
50
4
3
1
4919
165
0
243
76
33
170
0
141
333
33
0
2
0
58
0
1
56
839
2
146
0
0
1
1
68
113
36
298
2
39
168
2
91
22
4
12
70
2
0
8
16
3
7
102
1
0
0
0
0
14
3
70
0
0
0
168
1152
27
0
0
0
0
2
0
3
4
0
0
369
0
0
0
0
3
2
0
0
0
0
0
14
39
2
0
0
0
266
1
50
0
0
0
1
0
0
1
0
7
40
0
204
3
8
0
0
0
0
0
0
0
0
364
0
0
0
2
439
5
106
58
152
0
0
0
0
591
104
6
1
18
2
1
2
0
0
32
0
154
48
0
2
0
77
3
35
304
0
3
1
0
91
425
212
8
28
1
0
0
0
103
426
0
0
0
0
3
0
15
15
69
26
49
17
2
0
0
2
1
0
31
648
243
49
83
76
74
118
195
238
37
320
1
348
10
264
2
0
227
0
164
63
180
433
0
114
7
906
38
0
258
109
79
10
0
48
60
6
43
265
3
0
71
65
1
1
3
175
0
4
42
9
0
0
0
0
0
0
31
1
0
10
38
6
9
3
8
0
10
912
22
115
162
156
3
206
0
21
0
10
608
10
0
0
274
43
8
31
1
177
0
18
49
594
0
2
543
223
459
466
74
9
169
201
0
0
1
0
38
0
177
482
92
1
2
73
140
109
0
7
0
320
7
55
28
550
532
1
0
843
106
143
10
135
76
1
399
262
5
3
101
1
571
55
27
23
7
0
8
15
0
29
0
4
0
131
7
512
34
82
43
1
5
11
53
7
44
8280
127
7
1
0
4
79
6
0
0
14
164
4
5
14
10
5
0
9
4
0
53
253
32
882
3
22
100
327
71
0
81
120
37
17
0
0
0
58
2
32
148
35
582
2
0
6
9
29
6
19
20
341
0
73
204
7
0
128
2724
97
3
833
168
1
0
1
30
42
3
1
13
0
321
11
100
186
51
60
0
0
177
312
1
97
133
0
138
0
174
3
112
427
577
88
1
6
99
38
3
21
1
0
7
0
0
0
0
0
0
0
0
1
80
129
12
187
6
58
146
13
1
0
514
3
0
592
10
53
0
0
1
1
0
4
0
0
128
1
16
221
5
3
0
18
6
2
332
31
139
2
12
8
54
0
0
0
0
0
0
7
0
162
18
299
8
426
5
0
94
2
195
1
14
5
206
0
0
0
0
1
0
0
147
0
1
43
0
0
0
0
74
1
0
1
0
497
47
0
25
0
2
119
297
127
0
4
0
12
34
1
2
151
1295
0
42
171
4
25
95
0
22
452
1
127
28
827
8
0
27
1
249
315
0
41
0
0
58
3
0
107
9
0
0
0
0
0
3
0
4
3
0
112
0
94
0
2181
12
47
0
2
108
4
1
216
0
7
65
0
2
2013
0
1
12
87
215
99
1
591
2
28
0
17
0
0
35
0
0
0
11
0
1
0
2
16
0
549
2
79
11
86
29
24
0
34
0
1
624
4
12
1
127
4
2
27
91
16
332
0
0
127
0
3
2
212
0
279
146
2
1
671
0
2
5
1
0
128
64
0
158
169
2
173
25
95
50
187
0
342
28
52
1215
0
157
109
0
0
0
2612
2140
1
7
110
629
10
39
5
1
49
0
71
0
2
0
0
0
0
0
0
54
3
53
7
0
448
9
0
220
111
10
1
359
7
2
3
72
0
3
2
0
58
133
0
91
2
36
406
500
0
117
0
5
2
41
287
0
419
302
4
36
3
283
4
1862
6
0
152
93
0
29
2
0
0
0
53
3
21
3
0
0
2
58
0
154
10
2
2643
122
20
116
2
1003
118
0
8
0
798
47
0
27
5
73
8
178
217
25
478
51
0
8
0
46
1
502
4
403
3
66
0
2
365
160
9
1
4
145
0
7
237
3
197
0
6
15
202
19
18
102
119
0
6
3
105
0
37
0
15
40
155
3
122
0
24
164
289
9
77
15
0
266
15
185
146
2
75
33
2
80
108
19
0
57
53
15
250
7
3
21
0
37
5
0
25
43
154
4
1318
21
2204
0
21
34
3
4
0
4
7
0
1
3
7
19
81
132
66
12
0
207
9
0
0
0
0
0
0
235
188
0
0
0
0
0
0
0
0
0
0
0
0
0
2
0
0
0
0
0
0
0
0
0
0
0
0
0
0
0
0
0
0
0
1
25
0
0
0
0
0
0
0
0
0
0
0
0
0
0
0
0
0
0
0
0
0
0
0
24
0
263
117
7
66
57
196
1
0
8
0
330
2
3
540
0
0
0
0
6
713
225
921
0
0
1
4
0
0
0
2
10
1
0
1
1
13
0
24
0
50
0
328
73
286
0
0
12
134
0
1
5
14
5
2
389
0
0
0
0
0
0
0
4
0
3
0
7
0
0
0
0
7
0
0
126
2
1
0
0
2
2218
0
6
663
77
21
286
0
0
0
0
0
8
0
4
0
0
0
2
0
0
0
0
0
1
0
76
1
9
35
12
2
0
17
0
3
0
0
55
2
0
137
13
98
42
5
188
0
3
266
0
98
8
0
0
16
81
12
0
58
3
55
2
452
3
391
0
1
85
333
375
46
21
297
0
12
0
107
147
109
218
5
10
152
0
28
0
0
21
530
2
5
4
0
9
83
296
40
0
1
177
0
5
0
9
0
0
0
13
83
948
14
133
134
3
0
0
0
0
0
3
1
0
6
0
0
0
0
0
0
67
0
0
0
0
0
0
0
38
12
0
1
0
173
3
4
28
0
7
2
2
4
42
268
1656
4
0
3
6
79
3
31
103
3
10
56
1877
415
89
71
104
2
63
40
0
48
95
238
12
209
361
10
48
145
13
58
3
10
13
32
964
4
798
36
0
4
82
1
2
0
35
2
418
2
15
12
0
35
14
128
106
3
208
11
52
24
16
1
78
4
26
13
87
25
1
15
30
0
8
424
0
85
143
124
0
221
122
114
1613
0
212
0
0
1
0
702
0
46
0
3
50
38
346
0
237
83
79
1
0
0
42
7
69
264
1393
146
8
0
38
279
4
275
0
1
154
111
94
0
149
80
1
193
213
194
1
68
80
0
5
0
42
0
0
239
0
0
0
0
35
0
4
100
0
0
4
5
42
1106
448
3
0
2
694
120
1056
57
100
36
48
0
1
0
301
72
2
14
2
60
2
582
4
8
0
0
1
1
0
0
0
3
1
5
707
0
3
105
2
0
1114
59
255
168
286
136
10
9
0
27
1
1
299
553
0
17
90
148
1
138
8
27
48
0
104
4
145
101
404
0
0
0
0
0
0
1
0
0
1
0
353
21
0
0
8
0
0
28
0
3
0
0
53
0
0
0
3
0
1
1958
3
9
1
0
4
1
0
0
2
0
1
0
0
96
0
2
133
8
0
1
172
6
4
3
0
1
39
26
10
119
0
892
1
442
0
68
182
0
47
1
0
0
8
0
0
0
0
0
0
186
716
26
0
250
11
1
501
11
88
9
398
1
0
0
1
34
0
0
447
52
261
1
127
2
385
313
810
0
193
106
0
3
0
762
3
7
1
19
14
3
0
110
0
0
449
152
0
0
0
0
0
1
0
3
1
1
0
1
0
0
302
59
7
118
0
18
14
0
0
0
0
0
0
0
9
0
0
0
3
763
1
2
111
5
307
6
0
1
1
9
241
0
0
162
1
3
112
0
0
1
0
1
0
1
0
8
139
0
514
1
138
331
5
4
136
0
21
5
338
10
24
0
14
19
178
264
102
0
162
1
2
0
3
1310
5
3
0
0
6
34
126
0
8115
76
1
6344
14
1680
114
2024
928
193
826
0
2
33
255
3
578
82
706
2613
120
0
2
1
132
13
4
73
0
24
60
3
0
28
7
26
0
21
1
150
0
12
1
0
28
37
0
589
0
0
17
37
212
14
45
0
4
52
0
1
63
849
0
0
0
0
280
235
1
849
85
3
339
267
96
98
451
0
595
1240
218
2
39
44
223
112
0
0
0
14
0
1
1
69
573
0
0
0
13
102
567
0
6
245
0
266
664
2
1
794
4
20
0
214
1
0
0
0
0
0
13
3
0
0
0
1
0
1
297
153
142
27
96
25
19
80
5
25
51
94
1
7
0
785
25
67
1255
0
2524
61
279
2
6
157
12
13
0
63
265
307
0
5
5
0
204
0
1
201
39
0
43
92
82
7
7
30
1
62
203
5
9
12
106
129
772
28
99
245
7
1
3
0
8
478
3
130
0
80
47
26
163
24
13
0
395
121
8
199
8
28
131
0
146
96
169
0
0
50
1
4
17
171
59
19
7
0
0
721
1
0
31
0
0
7
0
132
0
5
4
14
3
7
11
5
40
28
1543
43
88
70
0
228
0
37
1451
13
0
150
86
210
0
130
208
13
0
0
44
2
0
90
30
0
0
0
25
0
5
0
6
175
1
275
7
0
1
4
47
0
692
103
5
186
2
109
8
687
4
56
31
0
3
459
59
38
20
283
11
45
0
57
32
2
11
0
1
4
1
2
1177
0
429
93
0
15
16
23
210
37
10
26
25
29
0
0
0
0
11
0
131
0
294
37
0
0
6
12
41
1
2
27
2
7
28
0
0
1
0
2
1
312
0
0
0
0
0
8
1
85
0
21
0
0
0
0
2
0
0
0
45
4
350
0
64
43
57
0
4
45
4
11
0
0
1
0
2
55
255
0
0
35
0
1
104
1
0
186
0
0
0
0
1
2
252
81
0
1
13
5
32
0
0
0
0
0
0
0
748
0
0
0
8
0
29
0
91
118
4
2
55
0
18
0
0
0
0
1
14
0
9
124
339
78
2293
32
327
221
253
0
2
15
6
625
10
35
0
180
41
1
0
0
15
6
0
0
919
7
1
25
0
533
13
46
6
135
46
16
2
0
0
136
0
33
435
169
6
21
64
25
101
11
6
101
10
293
59
12
93
186
104
0
0
2
80
0
9
7
2
26
10
136
0
0
0
136
39
0
4
539
5
1
0
9
0
0
301
0
2
1
10
95
17
59
0
0
1
0
8
0
246
0
13
0
0
3
41
0
33
364
0
2212
1
0
59
0
0
0
0
0
0
0
13
0
2
1
386
2
0
54
33
21
10
533
3
0
0
0
11
0
0
0
1
0
0
0
2018
1
0
0
0
0
1928
0
164
0
1
238
31
0
3
58
0
187
0
7
0
0
0
14
268
83
74
45
1
0
0
82
0
41
1
60
1220
0
36
142
39
1
76
27
80
310
2
63
733
0
59
36
180
3
13
144
0
3
1126
3
5
211
26
0
95
0
0
8
343
2
0
4
16
0
350
53
0
0
746
23
0
570
1
68
250
121
5
0
162
457
1
2
0
39
0
0
960
6
2
194
8
0
158
734
433
435
0
13
1
0
0
12
54
18
5
283
1
9
199
10
112
0
0
68
175
1
769
0
36
0
8
252
0
0
0
0
0
24
109
0
464
189
13
7
194
2
0
89
0
1647
20
18
15
3
0
385
23
283
3
0
1
3
4
71
0
8
0
0
0
0
0
0
1
0
0
0
0
0
0
40
0
2
22
10
0
0
0
0
0
42
332
256
254
0
2
10
95
0
10
0
0
0
8
232
0
62
1
4
44
151
296
0
0
1
7
0
14
2
197
365
6
0
38
0
0
2
5
0
185
7
2
0
4
47
2
1
57
1
0
0
1
3
9
15
0
4
57
48
6
0
1
0
0
0
40
451
19
1943
822
84
1
0
0
1
0
0
120
0
236
123
92
0
1
560
822
0
3
0
169
0
0
9
1
0
0
0
53
2
73
31
34
0
0
13
2
718
0
214
117
0
100
130
580
0
136
635
0
0
108
0
0
1
40
0
0
26
128
1
418
5
282
1104
18
254
0
123
155
16
61
162
769
36
56
321
0
912
84
2
0
0
172
1
5
98
211
196
683
291
702
409
27
192
34
0
0
78
95
2
0
4
469
0
10
1
0
0
0
0
0
0
46
19
0
15
484
0
0
0
1
0
0
0
0
0
0
0
0
0
0
0
0
0
0
0
0
0
0
0
0
0
0
0
0
0
0
0
0
0
0
0
0
0
0
0
0
0
0
0
0
0
0
0
0
2
0
101
2588
1
0
7
0
0
1010
0
15
632
107
31
62
0
25
117
0
9
59
462
74
3
9
82
150
0
1
124
0
0
11
89
263
3
120
618
62
686
224
15
19
324
450
9
121
14
23
28
5
42
6
0
246
6
26
5
55
238
110
2
338
48
9
26
1
15
0
81
9
164
118
111
29
2
155
91
286
68
9
24
7
0
215
11
1
4
0
0
227
2
0
25
0
11
0
0
0
0
0
93
161
24
75
41
67
1
12
3
66
503
168
0
328
143
2
0
1
14
178
0
202
1
0
1089
3
0
3
59
3
27
3
0
0
20
1
184
0
0
1
28
0
0
1
53
423
10
191
118
184
56
5
9
31
123
15
9
2
193
0
1049
1
257
0
4
6
2
0
0
0
0
0
20
0
0
1031
2
2
140
40
271
170
60
231
62
1
0
0
601
158
0
123
0
0
38
0
1
0
51
2
903
2
879
0
47
10
629
48
4
121
5
0
7
83
11
0
39
11
306
990
0
5
439
0
1
43
38
45
0
1
0
0
14
44
339
1
1
107
395
226
106
44
184
1
443
69
0
0
0
0
19
353
65
325
90
2
3
0
2
0
35
1
26
2
462
1
0
0
61
0
0
3
1
0
4
528
236
0
23
257
1
0
20
0
0
0
3
0
2
282
0
91
0
0
4
108
0
0
1
8
170
0
0
1
62
0
78
139
16
129
0
264
53
10
130
0
11
39
195
1
1
0
0
1996
111
6
3597
181
0
0
396
0
10
2
1390
0
19
0
4
176
42
0
0
1
0
0
10
0
0
0
0
213
81
2
111
35
3
0
31
2
23
27
0
6
0
33
149
294
0
59
181
0
196
10
999
70
617
0
1
0
1
25
113
0
0
144
1
196
682
0
329
0
0
0
0
29
7
1
83
16
169
98
772
3
553
10
12
0
2
0
17
0
10
61
3
12
8
0
0
11
59
284
0
0
93
4
766
95
6863
54
307
0
121
2
53
11
0
15
115
0
176
3
0
78
116
1
0
1
0
0
1
119
1
0
0
1
164
68
1878
2
65
512
3
3
62
1
1
0
0
3
218
0
0
0
0
0
0
396
4
2195
1
218
264
58
146
152
91
0
194
958
79
118
256
0
0
0
0
0
4
1
0
7
1
22
217
96
79
101
8
94
3493
780
625
45
3
0
1
243
0
55
0
153
0
15
0
385
1
0
2
1
0
0
939
0
14
363
54
165
4586
0
29
84
3
203
41
63
5
5
36
2
68
48
20
152
273
15
0
1
0
163
0
172
212
563
2312
150
0
2
0
0
0
1
6
26
0
0
0
0
0
0
0
0
175
193
1
0
8
87
0
30
260
3
172
81
0
82
4
0
0
0
0
0
0
0
0
0
190
3
14
0
0
0
98
2
0
157
21
1
0
0
62
3
3
26
0
42
21
1010
60
19
10
40
111
2
45
0
443
3
29
20
122
152
108
58
169
167
128
99
316
159
24
18
14
185
0
0
236
73
118
655
668
182
791
21
354
0
2
536
28
1169
134
2
94
232
70
3
94
0
27
1
21
480
1
56
210
78
150
2
0
569
0
0
237
372
15
77
40
198
2
126
22
19
9
15
1
1
733
7
41
1
117
78
0
799
114
1
0
3
0
137
1
0
391
7
2
0
22
0
0
1
379
250
157
5
217
14
148
19
0
0
11
1
120
1
63
2
0
355
448
197
0
67
1
324
230
4
25
698
25
0
4
140
4
17
0
4
180
0
2
38
310
0
2
41
122
53
0
15
214
114
80
2380
0
30
157
1
9
94
6
0
0
3
80
0
1
0
8
78
1187
1
1
52
1
213
2
71
546
7
11
6
3
121
0
4
13
38
117
0
1
1597
1
7
360
460
6
0
159
141
125
507
10
65
123
0
211
18
131
0
1181
3
869
20
28
3
22
46
3
866
519
374
1
6
20
0
0
0
1
0
240
159
82
13
85
1
184
212
418
191
372
0
1
23
89
902
9
9
117
129
160
0
0
5
107
628
296
0
214
0
231
0
34
222
120
0
88
0
249
205
0
0
9
25
0
285
6
57
0
0
0
0
0
0
1
305
624
6
0
68
0
0
0
0
47
997
0
186
3
0
1
0
18
0
1
1
0
0
0
0
0
139
9
1289
0
53
1139
8
0
0
26
1
12
341
0
598
0
0
1
170
0
34
54
114
0
0
0
0
0
0
0
0
8
18
479
161
0
3
419
0
0
0
3
0
107
0
0
2
0
0
0
0
29
0
2
11
1
0
0
218
0
1
0
111
0
1
92
116
4
3
6428
0
18
0
168
466
3
0
40
0
3
1125
0
0
0
0
47
128
0
1
0
0
56
1
0
0
0
0
0
0
0
0
0
15
0
191
2
1
196
4
0
70
2
0
0
25
0
0
0
0
63
529
14
0
6
58
109
25
0
3
228
187
4
500
0
0
297
0
0
3
0
1
9
0
0
65
1119
0
1
99
0
0
2
21
5
0
0
13
0
3
0
0
0
1048
0
50
0
1164
81
268
0
215
1
0
0
1
131
344
0
0
0
2
2
1
0
418
45
18
5
1813
61
225
54
214
0
121
0
0
0
1
31
203
0
0
51
2
0
0
5
1
0
1
0
41
1
234
1
30
0
9
0
5
0
0
0
2
1
0
0
0
9
0
0
0
0
0
0
3
257
1
1
0
0
0
0
31
1
344
0
1
65
1
0
299
0
4
82
0
61
1
138
100
1
8
1
0
1
0
0
0
0
0
72
0
0
0
71
1
2
100
6
248
241
11
15
0
605
36
8
1
0
46
342
23
0
86
180
34
184
4
177
15
81
487
0
2
51
30
0
0
16
0
0
2
0
4
236
4
0
11
0
1
240
0
2
0
0
46
3
234
91
456
16
291
25
4
2
1
500
15
0
0
0
0
1
0
1
61
0
80
0
0
0
722
0
154
96
0
0
131
0
1
129
0
0
47
0
0
98
0
134
0
101
0
61
222
21
216
309
0
3
6
22
473
36
0
417
107
6
0
3
0
0
0
279
7
152
0
14
0
58
1
1
440
0
361
0
0
0
0
0
0
1
0
0
0
2
0
123
234
0
0
0
1
0
3
1
15
37
1
412
38
2
372
0
1239
1
0
0
4
0
11
1
0
1
378
0
0
0
0
152
0
128
0
0
0
404
0
39
0
0
0
0
1
14
3
0
0
0
0
50
0
0
1
0
0
425
677
494
1
274
0
289
2
126
347
1
91
4
270
22
0
0
0
0
0
0
0
0
1
1
64
0
0
0
0
0
0
0
0
0
0
191
0
34
0
0
0
0
0
0
0
0
433
205
0
0
7
0
4
0
1
119
151
323
22
1
1
0
0
0
0
0
0
0
0
0
0
0
0
2
140
0
466
0
1
5
1200
9
0
87
1076
1
0
221
132
0
0
0
0
0
0
0
0
0
0
0
0
0
0
142
0
2
0
4
0
0
0
2
0
253
6
385
1
10
0
4
0
0
0
0
0
0
0
0
0
0
0
0
1416
0
0
62
0
0
1
7
86
0
0
3
2
2
140
117
154
19
47
10
361
7
21
0
0
0
163
0
25
243
56
2
0
0
14
345
4
21
2
112
94
18
1
253
6
64
2
10
234
6
66
0
30
1045
0
2
784
2
9
0
0
86
211
168
2
130
0
56
0
1
2244
3
152
232
317
158
390
215
646
6
0
324
2162
1978
3
117
18
1
264
1
311
0
10
15
662
275
10
3
35
163
67
243
47
1
2
19
405
0
110
279
0
13
6
411
25
1
43
0
27
0
490
179
14
526
1
159
480
124
44
382
526
2
591
163
20
4
419
0
4
2
123
1621
8
147
20
0
239
35
0
1
0
23
215
381
188
35
0
8
110
2
17
1
64
3
676
2105
0
8
4
0
6
462
7
0
443
272
0
20
170
142
3
1
0
344
5
2
0
89
175
0
180
25
2
47
0
153
6
5
0
224
892
161
4443
538
579
231
27
3
40
18
64
63
211
0
40
12
23
156
7
117
0
162
2
3
2
38
19
212
14
15
29
101
51
0
715
5
1
0
94
8
43
5
188
25
153
415
17
5
0
0
10
732
396
407
106
19
141
0
219
0
59
11
407
462
2
0
0
267
0
0
104
23
290
130
0
64
0
0
0
238
5
0
1
50
57
13
196
327
2
149
19
63
55
2
0
0
4
4
36
28
105
237
18
663
31
2
0
0
0
0
0
0
85
1718
3
0
3
30
29
7
0
246
0
98
0
236
221
76
94
0
1
1
430
0
0
0
8
2
1
8
0
58
6
0
1
5
477
1
1
1
13
1
143
318
4
2
32
0
12
1
59
0
12
239
23
100
89
276
54
0
550
16
82
157
0
48
1
0
0
0
140
0
1
5
1
0
0
0
143
0
0
0
1
35
70
0
0
245
0
0
100
1
284
77
234
0
0
51
0
95
68
1
61
2
87
3
0
330
1
1
0
65
212
119
226
11
134
1
1
72
4
6
1
24
6
7
0
33
1
55
284
961
56
75
0
307
197
26
82
170
267
1159
179
1344
21
4
236
94
88
473
0
743
12
87
240
0
1
0
0
65
128
124
63
1
28
13
19
2
376
12
0
67
110
121
57
29
83
13
94
204
1
16
401
1
109
63
357
1
71
14
0
0
87
9
7
1
9
129
509
25
8
11
62
0
66
0
0
3
0
89
2
1
13
647
1
23
0
43
151
72
5
0
23
0
345
0
745
29
244
860
0
445
225
0
0
6
0
0
10
14
0
0
71
3
30
0
306
5
219
53
1
182
1
0
28
162
51
2
2
82
408
2
286
337
88
4
64
29
0
202
0
98
833
9
117
170
0
0
1
31
13
115
1
116
77
0
12
37
276
0
0
0
1
245
0
104
58
0
184
142
448
177
0
1
81
22
2
0
0
19
0
0
0
1
4
9
283
0
5
0
0
1287
6
291
733
81
107
0
0
0
0
747
2557
0
0
0
0
54
0
4
205
110
0
0
568
0
169
1
239
0
166
2
146
2
139
13
93
0
0
0
47
211
15
218
2
0
72
44
0
0
1
519
12
7
391
41
10
0
35
0
732
0
0
1
1
56
48
235
0
28
138
0
3
13
62
68
45
128
12
0
3
31
57
98
6
1
0
0
0
2
65
53
109
0
12
174
13
1
59
1
8
134
5
147
396
2
44
0
119
20
269
2
10
0
38
13
7
0
17
1
7
280
1811
167
797
3
7
191
79
1
345
0
160
1
160
6
1
421
3
339
10
13
114
0
278
0
3
0
122
0
75
30
0
1001
49
51
54
8
2
106
89
25
1
626
512
96
399
344
0
1
180
1
235
1
68
5
241
82
189
220
60
15
0
380
106
0
33
91
28
12
13
0
66
0
0
23
14
60
17
0
169
174
292
263
48
232
0
1
115
4
1
1
64
0
244
23
0
0
12
6
0
0
3
5
0
0
0
0
0
0
2
3
0
3
0
1
0
0
0
19
2
2
2780
7
34
211
11
0
14
1
238
90
1
0
110
3
21
0
0
0
0
0
0
0
0
0
0
1
0
0
0
0
0
0
0
224
0
0
0
0
0
0
63
15
87
15
428
2
1
25
0
0
0
0
0
0
27
0
0
0
0
0
0
0
0
0
0
0
492
4
326
65
117
0
0
0
33
0
11
270
0
58
22
186
172
1
23
3
0
0
49
0
0
13
3
359
346
0
0
45
0
225
177
0
406
0
2
0
124
45
11
3
658
1
45
27
2
1
5
0
0
0
0
0
6
19
24
130
0
1
28
8
0
0
915
186
28
2
28
0
142
1
326
0
0
10
1
0
0
0
11
8
17
0
8
0
0
44
31
0
160
0
0
0
90
50
4
62
0
1
13
1101
19
0
165
11
0
2
29
1
25
147
0
33
0
0
0
3
71
7
12
26
0
1
41
31
43
1
16
6
35
0
10
52
218
0
8
22
196
1
13
198
0
0
25
93
2
43
0
81
13
21
38
1
3
108
47
1
3
6
42
45
18
19
12
0
0
31
0
57
80
1
6
112
0
38
17
21
0
0
72
0
9
56
20
52
5
0
9
14
53
3
487
0
4
355
4
0
373
51
486
42
0
137
2
0
7
148
2
3
0
0
36
0
71
3072
0
247
39
0
1
1299
186
0
9
921
20
0
148
41
19
106
0
31
3
14
5
0
0
290
1
0
0
0
0
0
1
28
12
521
70
83
1509
128
250
639
73
0
0
19
0
26
0
0
0
0
0
0
4
61
31
2813
68
18
131
63
0
68
5
3
239
18
182
0
2
46
0
77
0
177
9
115
277
92
188
111
90
160
3
0
28
0
1
51
0
0
0
1
24
0
0
99
70
0
278
47
26
0
161
21
4
4
1
59
85
53
12
1
17
22
3
1
3
526
0
22
0
1
1
0
0
233
5
459
3
212
0
4
9
16
305
0
67
85
105
0
179
171
7
1
2
111
3
8
49
0
183
0
0
0
1
0
0
0
0
0
0
0
0
0
0
0
0
0
0
0
79
24
14
32
0
0
0
7
118
29
19
29
5
114
0
85
77
1
6
51
3
0
0
41
17
34
0
11
0
7
0
29
14
424
2
51
56
203
59
84
3
51
0
3
1
59
32
1
15
12
187
47
4
335
62
49
133
266
0
145
65
5
0
0
0
3
81
81
140
27
9
72
39
220
0
2
31
14
0
0
4
0
4
29
84
13
69
122
5
15
283
260
4
97
65
50
6
78
0
65
1
185
0
280
0
544
2
53
7
38
0
11
31
0
2
1
0
0
1
0
0
0
0
746
1
191
3
0
1
2
4
44
1
0
203
0
25
1
16
0
332
100
0
69
52
2
75
796
2
78
165
50
58
76
180
30
34
79
30
2
25
8
237
2
0
9
120
1
22
80
1
489
0
5
2
29
0
0
0
40
0
96
0
0
38
191
0
8
0
3
2
23
15
1
220
0
59
30
0
0
278
45
0
6
754
0
146
1
177
89
9
7
480
7
20
3
3
0
84
1
9
333
0
508
0
6
146
1
1693
97
16
8
0
0
0
0
0
0
0
0
0
0
0
0
6
1879
20
4
121
0
865
22
6
103
28
3
0
0
0
0
0
5
84
118
0
13
731
523
405
547
95
72
83
1
32
111
975
14
73
21
0
10
0
227
19
1
204
23
149
0
10
208
143
189
3
247
0
107
11
250
20
0
1
0
1224
21
18
145
22
1
15
0
85
1
1
706
2
1
47
8
4
1
0
0
15
0
3
0
11
128
0
145
4
3
16
0
17
0
0
0
0
0
0
0
0
1
0
12
21
0
0
0
1
10
2
5
0
12
0
0
0
0
9
0
140
0
0
39
8
0
0
0
25
0
3
2
8
4
0
0
109
0
0
0
4
0
23
1
2
0
4
89
0
0
55
16
1
112
42
43
228
2
221
27
0
64
0
275
1
124
0
226
0
8
46
127
0
6
0
289
284
0
253
150
122
38
54
2
0
44
0
18
34
0
0
1
475
5
111
20
0
18
1
0
0
1
0
57
150
185
98
62
200
0
0
0
2
4
0
0
125
1
8
0
3
0
0
0
2
96
47
148
4
118
27
380
304
33
0
380
7
1
3
107
18
3
0
66
17
0
4
23
112
4061
112
410
0
3
1
0
3
53
0
7
0
0
0
4
1
1
0
0
6
0
5
8
7
265
143
591
0
0
0
6
1
15
777
6
304
327
42
50
7
76
7
73
3
0
0
1
1
1
49
576
15
0
64
0
0
28
16
25
0
0
35
42
42
38
4
94
221
34
17
201
11
2080
3
0
0
0
1
0
0
0
0
0
219
295
0
0
0
34
2
0
0
10
0
3
14
15
5
51
1
0
42
2
27
16
1
0
0
2
0
1
2
13
0
1
1
0
158
1
76
42
8
228
264
21
0
36
7
16
0
80
0
0
56
9
0
6
3
5
0
32
0
23
55
55
16
6
14
71
0
53
1
69
0
24
5
137
57
95
0
144
220
986
0
126
10
21
62
177
3
33
159
42
209
230
0
32
92
5
128
13
5
18
9
7
0
2
3
100
0
0
28
71
10
18
2
22
188
53
0
9
0
39
189
80
115
7
276
0
125
0
229
129
7
0
0
3
0
3
0
0
0
0
88
0
0
0
0
0
0
0
0
0
15
10
0
0
0
11
0
1
0
1
119
11
2
0
0
0
0
0
0
0
0
0
37
269
1
1
197
2
6
0
53
7
251
2
0
0
0
0
0
0
0
0
0
2
0
0
0
0
0
0
1
0
18
25
0
76
0
3
1
13
0
0
6
0
3
82
0
10
213
841
322
1
0
0
216
53
73
100
198
1
9
96
0
0
0
50
24
7
0
0
25
58
0
1
0
22
116
149
729
110
5
0
87
0
5
0
11
2
127
0
2
1
1
2
33
794
0
0
14
55
29
0
0
557
0
0
0
0
0
141
0
0
0
0
198
0
455
0
122
0
0
0
0
1
12
0
0
1
5
0
0
0
0
0
0
29
0
0
1
1
312
383
0
37
8
143
0
0
1
10
1
0
0
0
29
183
1
43
0
1
110
1
0
469
808
195
0
0
39
16
2
31
99
0
73
4000
3
0
0
0
0
0
0
0
0
0
0
0
0
0
0
41
0
22
1069
204
2
20
35
156
139
1021
2
0
1
2
2
777
0
567
9
32
109
1
65
2
4
2
0
335
6
30
0
197
26
173
7
479
298
4
264
0
3
0
0
0
3
70
3
5
0
16
183
31
0
4
10
77
35
842
6
6
95
0
0
73
86
80
0
1
1
21
85
129
4
370
205
97
108
149
297
57
53
3
5
2
132
10
31
222
100
2
44
30
55
1
0
931
5
0
569
1
3
391
18
0
124
168
22
0
0
112
5
0
0
3
281
21
1
269
632
31
0
0
4
520
0
0
0
10
129
16
1
124
2
66
0
1123
154
2011
0
26
0
0
16
79
4
51
1
0
0
0
0
0
1
0
28
252
8
464
7
231
365
18
296
0
92
315
140
253
0
0
3
107
0
0
168
0
8
26
0
0
2
252
3
0
185
0
140
1
605
19
220
0
2
3
0
491
9
271
132
47
285
4
376
0
0
1
0
0
106
2
1366
136
1
196
78
68
1
3
1
5
2918
18
2
294
198
0
159
14
131
224
1
606
448
301
51
0
0
0
0
0
0
0
169
86
0
0
0
435
0
0
0
12
0
132
0
68
87
158
5
4
3
0
1
180
283
0
0
1
0
2
702
15
1
1543
55
1
1
138
323
2
3
340
0
92
83
0
0
0
0
0
0
0
0
57
0
0
0
0
0
0
33
0
9
74
15
510
31
13
0
0
1349
0
0
0
234
0
1175
61
11
206
282
15
532
51
551
16
113
19
1
0
0
150
2
54
107
0
0
7
0
0
0
0
0
0
218
0
70
1
710
95
121
91
12
0
1695
18
665
132
97
1
130
1
96
0
3
1
275
0
8
1
131
106
423
227
2
483
26
0
0
0
1
140
0
1
401
0
179
0
2
5
37
12
109
243
518
84
0
3
0
0
0
1758
0
206
12
2
0
0
0
0
1
0
0
151
0
0
0
65
33
0
36
72
1
5
8
0
31
43
8
1
113
0
0
0
0
0
41
394
27
1002
577
0
159
60
634
8
172
0
2
48
976
81
54
208
0
0
61
4
0
0
5
4
0
1
3
3
0
4
72
0
1
169
0
77
682
25
2624
82
17
18
497
15
4
0
208
17
0
58
22
43
57
0
531
0
34
6
28
0
127
238
45
1
9
477
1
17
3
207
5
65
0
21
187
0
0
4
23
82
92
0
29
359
8
131
153
9
1
8
29
3
433
167
29
14
20
1
5
1
180
1
0
0
68
1
2
9
0
0
75
64
7
0
0
3
0
0
0
0
0
0
3
85
464
3843
5
0
0
0
0
0
0
0
0
0
0
389
62
335
843
361
0
55
1624
350
328
0
6
148
707
70
258
37
19
38
55
248
1
26
18
2
166
0
0
122
564
464
0
96
40
659
283
2
2
632
176
58
1
3
10
0
0
13
126
12
1
0
348
3
316
8
0
0
0
252
19
48
776
1
0
0
0
0
4
0
0
0
1
0
0
0
0
0
0
0
0
0
0
1
0
0
0
0
0
0
0
0
0
0
0
0
0
0
0
0
0
0
0
0
0
0
0
0
0
0
0
0
0
0
0
0
0
0
0
0
0
0
0
0
0
0
0
0
0
0
0
0
0
0
0
0
0
0
0
0
0
0
0
0
0
3
0
0
1
23
0
0
3
0
277
192
5
12
56
8
598
0
1
3
0
0
162
1065
19
7
0
33
0
185
205
459
738
4
15
8
6
0
113
538
1
38
162
0
63
23
68
63
1
0
0
0
19
202
0
0
0
0
0
0
0
0
0
0
878
1
308
143
114
66
178
891
5
0
34
187
143
95
896
4
108
94
16
0
52
0
84
31
4
5
46
1797
1019
52
124
1
0
32
8
0
24
0
0
0
339
0
6
78
744
19
216
341
2
0
0
248
2
21
82
0
0
9
161
62
4
70
49
15
0
0
0
1
0
0
0
0
0
0
0
0
0
0
0
0
1
4
0
0
118
0
0
0
0
159
1
72
315
212
2
146
1
0
3
28
0
10
2
0
1
0
0
0
0
1
0
5
0
7
0
0
12
429
7
5439
1
146
0
1679
40
1
1
44
89
75
0
116
0
105
55
455
33
31
95
1
0
0
0
0
25
0
2
59
0
225
0
7
0
12
0
0
4
0
289
171
336
10
191
266
37
108
102
37
0
13
2189
1
21
0
21
0
0
0
0
0
0
16
558
1
89
1
0
2
24
0
0
0
0
70
0
18
208
0
3
8
481
2
0
0
15
0
0
14
0
990
308
271
1
0
98
0
0
0
2
0
0
34
0
1
73
357
10
1
32
18
382
169
0
15
57
0
9
0
0
0
15
0
0
0
810
229
0
46
122
108
0
0
0
0
0
2
0
0
0
49
0
0
0
124
10
217
574
0
22
1394
5
1442
51
139
5
612
44
110
157
12
213
343
62
0
0
0
0
0
0
0
0
1
334
94
0
43
137
754
8
0
0
0
0
0
0
0
0
0
0
0
0
28
0
225
243
0
4
0
1
1
99
0
2
0
6
0
0
1
0
0
0
6
26
3
0
786
0
0
0
457
4
2
0
633
0
253
32
117
921
10
0
53
112
6
0
195
0
74
0
0
0
102
2
3
0
0
0
0
0
11
12
58
0
0
0
1
0
0
0
0
0
89
556
0
7
0
0
0
0
0
0
0
0
0
0
291
0
230
421
189
1
55
18
10
93
48
0
0
0
419
0
0
0
0
0
0
0
44
57
2
2164
27
108
0
18
0
187
77
696
58
0
0
0
40
0
0
1
2102
0
29
2
170
123
0
531
109
151
37
3
52
0
1
1
0
0
452
1
0
13
395
28
2084
0
7
20
416
36
0
82
925
74
1
250
0
284
0
13
199
0
0
12
169
1
0
92
0
9
114
46
1
0
78
0
11
711
5
44
38
10
24
446
26
1
0
218
1
1
184
64
0
0
0
0
3
468
525
647
12
0
2
86
1
0
33
0
4
209
1318
8
49
132
139
48
697
1
0
0
2
3
3
0
0
0
0
187
393
175
85
938
527
90
33
35
1
0
0
1
1286
5
3
2
144
0
17
199
2
151
0
0
513
3
0
0
72
0
1
500
57
150
0
1
171
0
0
18
161
0
139
0
0
0
94
0
0
0
0
1
0
0
12
8
1
5
70
3
0
22
56
0
0
0
23
4
0
0
0
0
2204
661
3
0
0
72
12
0
29
26
1
0
189
164
17
52
27
3
152
258
336
5
7
14
9
41
1
4
58
250
0
16
284
0
0
93
0
2
88
0
74
4
43
0
0
6
1639
5
21
756
20
411
8
0
32
4
0
1
83
1
944
14
73
45
439
206
0
12
0
5
62
1632
0
149
0
196
147
2
168
332
91
223
17
10
9
651
134
236
2
145
109
232
3
38
3
270
0
4
894
196
0
154
1
182
2052
0
60
6
1
0
0
0
0
0
0
0
0
0
0
0
141
83
256
4
24
4
0
26
214
2
314
353
1
0
2749
121
525
86
0
92
17
0
17
0
24
0
0
1
0
394
6
8
1
6
35
183
39
506
80
124
13
0
0
256
997
28
26
199
5
283
50
0
3037
15
185
570
12
160
211
3
22
7
258
2
0
22
1
3
0
96
253
4
1
212
94
82
81
200
1053
145
203
0
266
16
12
5
0
0
0
0
481
179
0
0
629
11
364
1
186
0
278
31
0
0
0
0
4
187
0
1
47
553
0
3
0
0
0
4
0
361
171
0
106
22
143
91
0
0
0
0
0
225
1
299
2
26
8
117
181
84
173
2
0
0
118
289
3
0
0
35
2
0
0
0
25
0
0
212
6
0
2
0
79
382
0
0
0
0
0
0
5
0
0
2
41
89
2
364
10
0
0
0
0
44
5
181
0
0
101
308
0
0
0
0
0
0
0
1
0
1
17
243
0
10
2
0
1154
9
122
71
207
0
0
40
618
3
1594
107
140
18
22
36
69
45
84
116
192
96
0
5
3
0
0
10
0
14
12
5
35
68
10
5
0
67
106
165
498
10
0
5
758
18
133
115
0
216
14
1
0
416
2
352
0
91
0
4
186
1
127
18
1
92
1
2
125
0
5
0
0
0
0
0
0
0
78
4
0
0
0
0
76
37
90
0
321
0
4
0
0
96
57
200
44
0
21
2
2
648
0
158
3
0
0
83
1
82
17
24
9
195
219
0
779
0
0
0
0
0
0
0
77
0
0
0
5
0
2
0
0
116
8
1744
20
11
0
90
35
357
1401
0
0
260
515
0
110
0
0
0
0
71
444
3
87
84
0
1113
1
3
0
1197
25
128
0
233
0
0
0
0
0
641
0
0
0
1
250
116
2
9
710
159
51
325
0
171
136
2
9
1069
514
15
37
38
49
64
0
9
6
10
34
0
63
2
0
0
0
0
0
0
200
0
92
0
0
460
0
0
0
0
9
3
0
120
0
4
23
79
0
0
273
0
0
1828
0
720
7
0
3793
63
53
95
0
22
4
1
7
361
109
340
2
131
115
130
0
0
0
0
6
0
185
18
0
0
0
0
920
0
0
62
0
0
25
103
38
579
15
61
298
4
31
0
4
2
6
1
1
113
0
0
440
133
34
702
682
744
0
420
574
0
24
1
52
597
35
287
0
918
0
20
1
0
2
60
0
20
1
0
30
1
0
0
0
0
0
0
0
0
1
54
21
28
45
15
5
370
152
690
2
0
0
0
83
31
0
4
120
0
285
6
0
37
438
32
40
2
134
202
11
0
0
11
33
1
0
22
85
0
0
107
0
1
0
43
0
25
1
686
126
0
37
5
0
0
0
437
134
215
1
78
1
0
0
65
97
162
56
103
2
1
184
201
0
176
113
7
15
2
87
181
3
62
1711
2
231
2
54
0
30
0
6
0
0
65
0
0
0
47
107
0
5
2
0
48
15
175
0
0
0
0
25
0
0
0
427
18
57
39
77
1
21
167
0
11
182
0
0
288
0
0
0
0
0
0
130
0
97
184
0
8
2
0
0
33
1
0
0
14
51
0
257
175
22
1
0
0
4
0
0
0
0
0
287
4
0
0
1
0
0
177
1
0
0
3
64
722
195
0
44
14
0
0
0
2584
0
0
89
0
0
3
0
412
3918
0
1
295
56
142
0
52
76
105
0
0
0
43
48
14
61
38
0
21
0
1
73
0
0
24
0
0
42
31
0
291
59
142
0
0
0
0
2
715
0
0
0
296
0
4
4
212
0
0
39
42
0
0
0
0
0
0
0
0
2
0
7
0
61
0
0
0
0
0
39
66
0
0
1
0
0
6
7
110
136
0
0
0
0
0
0
0
0
490
0
0
0
0
0
0
0
0
0
0
0
2
0
0
12
1
48
389
0
0
0
793
15
6
408
0
1
87
6
51
20
99
145
9
1
0
1
1
0
0
9
0
0
0
0
0
0
0
2
3
0
311
1
12
1263
2
171
0
6
42
2
0
6
7
20
2
10
1
30
167
175
92
720
8
595
407
2
0
0
0
0
2
2
97
3
89
0
99
1
0
0
0
0
0
0
0
0
0
1
167
32
532
23
272
1
3
0
29
35
0
23
1
228
49
255
0
356
0
44
281
5
109
1098
47
566
177
193
1537
178
11
205
79
7
5
266
5
1
372
0
0
130
0
0
156
8
0
165
15
223
0
274
63
40
3791
275
206
29
591
0
0
0
227
1
0
86
278
1
357
59
0
189
24
23
71
74
209
488
74
0
7
300
1
123
523
563
7
0
0
1
134
3
148
303
1
195
26
0
0
0
4
0
1
0
1
1
475
0
0
0
71
55
28
3
0
45
0
0
0
0
0
41
1
708
6
301
354
941
6
1024
0
0
13
0
0
2
531
107
0
0
193
0
17
21
0
0
20
8
377
10
0
74
0
48
745
58
3
1
109
254
44
36
0
0
0
12
1
0
572
96
13
0
429
0
0
0
12
0
0
2
3
0
109
150
0
1
4
197
21
5
0
0
0
0
0
0
0
0
0
1
0
0
5
30
11
4
58
84
8
15
1
23
217
0
7
88
253
1
0
4
104
34
0
0
246
0
71
154
0
4
21
0
78
1
0
1475
8
0
0
318
111
2
0
0
0
0
0
2
0
0
0
0
71
1
480
0
87
168
262
402
63
30
23
160
191
96
319
0
0
27
0
117
1
0
0
28
239
1
3
1
203
3
98
0
152
58
871
12
101
7
0
21
112
405
3
2
46
2
0
0
0
0
466
3
0
1
5
1
1
342
0
0
1199
0
0
9
0
0
0
0
0
0
0
58
11
40
16
104
0
11
5
0
5
0
0
0
8
0
0
0
141
37
8
32
1
1965
0
62
47
2
0
0
0
0
0
146
158
1
0
0
952
8
270
0
2
3
1
781
3
1
232
996
3
307
216
44
231
1
0
0
210
0
54
360
30
17
0
0
16
0
0
0
0
4
0
0
2
0
120
11
54
171
133
153
0
504
56
32
49
2
11
61
96
73
15
95
14
0
8
1
0
0
0
0
21
87
15
4
27
0
2
0
1
129
2
323
19
22
790
16
165
59
0
1
0
0
0
3
0
0
188
0
0
10
2
1033
0
0
0
2
0
0
4
0
684
761
0
8
1
117
120
160
19
3
12
0
357
21
4
4
2
0
222
36
8
0
21
0
166
286
169
76
52
37
233
43
6
29
0
9
1
0
7
0
232
13
0
10
0
8
0
26
24
0
0
20
0
0
0
2
0
0
27
0
0
0
102
0
0
109
0
52
0
0
0
1
0
0
0
0
0
4
0
2
1
0
0
30
0
0
0
0
0
9
0
0
2
0
0
0
0
0
0
0
0
3
0
41
71
79
0
0
1
25
8
0
1082
1
0
0
0
0
434
30
0
0
0
0
0
1
448
110
0
0
63
0
0
2
0
114
0
0
0
0
0
0
0
0
0
0
10
0
0
0
0
0
0
0
0
0
0
0
0
0
0
0
0
0
0
37
0
0
0
0
1
0
0
0
0
12
0
11
11
104
112
374
1
2
0
0
0
0
9
533
0
35
0
0
0
0
0
0
8
42
0
27
687
26
0
1017
114
36
0
666
2
6
1
1
1
0
0
0
18
0
0
0
0
0
0
0
0
0
0
0
0
0
0
0
0
0
0
0
0
0
0
0
0
0
0
0
0
0
0
0
0
0
27
0
8
107
12
383
4
66
0
0
0
18
0
0
0
72
4
59
0
0
68
182
38
1181
17
0
0
0
0
0
0
1
0
0
0
80
0
11
95
240
148
234
0
7
225
5091
34
0
156
382
96
48
1
163
395
6
0
0
0
1
0
0
0
0
23
56
25
0
0
258
0
1
4
226
0
965
2
0
4
552
6
532
23
0
0
0
0
0
0
73
2
5
17
1201
0
2
0
136
1
4
752
11
0
0
3
0
0
41
0
1747
0
45
0
1
7
0
0
40
1875
0
5
1
461
55
11
2
1101
3
12
0
2
1
0
1
172
8
0
297
152
226
0
1232
0
4
2
20
0
145
0
153
0
93
239
2
5
419
2038
0
150
17
18
19
488
4
0
21
2016
9
5
1
1
40
541
1
0
102
7
0
0
0
0
0
0
0
182
0
2
0
3
0
200
815
144
81
8
436
342
1
3
13
0
2
140
19
8
0
4
10
1081
196
98
0
0
49
0
0
6
3
0
0
2
3
2
0
0
0
0
0
0
0
0
0
0
0
0
0
0
0
0
935
0
88
458
33
10
3
1
27
24
0
0
0
115
0
0
227
0
0
0
0
2
139
0
1
56
4
26
1
0
0
573
1
0
0
0
475
4
0
23
0
152
1
41
502
1
22
50
183
519
703
10
390
0
8
4
0
0
0
0
0
0
0
0
1
3
1
0
0
0
0
0
0
0
0
0
0
0
145
1
0
60
0
67
3
19
12
1
118
75
73
19
444
1
3
713
5
41
15
0
2
0
2
0
0
0
20
0
0
0
24
4
98
0
1
129
0
0
86
0
0
7
312
19
62
69
19
3
255
2
4
4
56
0
0
1
0
0
43
17
139
104
108
70
83
7
5
644
7
147
71
44
7
2
10
3
52
1
0
0
0
12
8
0
54
544
0
290
0
68
0
119
83
34
3
167
155
15
21
5
0
4
12
0
8
5
0
0
0
83
24
0
107
30
0
0
52
480
84
348
114
40
70
0
0
0
0
0
0
0
0
0
0
0
0
0
0
0
0
0
0
0
0
0
30
189
0
6
1
0
0
0
0
0
0
1
0
0
0
0
1
0
0
0
0
17
0
1
0
0
0
0
0
0
0
0
0
0
0
0
0
0
0
0
0
0
1
0
0
0
0
0
0
0
0
0
1
0
0
0
0
0
0
0
0
0
0
2
0
0
0
57
0
62
0
0
0
0
0
0
0
7
2
2
1
137
0
6
0
0
12
0
19
3
3
7
64
0
3
120
4
121
107
0
200
0
3
21
8
44
4
33
19
178
0
554
196
74
124
1
2
1
8
0
330
199
121
457
2
0
0
55
0
444
15
2
2
140
1
18
2
13
2
0
58
1
0
0
0
71
0
0
0
0
0
0
0
2
0
5
548
47
79
6
59
0
2
197
2
91
23
3
1
1
0
0
0
0
0
0
0
0
0
0
0
0
0
0
0
0
6
175
345
25
8
58
377
70
41
5
0
109
0
19
74
1
1529
77
20
334
8
0
0
1
65
43
47
0
0
27
18
159
168
309
60
0
0
0
0
78
2
1
9
0
65
83
18
42
69
0
8
0
0
0
12
4
31
91
147
31
313
22
59
115
2
0
459
6
67
649
1
58
0
467
172
9
63
12
48
134
7
437
145
1056
139
0
101
0
1
3557
0
0
0
1
0
2
11
0
0
1
0
0
5
0
0
0
237
0
586
0
0
0
260
2
0
180
0
2
7
0
0
0
0
0
0
142
1
1067
0
281
0
0
50
62
1
29
9
487
2
0
293
24
5
8
0
71
13
242
122
883
1
1
227
6
91
0
0
0
108
0
0
0
38
24
0
0
227
430
30
12
0
14
0
122
1
21
166
0
0
99
366
0
48
117
624
121
0
4
7
34
61
0
194
436
56
2
81
139
42
0
1
45
1
0
0
224
0
0
1577
11
220
42
139
138
0
293
3
0
0
13
5919
7
21
33
1
6
27
511
225
14
231
2
8
175
15
5
7
137
0
8
1
0
17
0
5
11
13
2
233
50
21
1
1
312
13
72
44
0
208
0
1526
146
31
0
91
24
373
1
1880
39
0
262
8
118
8
2
0
65
129
118
87
131
702
0
0
121
10
7
175
218
52
3
1129
63
554
55
1
201
122
112
75
119
19
3
10
285
1
29
12
1
0
128
63
27
51
93
48
4
9
368
1
2
3
2
5
0
152
10
94
40
261
7
10
306
328
1
2
33
14
153
71
53
0
0
1
0
0
1
18
2
2
1
16
119
62
65
11
3
0
0
37
0
0
233
3
70
0
17
0
428
100
1
0
376
0
7
0
71
0
42
3
0
0
4
8
2
21
235
1
0
1434
16
8
542
1
77
233
10
0
408
653
23
273
2
0
21
0
0
0
0
0
0
0
0
0
8
0
0
17
0
0
7
5
0
754
21
1
1
229
74
27
161
1
716
1
0
1
9
1
872
11
24
666
1
13
228
382
33
71
883
51
0
1
634
181
33
0
433
220
0
0
14
457
127
1
2
3
0
52
1
202
3
1
14
251
125
0
20
0
74
0
0
43
0
2
0
0
4
0
56
0
0
0
260
270
25
1
44
40
53
0
75
1
0
24
280
142
3
3
221
0
0
0
9
0
0
0
0
1
7
0
2
67
1
137
0
4
61
277
0
0
0
0
0
376
154
1063
11
112
4
86
230
17
111
226
0
269
1
40
133
80
401
183
82
25
0
14
109
7
43
0
49
206
11
101
0
11
56
67
285
3
0
0
0
0
0
97
79
345
0
2
125
8
3
192
156
3
43
480
0
4
1
250
0
306
161
0
66
11
0
0
12
235
2
10
619
41
2
1
476
12
3
0
186
1
0
0
42
559
320
551
134
421
287
131
55
81
8
31
46
113
419
75
81
244
34
34
3
39
0
0
0
0
215
0
155
0
0
777
52
0
286
0
165
70
3
0
21
0
0
0
33
0
80
18
283
185
1
86
0
0
11
376
337
19
0
1
0
38
1920
11
0
3
0
0
11
77
285
1
16
169
1
0
0
1
0
251
1
804
86
3
25
110
30
24
117
100
171
0
0
0
73
26
109
0
2
9
297
319
17
20
6
647
2
6
0
10
0
1
1
4
820
5
503
54
702
3
1
8
15816
30
150
446
45
16
174
51
214
2
4
175
8
119
105
2
0
0
3
147
190
59
193
6
2
0
1
0
93
275
0
45
206
20
2
309
45
108
353
0
0
0
0
1314
47
649
1
0
0
682
4
164
62
7515
1
20
0
3
1
0
0
0
4
82
0
8
0
2
0
99
0
11
9
0
573
51
15
189
247
0
0
0
8
0
2
34
0
297
71
10
0
36
204
2
120
12
74
9
69
21
40
0
0
396
44
1
342
4
63
0
274
219
598
43
91
209
11
1
0
8
0
3
7
60
3
10
0
12
0
0
0
0
360
0
0
0
0
0
2
2
71
272
577
2575
16
32
210
17
114
225
58
2
407
160
1067
6
0
97
110
0
1
706
18
207
0
20
0
68
160
0
110
299
26
356
39
0
2
70
501
174
4
47
13
445
6
4
1
214
695
69
11
49
21
350
191
115
270
18
31
0
2
0
171
365
239
26
22
5
0
95
1
3
0
126
202
64
1
77
165
0
2
296
6
2
193
4
0
35
1792
1629
8
0
128
0
5
165
21
4
1630
1
73
4
67
14
51
47
187
4
0
5
49
85
0
35
32
20
10
196
0
15
34
8
15
84
110
232
285
92
2
0
0
0
0
0
0
12
124
1
111
132
13
87
150
733
14
13
65
0
0
25
0
20
293
418
234
256
77
25
1
667
257
46
22
543
246
95
73
51
1
1
31
13
0
0
6
7
198
0
47
285
163
264
735
0
457
116
7
45
127
3
0
2
0
0
0
0
0
97
5
0
9
0
462
519
56
0
0
0
8
4
208
0
11
129
103
3
165
0
2
908
1144
2
2
10
148
133
2
1
54
151
8
0
26
66
55
0
0
341
0
0
0
0
0
61
285
4
1
107
0
0
0
0
1
21
0
85
111
0
127
1
186
15
16
10
0
57
0
0
0
0
138
12
83
0
680
0
71
208
11
1
208
17
10
0
134
7
829
115
191
3
481
0
0
43
3
0
2023
0
0
0
7
190
2
1
3
0
0
0
1
0
0
160
0
58
8
307
54
66
0
0
0
46
32
2
8
70
13
0
0
0
76
0
0
0
0
0
66
0
0
0
0
0
10
0
0
0
0
38
25
95
0
0
1
313
224
129
0
6
20
27
53
27
199
0
92857
1
4
6
0
1105
0
69
0
0
0
0
0
0
0
0
0
0
0
0
0
191
93
0
19
0
34
40
0
0
0
0
1
25
0
16
251
251
95
104
6
83
316
489
72
4
403
133
206
416
21
98
82
45
0
409
0
1
0
0
241
822
4
6
0
2
0
1
637
0
0
310
3
37
482
2
40
106
419
14
0
1
0
118
1
1
0
0
0
0
0
0
1
434
276
0
1
57
0
213
42
3
2
597
1
117
3
0
28
42
8
66
49
61
0
0
7
0
49
243
0
0
0
68
471
0
217
238
4
303
123
0
72
205
0
149
210
85
0
3
4
21
1199
2
1
9
0
4
0
5
18
0
0
0
0
6
4
0
0
9
0
0
0
1
380
0
99
1
143
167
2
46
6
0
3
0
23
64
21
0
508
436
27
1
228
0
118
86
365
81
47
0
7
98
0
2
144
14815
101
8
32
4
5
9
0
69
122
27
38
277
300
221
117
2705
196
32
60
2
54
98
2
39
1
82
2
470
0
0
1293
0
321
207
97
0
5375
104
153
824
103
198
1
107
0
0
54
0
1
67
0
0
0
1
66
0
1
369
1
2
0
0
0
6
10
99
0
0
2
0
0
1
60
19
53
260
445
34
499
19
0
37
0
0
20
5
2
161
158
8
1
86
7
29
0
4
0
2
56
17
297
178
133
506
74
4
679
89
0
0
125
127
2
0
0
13
1
46
0
4
155
197
0
80
11
0
1088
68
0
11
33
243
33
0
20
166
361
2
0
9
0
3
22
0
295
304
114
88
7
0
63
1
280
0
1
197
37
218
6
0
287
0
257
26
368
1
9
34
38
126
9
0
0
0
1
5
1
18
0
69
324
2
10
9
108
24
344
0
1
0
0
99
0
0
0
0
0
395
16
328
0
7
680
0
0
0
0
0
0
0
0
1
927
0
0
81
0
1858
323
174
2
662
2
666
868
874
322
644
3
54
1
0
0
3
461
12
0
15
45
0
0
31
0
0
0
3
250
133
0
278
0
0
0
0
0
0
2
0
0
0
0
0
0
0
1
1
0
0
44
41
0
140
23
0
5
38
2
0
382
131
1
84
1
167
57
0
0
0
0
0
0
289
172
104
82
4
2
79
1
0
0
0
0
0
5
65
28
0
6
0
16
0
1
0
43
2
2
2121
29
2
0
64
0
223
2
0
0
0
0
281
1134
0
0
0
0
1644
0
0
5
0
211
0
0
4
5
169
110
3
0
0
18
240
3
497
15
18
2
2
0
3855
1
0
2
5
0
0
2
347
0
10
162
20
2
4
54
123
16
1
8
1
0
34
2
1
0
1
0
118
500
20
237
89
20
136
1
78
0
1
0
0
0
2
0
0
0
0
2131
3
3
0
9
0
0
0
0
3
19
230
3
0
676
0
0
0
0
0
463
0
32
1
6
111
6
6
9
10
0
184
0
0
642
1
281
462
28
99
0
690
0
16
0
8
0
33
12
507
680
1
767
27
0
318
0
501
31
55
30
0
0
9
0
222
0
0
0
0
0
3
737
0
13
0
11
0
2
1
0
0
0
0
1
0
56
0
278
99
97
2
244
21
16
1
42
2
0
51
112
36
1
0
0
0
0
0
1050
0
2
0
12
225
19
0
0
5
0
0
0
0
0
0
1
0
385
2
183
80
2
3
26
595
98
1
484
175
22
0
0
66
714
0
0
7
0
9
0
0
279
417
132
135
18
23
4
0
0
2
181
625
118
72
551
0
15
0
0
4
144
15
0
1
0
1
172
60
0
70
404
705
129
172
1294
2
1337
29
0
30
0
0
0
81
34
173
10
0
1
0
0
2
4
1257
22
1
2
1
0
42
0
0
1
4
0
31
0
66
0
0
139
0
0
0
0
0
0
11
1473
0
0
10
0
0
11
0
4
0
0
24
0
0
0
0
0
4
582
0
0
0
2
0
0
0
70
0
1
0
0
11
0
286
0
0
0
0
0
0
6
331
0
1
0
65
0
0
1
397
8
55
90
1
3
461
121
0
0
2
0
41
0
7
390
158
4
22
6
3792
419
1031
0
145
2
1
723
0
0
392
743
0
0
7
0
10
0
278
0
329
1
0
27
28
0
8
31
3
586
569
236
4
54
180
283
68
866
1
0
0
0
9
454
0
12
201
145
3
224
0
50
167
86
0
96
80
1
428
0
3
1213
261
0
0
5
1
9
181
231
77
710
0
39
224
0
30
0
1117
220
256
17
89
125
1
31
1
6
385
3
30
662
159
365
1152
0
1
1
6
22
27
60
74
699
167
693
98
140
1
49
0
147
356
248
0
1
206
687
225
760
933
148
77
107
23
0
507
8
204
0
0
139
0
3
0
1
2
0
62
23
52
0
4
200
28
1
16
1
6
35
11
6
5
7
0
0
83
2
126
135
3
58
16
24
100
25
2520
169
8
10
150
82
8
9
0
2
101
0
14
0
0
32
12
0
26
64
78
1
5
0
0
0
1
0
0
0
0
0
0
0
0
0
0
0
0
0
0
0
0
0
0
0
0
0
0
24
0
0
0
468
207
6
0
0
59
4
0
0
0
0
6
0
62
1
4
0
4339
0
48
0
0
0
0
151
9
205
6
3
2
26
3
237
143
15
34
8
3
640
165
0
12
1
35
0
0
27
0
85
1
296
162
220
31
1323
0
0
0
0
61
63
8
0
0
0
0
0
0
267
1
0
0
49
0
436
122
684
4
5
102
2
243
171
1
0
95
43
293
0
66
528
0
56
0
2
910
0
25
500
4
0
0
1
0
0
1
0
0
0
0
0
139
0
0
0
0
0
0
0
0
0
0
0
887
0
22
0
0
0
0
192
5
55
50
240
19
0
0
0
0
0
0
834
10
48
50
198
39
102
0
4
70
452
49
598
112
137
413
341
4
242
508
634
55
0
0
0
881
0
151
217
1
0
27
91
0
5
1
0
3
0
176
1
0
190
7
1
0
4
567
0
1
0
0
0
0
0
1
0
136
35
0
6
0
0
237
0
0
8
0
20
103
0
4
0
26
109
208
46
149
97
256
1
0
2676
360
0
52
0
209
5
191
41
0
15
162
18
0
1
0
2
60
0
201
0
105
0
8
60
1
0
361
0
0
0
0
41
0
0
0
0
32
21
0
535
252
2
0
0
0
624
127
383
115
6
24
7
136
165
5
0
20
134
871
2
44
472
52
0
0
0
0
0
0
0
0
0
0
0
0
0
0
1
0
0
79
6
0
0
0
0
0
0
0
0
0
1
0
6
794
2
562
55
0
1
0
0
0
1216
0
310
67
0
0
301
78
1
0
0
0
0
0
168
5
84
0
0
0
0
1
0
0
0
0
0
0
0
0
0
0
0
0
195
253
1
469
189
102
22
126
0
0
0
3
0
62
1228
4
0
0
0
0
647
0
15
1
0
26
0
0
1
20
77
76
0
1
17
0
216
0
12
78
0
0
18
1
0
0
0
0
76
122
2
4
350
345
1
1
165
88
1
2
4
0
1
219
628
18
0
16
2
1071
0
0
10
275
312
116
0
3
304
46
102
37
3
3
719
93
7
0
0
0
0
0
0
263
0
27
2
0
76
121
0
98
9
978
23
1181
29
23
0
14
1057
513
41
63
49
371
0
12
5
161
41
22
147
0
0
0
281
425
7
44
189
0
91
0
1
3
63
681
163
0
9
431
100
0
576
0
0
0
0
0
20
175
254
209
0
67
85
34
0
0
0
130
17
146
731
167
8
563
14
17
0
0
1
0
177
512
0
0
0
0
0
7
0
0
177
0
239
116
506
1
0
1
7
1
0
75
0
3
0
0
179
40
0
0
144
0
118
14
253
23
1
57
3
408
61
0
0
47
764
0
0
37
215
458
106
1
0
0
20
292
16
37
0
85
1
6
196
154
858
3
51
4
17
184
144
0
0
0
0
717
0
46
0
0
0
0
0
1370
1
119
6
645
57
27
0
349
0
5
176
169
12
0
0
0
59
339
4
22
11
250
10
18
231
109
1
1
0
9
280
26
140
3
126
0
87
0
18
0
1
35
152
1059
1
9
151
0
0
0
0
0
68
0
78
0
21
446
0
0
162
429
0
0
228
0
1
0
488
86
0
340
0
20
0
0
0
0
0
0
3
57
126
0
144
243
1033
3
924
98
509
35
3
221
0
0
0
12
12
0
59
7
0
17
0
161
0
0
1
65
12
44
0
10
2518
0
1
0
0
9
40
3
40
140
94
0
0
5
0
0
0
183
68
0
0
0
0
135
0
24
4
60
253
280
569
188
49
0
0
3
1
161
115
32
0
0
0
0
0
0
0
1
0
0
0
0
0
0
1
4
0
0
0
0
0
0
0
0
0
0
0
0
0
1
0
53
2
0
0
0
0
32
0
0
0
0
1
0
0
0
39
778
1
60
337
279
26
96
2
0
86
267
0
104
0
0
0
157
0
104
0
3
48
70
0
1
0
0
155
218
0
2
5
142
0
207
414
3
1
0
0
1
0
3
52
20
0
124
378
0
223
1
3
0
55
0
0
762
0
0
0
0
59
6
0
144
1
0
0
0
0
3
0
0
109
82
113
677
0
3
0
0
0
1
0
0
39
1135
1
17
358
1030
8
1
5
5
126
4
22
5
0
0
0
0
0
0
0
0
0
782
0
22
2
22
154
409
0
832
9
124
43
0
0
30
0
8
1
0
114
0
0
0
23
0
0
0
0
1
0
27
0
22
14
0
4
44
0
0
0
0
79
0
2
6
0
2
45
35
0
225
0
0
11
292
50
281
0
456
0
0
0
0
3
0
0
0
59
13
0
0
119
80
6
126
0
9
4
0
0
0
66
66
0
160
41
0
15
0
0
0
0
0
199
450
492
0
0
196
0
428
0
86
358
29
1
0
0
9
18
0
0
0
0
1
0
0
17
8
872
8
375
59
109
22
2
131
109
3
1
0
1
1
0
41
168
0
296
16
0
1
0
0
0
2938
0
15
1
0
1
304
0
5
0
0
0
5
0
14
2
0
0
2
0
0
0
0
0
2
17
0
0
1
44
0
0
1
46
0
0
0
102
3
110
1
30
122
0
78
4
25
16
123
2
1
114
81
16
80
0
0
0
0
0
0
161
267
139
33
0
25
132
1
17
0
321
208
1
2
0
54
52
226
89
4
0
0
1
2998
1
0
0
0
0
0
0
0
0
0
0
0
0
0
2
0
0
0
0
4
0
0
0
0
6
0
0
67
0
4
0
1
0
69
366
0
356
14
11
742
1058
1
1
20
39
6
50
37
652
21
0
0
1
0
16
635
32
4234
5
16
244
0
0
141
0
0
0
21
355
0
0
0
0
0
0
0
541
6
0
1
0
0
0
0
0
0
0
0
0
0
0
0
0
0
0
0
0
0
0
0
0
0
0
0
0
0
0
0
723
1
0
3
140
4
0
184
28
1
418
0
0
0
0
0
0
0
0
0
0
0
12
0
1
192
62
0
0
0
0
21
0
34
0
0
97
0
0
73
0
0
0
0
0
0
3
38
2
109
3
0
184
2
1258
0
1
0
0
0
0
16
0
152
0
0
10
0
0
0
0
12
0
1016
240
7
413
312
3
0
0
14
2
0
0
0
1
0
60
945
1
1
827
25
0
0
0
0
0
0
0
0
0
0
0
0
0
0
0
0
0
0
0
0
0
0
0
2
0
0
1
0
0
0
0
1
0
0
0
0
9
0
0
0
0
0
1
0
0
0
0
0
0
0
0
0
0
0
0
0
0
0
3
156
58
16
0
0
0
2
220
28
174
389
276
0
4
0
0
0
0
0
9
103
0
5
0
1
13
0
25
1
1
87
0
1
1
84
87
241
8
197
140
0
1052
0
0
4
0
83
22
64
0
1
43
0
2
3
2865
762
91
223
2
6
0
0
0
0
0
0
0
0
0
0
0
0
197
7
0
5
1
49
719
769
0
250
0
0
0
12
79
287
445
366
30
168
0
18
28
43
77
72
0
17
18
2046
3
3
1
1
30
29
24
345
1
1
260
95
38
11
1
1
75
114
295
0
7
1
0
0
8
0
101
24
1
0
0
350
0
277
0
0
0
0
0
0
15
0
0
0
884
109
0
212
0
45
1
19
60
0
2
84
1
0
42
0
1
0
0
0
15
0
5
0
11
0
266
426
135
65
0
0
783
16
0
3
1
0
0
6
0
298
0
0
8
198
3
1
1521
1
0
0
0
0
0
0
62
3
16
13
0
0
473
0
0
5
44
249
3
29
0
34
123
0
1
541
0
0
0
78
14
34
2
0
48
4
0
153
55
3
1
38
3
36
353
120
73
22
23
38
0
2252
2314
0
0
0
0
217
3
2
0
0
1
6
0
0
1514
0
0
0
0
0
0
0
5
163
0
21
10
27
25
299
13
108
132
69
0
253
22
1
6
0
2
15
105
0
501
85
6
0
0
2772
121
10
322
62
46
2
0
0
0
408
0
4
147
84
0
0
0
0
7
0
0
0
6
168
150
81
226
0
0
0
0
0
0
0
0
892
103
61
234
17
0
0
91
10
7
0
226
472
3
438
0
4
8
55
0
28
0
444
0
5
0
52
169
3
1
70
0
58
0
55
0
11
56
0
68
0
587
23
107
333
24
24
15
2
190
25
312
193
0
0
169
1
1
296
1
0
722
31
13
1
1
108
1
492
0
38
0
40
3
236
1
127
0
92
0
161
60
0
0
0
0
0
0
0
7
202
56
243
0
0
11
0
1
0
0
0
0
3
0
0
0
0
143
1
1
0
4
174
243
0
0
0
265
245
0
0
10
0
0
0
227
15
0
0
0
0
0
28
16
9
121
79
0
0
0
2
0
0
241
20
0
0
0
0
0
0
1
0
30
49
223
89
0
115
300
43
0
0
0
470
16
1
2
6
5
397
325
0
0
3
739
3
0
2
0
1
76
943
0
285
55
5
13
697
418
2
0
69
0
0
0
0
0
523
12
7
766
2
0
0
3
17
0
71
0
9
0
0
0
0
2
208
50
566
0
79
0
0
132
0
0
0
0
0
54
0
110
23
139
0
30
422
0
0
0
1
698
0
17
193
0
4
0
144
95
0
1
150
6
43
0
93
48
0
0
0
2
1
1531
0
198
205
200
46
0
1
604
0
7
0
0
0
0
345
0
165
1
224
752
6
0
0
88
18
0
1
510
123
26
0
0
11
41
0
852
16
1
0
0
0
0
0
1
0
0
0
2
50
1
573
114
196
0
0
0
10
4
0
0
233
4
1
2
0
0
0
9
0
0
3
0
105
58
72
0
0
18
97
387
0
0
0
0
0
0
432
0
0
0
0
0
1
0
177
2
130
191
0
0
28
69
163
8
3
0
181
0
0
0
1
1
156
1676
2
0
26
1
4
0
6
9
351
115
438
86
0
475
0
0
0
16
0
0
0
0
0
0
74
43
42
411
46
1
12
344
0
80
1
2
0
11
68
20
181
112
2
998
3
225
41
1452
0
187
107
0
0
2
1
0
0
0
110
146
17
132
698
0
218
4
5
278
24
39
3
2
7
229
416
200
77
619
226
227
164
4
11
11
1
0
0
0
0
1436
2
0
0
0
0
1
192
42
0
0
1
0
0
47
1
465
2
1
3
0
0
0
0
16
99
206
0
13
38
4
308
1
0
0
1
105
8
42
0
11
84
0
411
14
201
359
322
383
0
8
126
0
0
2
150
124
1
262
154
5
2
66
0
7
12
111
227
0
122
0
0
0
0
1
1
4
0
11
622
66
133
171
208
0
0
0
256
98
171
14
146
55
17
136
61
186
241
15
207
111
110
0
0
2
0
3
1
1
1
3
5
0
11
0
1
4
0
0
5
1
0
0
0
3
0
4
0
3
1
2
2
0
1
0
0
1
4
0
0
1
0
6
2
2
2
11
0
3
751
7
3
1
2
6
1
0
5
6
16
4
26
5
3
17
7
5
33
68
15
7
0
11
15
1
3
416
0
0
103
39
127
45
8
193
301
7
4
108
0
41
151
123
3
1
0
0
1622
1
431
0
0
0
92
10
1
3
0
234
0
602
2
6
490
4
54
0
0
0
948
0
0
38
1
11
133
1
0
28
206
0
0
0
0
1
1
0
0
0
3
0
97
351
0
250
14
4
0
0
29
1
0
11
62
0
118
1
0
1593
13
1952
73
419
7
665
25
251
18
102
197
141
11
0
348
692
128
0
122
204
0
4
0
208
134
60
6
88
237
571
66
0
114
41
0
0
607
2
50
0
57
0
19
69
0
1
461
0
0
0
0
1
0
0
98
45
339
3
140
7
0
874
89
161
38
39
4
22
0
1
0
1
13
0
70
112
0
1
0
109
0
24
106
2
0
1
2
61
27
827
0
0
0
3
0
0
0
0
0
50
0
0
1
324
0
0
68
4
0
0
0
0
1
157
416
313
168
114
3
12
105
4
12
611
0
1
0
6
0
0
0
0
16
2
135
19
12
0
98
0
0
3
0
0
0
0
0
0
0
2
0
0
0
0
0
0
0
1
165
455
1
491
1
26
60
0
0
37
91
0
0
1
1
0
120
0
0
1
28
7
0
0
1
6
78
0
0
295
25
0
0
193
246
0
109
60
0
203
0
0
1
1204
0
994
2
4
16
113
709
0
64
0
8
0
0
0
0
0
80
0
0
0
1
977
0
6
0
0
0
4
0
3
0
0
0
0
1
186
33
3
38
0
0
0
1
3
0
244
72
2
0
66
52
93
339
365
296
1225
5
2
0
180
0
0
0
0
5
173
25
190
1369
40
82
97
186
28
3
0
9
80
17
8
29
150
0
22
91
905
2
75
109
3
21
2
0
0
0
0
2
1
0
0
7
96
28
400
633
6
0
370
47
164
7
0
21
0
3
17
42
121
0
0
0
0
105
6
3469
0
1
0
442
176
27
554
510
147
5
264
74
0
0
135
7
50
0
159
0
35
0
0
287
32
173
312
447
68
0
0
0
0
20
5
0
205
0
333
660
0
23
2
0
0
0
156
97
55
0
3
3
1
2
0
0
0
1
0
2
3
5
17
6
1
10
235
597
3
0
0
4
112
302
8
70
0
2498
9
162
0
0
296
13
179
3
99
0
6
118
643
2
0
153
24
4
0
23
0
2
3888
0
0
219
0
10
0
0
0
1
0
0
353
0
0
1
0
0
0
23
21
1
1
0
9
6
0
3
7
1
0
0
0
915
208
0
0
45
5
5129
131
0
52
0
34
0
23
0
129
0
4
1
2
0
0
0
0
721
0
1
30
36
0
36
0
2
0
3
0
6
0
23
1
0
1293
0
0
21
0
474
0
0
2
467
182
0
29
8
27
18
350
1
106
7
51
119
112
9
1
0
10
0
0
0
0
0
0
1
419
0
69
0
133
7
0
481
2
19
0
9
13
87
462
5
346
1
114
65
431
18
0
0
5
181
66
0
116
114
0
1
0
1
1
444
35
0
0
0
0
0
0
0
1
33
2
95
4
44
4
1037
40
6
1038
0
0
39
0
0
102
0
0
743
6
0
0
1052
1
2
0
632
1
39
3
0
3
0
1
5
2
2
3
164
51
56
0
28
75
362
21
2
23
1
12
0
0
6
12
29
7
17
264
1
0
1
4
7
2
25
940
175
489
122
353
0
43
18
3
42
3
131
66
7
0
1
3
10
4
1
17
15
0
9
0
104
8
1
3
3
2
1
2
0
5
2
3
16
0
0
1
1
1
0
0
25
41
28
36
7
140
54
15
2
132
1
57
21
15
82
5
0
0
6
2
0
0
0
0
182
0
0
1
33
0
0
0
0
0
0
3
0
1
0
0
0
0
0
0
0
0
0
1
0
398
0
0
10
357
0
1
19
2022
3
40
65
1
14
0
15
17
166
360
0
745
92
0
29
855
2
229
66
436
413
57
118
129
326
40
10
213
0
116
0
141
1
176
1
37
0
2
357
1
144
0
3
0
0
0
0
0
85
0
0
314
31
298
39
68
0
1189
2839
1
28
61
0
26
0
717
0
2
0
61
2
0
7
27
0
6
229
241
15
68
0
135
121
0
37
6
16
0
0
0
0
0
0
1
44
76
23
2
1
11
9
56
16
10
14
20
37
69
626
73
230
67
2
0
0
76
108
229
40
112
0
0
0
0
4
132
562
16
19
2
6
3
32
117
77
59
220
31
36
157
0
3
693
225
253
29
12
0
6
1
7
0
168
95
51
92
153
160
0
228
1099
0
5
98
81
1
3
264
219
30
213
7
2
190
153
88
117
36
193
817
41
70
0
23
239
62
85
0
1
137
3
462
47
5
194
0
0
2
5
85
33
188
0
136
2
148
199
7
51
82
262
197
0
3
12
127
218
140
22
210
160
1
0
3644
0
11
0
0
0
0
226
1
464
276
29
202
6
126
31
0
1
182
802
1136
0
255
1
38
11
302
0
9
587
36
330
1
129
121
145
1
0
0
4
0
208
151
0
123
0
3
0
0
29
756
2
1
1
204
20
71
0
0
0
0
1
0
92
195
0
0
67
0
0
0
0
1
0
1
0
84
5
60
0
1
0
11
13
0
0
70
0
0
20
10
148
1
133
24
353
0
0
5
53
149
626
7
34
186
208
16
0
103
31
11
78
369
21
70
33
7
58
199
110
1
35
107
393
22
49
6
2
2
185
132
0
145
1
46
123
6
97
22
1
144
35
3
36
0
1422
13
0
0
0
0
4
0
30
341
11
0
22
389
27
25
5
0
3
176
0
271
0
12
133
17
0
609
3
131
22
22
0
13
113
0
26
3
0
0
759
26
0
340
116
32
958
0
1
0
0
2
154
19
0
64
2
1
0
1
12
0
0
0
0
0
0
0
0
0
0
0
0
0
5
0
0
0
67
562
157
127
35
19
57
130
1
0
41
151
346
0
113
0
402
0
0
3
7
0
0
256
0
128
2
2
106
0
0
389
0
0
4
84
26
7649
0
2
55
861
9
38
14
43
0
3
19
187
2
0
44
0
5
315
6
2994
14
6
0
0
0
0
47
34
130
13
1
0
95
1
786
20
2
307
15
125
1
0
24
0
11
5
0
0
0
6
41
0
0
0
0
1
30
102
0
3128
3
116
1
11
0
0
0
95
107
213
4
153
1
0
1050
1306
0
0
0
0
0
0
0
0
49
1485
153
17
1
8
2
166
0
0
2
17
187
10
47
17
503
0
0
1
0
862
130
75
0
978
263
37
95
2
4
0
0
188
0
0
9
187
0
1
0
3
78
366
0
641
0
0
4
4610
0
129
44
0
3
57
137
64
32
0
9
0
227
0
376
7
52
0
5
168
12
22
0
91
433
0
632
0
14
0
0
303
0
0
0
0
0
46
0
0
13
31
0
0
253
0
0
11
23
31
257
1
0
0
0
0
209
13
27
4508
16
117
22
146
6
0
0
0
2
0
482
24
23
99
2
0
2
0
0
5
142
1
0
0
170
441
0
980
0
8
71
0
0
282
77
28
58
31
0
752
531
1
12
129
0
0
63
0
68
494
4
31
0
514
5
100
836
3
4
67
720
274
0
136
38
1
0
15
194
13
15
2
0
130
378
42
70
53
0
619
239
173
1330
116
51
38
3
341
0
0
82
11
129
3
11
13
0
0
0
0
0
0
0
0
0
332
250
2
147
2
4
0
0
0
208
260
3
2
61
266
153
0
0
2
0
2
2
0
154
77
154
546
2
0
8
0
5
0
0
187
171
81
3
204
7
225
15
0
179
267
354
37
90
286
137
0
279
3
2
3
3
22
176
40
47
0
4
0
2
417
0
33
243
2
3
8
181
233
2
4
1
0
0
106
679
0
0
115
0
7
375
0
37
1
8
16
0
30
1227
86
2
308
24
1
1
68
0
550
1
0
3
13
815
0
0
0
0
0
0
252
0
13
0
81
120
0
0
3
1
23
0
0
47
32
2
4307
0
0
0
1
2
0
17
0
211
0
50
0
0
945
0
3
0
0
26
4
15
2370
23
301
31
200
0
8
1
0
0
9
1
525
0
2
0
0
87
357
0
0
151
161
3
1
220
958
11
4
81
4
225
52
252
2
8
0
77
0
0
0
0
3
0
0
0
0
57
0
173
0
0
193
1
3
80
13
460
0
131
64
130
253
0
0
93
0
0
209
101
7
1238
1
77
1
0
146
67
971
1
24
0
0
281
0
4
0
1101
143
2
0
0
0
0
229
12
0
0
2
272
0
0
35
100
173
0
118
0
2
45
534
1
115
53
0
15
0
0
0
0
0
0
0
0
0
0
47
234
177
2
18
1
0
0
1094
55
129
39
12
2
0
426
0
0
0
23
100
0
58
14
129
18
35
0
1
108
2139
336
393
26
108
1
0
0
0
0
7
2072
0
0
36
0
145
340
0
2
0
254
78
41
994
0
457
221
292
2810
1
2
0
165
4
47
1
0
0
1
0
0
8
339
0
423
0
27
280
18
0
0
2
460
4
7
0
0
55
3
0
0
0
0
1
3
438
36
21
0
0
0
0
10
284
1
0
0
0
0
0
0
21
0
41
0
0
0
0
0
0
77
167
7
139
0
0
165
8
171
18
1
0
2
0
0
1
0
8
0
3
3
1
22
4
2
29
2001
0
0
21
0
0
0
2
1
0
106
1
0
0
0
0
0
0
25
0
1
1
246
48
188
5
0
19
97
2
24
0
0
2
1
2
3
261
212
0
145
94
88
0
1
0
1
0
0
0
12
17
0
0
0
106
0
20
1
444
19
37
1
11
223
810
43
95
376
529
10
68
0
5
3
0
0
10
44
6
0
0
1111
0
23
536
0
285
1119
92
18
0
0
0
0
0
45
1
58
13
43
720
188
0
91
265
288
163
4
66
38
0
0
1
0
0
76
2
2
239
243
4
9
0
36
250
0
251
32
624
2
8
12
16
11
43
1
4044
3
24
333
1
270
0
131
37
243
2
0
390
161
10
776
130
501
6
65
0
68
5
379
1
324
0
55
353
24
12
33
222
3
12
87
0
2
146
395
1
0
0
0
0
0
0
0
0
0
190
5
860
71
1
135
59
16
0
1197
940
8
0
0
25
8
0
0
21
3
8
0
0
0
4
0
0
0
0
5
67
78
0
90
395
130
149
3
0
0
0
0
662
0
25
0
0
0
0
0
0
0
0
236
1
0
0
846
0
0
3
251
2
2
0
62
16
48
526
0
5
1
0
0
6
94
235
0
42
187
0
57
47
4
997
49
209
0
33
0
0
1
297
414
212
308
10
0
0
0
0
11
13
38
19
3042
473
12
1
2
0
0
0
218
5
188
38
408
42
61
17
141
118
61
76
0
70
42
0
1
0
1
0
0
0
1
0
41
1
743
20
0
103
1
0
23
0
7
0
0
14
80
0
11
114
17
30
1
112
103
0
67
0
121
2
73
109
12
31
6
0
1
173
0
27
0
51
0
0
74
0
7
0
0
61
0
35
0
78
452
10
13
3
159
106
208
30
78
0
0
0
0
19
0
0
41
0
0
0
90
13
0
5
281
0
0
294
0
1
22
38
0
60
0
0
0
9
59
1
1
63
1
1
47
60
0
0
22
0
2
1
0
0
23
4
0
4
4
1
0
73
1
2
9
3
6
1
3
198
1
0
0
0
40
0
76
0
47
4
1388
68
27
0
0
0
13
3
23
1
0
0
4
0
100
99
0
5
0
0
275
443
17
2
0
435
41
6
614
18
752
6
181
96
83
0
0
115
59
262
1
337
377
316
720
0
447
224
1
426
8
66
41
85
2
302
8
0
6
0
0
46
1
1
0
0
0
0
0
0
0
430
0
0
138
0
0
0
0
0
98
79
0
0
0
0
0
1
0
0
215
0
57
133
0
230
0
1
967
0
0
0
0
0
0
0
0
0
0
0
57
0
356
21
0
147
245
0
0
0
1
0
23
165
10
21
252
188
40
144
1
0
1
0
12
0
0
0
1
0
0
0
0
0
0
0
0
0
0
0
0
0
1
2
143
120
186
138
72
2
202
69
0
67
0
63
179
391
0
146
0
19
3
151
0
66
31
15
234
270
107
52
26
0
0
0
0
0
0
0
0
422
2
0
39
291
0
0
167
11
1
15
1696
117
63
1122
7
67
111
13
356
481
358
12
0
0
100
2
16
165
9
16
100
36
1
1493
80
227
15
73
130
7
2
226
157
3
103
0
4
184
371
301
28
77
10
96
214
1
0
138
0
15
21
22
0
105
105
0
177
1
438
72
538
13
217
5
86
0
0
0
29
0
0
156
10
227
0
22
37
2
3304
0
56
93
0
0
61
0
3
0
0
49
0
0
738
56
14
298
9
405
29
44
181
12
343
2
33
14
0
0
0
0
1
4
178
71
0
0
1
75
106
19
0
22
0
1
0
58
11208
48
5
0
500
386
602
27
2
445
46
1913
386
0
500
849
375
114
0
0
0
1
21
42
0
0
0
0
229
232
32
5
448
1
0
17
364
1
0
0
617
1
15
304
128
6
0
0
11
7
91
0
473
1
469
209
362
3
15
4
445
281
1
1
4
174
175
78
53
76
1
121
62
377
389
117
26
1086
0
2
62
12114
1
0
592
0
0
0
211
2
1
95
1467
17
645
117
180
96
50
10
9
7
0
185
130
13
13
74
130
1
18
684
14
41
117
0
111
1
1
154
1
0
194
210
465
5
0
13
9
9
0
266
1060
20
0
0
64
171
0
73
331
7
88
8023
108
704
3
5398
1788
11
93
4
3
908
176
478
766
135
0
3
12
0
0
0
413
2
1
5
0
186
0
78
23
23
70
19
0
53
2
0
0
1856
133
0
0
0
0
27
36
7
14
1
0
62
540
214
278
96
6
1
33
41
1
12
18
80
1382
44
218
1
36
95
1
5
245
207
85
495
13
1
53
1
0
55
25
177
8
229
0
39
0
96
0
3
1
110
796
148
803
10
1
34
227
88
44
0
0
0
0
0
0
51
8
36
2
83
0
300
36
0
306
38
1
26
21
0
204
0
62
0
0
0
0
0
163
600
1
0
52
58
0
0
0
86
199
18
47
0
0
0
0
0
343
0
0
117
0
300
1
0
0
0
2
0
92
96
37
0
461
0
26
178
0
0
0
185
0
15
16
0
0
314
3
0
176
0
0
0
233
16
6
2
0
4
2
1
0
0
1
0
39
1
0
0
0
0
0
0
0
0
849
0
0
73
34
3
1
0
90
69
25
0
0
275
1
41
28
119
134
37
74
16
1
253
0
33
34
0
119
27
19
17
235
0
6
10
0
90
18
1
86
111
0
348
5
26
187
0
78
0
0
6
0
0
0
24
1
2
39
14
17
10
1
0
1
144
54
152
232
76
616
6
226
0
26
0
0
0
0
104
0
342
9
1
114
0
5
45
364
2
13
0
2824
10
34
47
9
94
1
0
430
138
97
3
6
3
1
88
0
0
0
0
18
5
0
0
1
352
0
0
0
211
0
0
2
53
9
195
11
464
27
599
0
0
1
1
454
28
487
644
126
8
562
28
8
36
40
852
42
4
0
0
0
0
43
89
328
5
1
207
3
40
9
0
864
1
3
1
151
0
0
0
0
0
0
0
0
0
1
0
0
0
0
0
0
0
0
0
0
0
0
0
0
0
0
0
1
0
0
0
0
0
0
0
0
0
0
1
0
0
0
0
0
0
0
0
0
1
0
2
0
0
0
1
143
0
0
0
0
0
0
0
1
565
0
0
0
0
0
0
0
16
0
0
0
0
0
0
0
0
49
0
17
23
0
0
0
1
0
0
0
0
1
0
847
1
81
157
20
5
0
1
153
88
23
1
0
55
24
0
7
310
0
0
0
0
3
0
0
0
35
148
1
0
20
17
0
5
0
488
0
53
0
12
0
0
0
0
5
141
151
1
162
31
2
125
95
215
128
0
0
44
96
25
20
11
145
1
5
43
2
0
0
0
154
2
8
33
0
157
0
11
0
95
7
35
106
77
13
7
12
0
36
192
100
609
32
1
2
278
0
12
20
164
3
380
252
158
0
0
0
1
0
26
143
26
26
0
265
9
0
0
113
1006
11
0
0
177
47
3405
18
62
38
0
21
0
1
0
0
96
181
0
9
87
0
0
0
0
0
16
173
0
0
0
0
0
0
33
1236
25
115
3
3
20
1
4
19
134
0
436
238
14
10
0
0
482
3
304
0
0
0
47
2
2
0
0
0
1
29
235
2037
10
0
0
29
10
6
0
1
155
3
28
624
6
0
0
0
0
0
0
0
0
0
272
0
17
0
78
24
6
315
10
0
17
0
0
0
0
0
2
1
7
0
0
0
0
4
340
35
0
3
39
0
1
1
8924
0
0
0
0
0
19241
10
0
0
0
0
0
0
0
0
0
0
0
0
0
0
0
0
0
0
0
0
2
0
0
8
0
205
4
0
0
0
0
35
0
93
38
98
3
0
0
0
1
0
0
0
15
13
315
3
2
105
3
0
0
24
0
0
0
12
0
1
41
0
45
2
1
0
0
146
4
1
0
0
8
0
30
1
0
0
5
12
138
17
636
0
0
0
0
0
1
0
0
18
147
0
0
12
0
10
103
0
0
171
222
2
0
0
0
0
11
0
39
0
0
0
29
2
68
310
148
2
26
4
1578
0
0
0
0
0
1430
371
1
40
18
561
0
0
0
0
0
0
330
53
0
194
13
0
27
211
4
0
0
0
0
0
0
0
0
0
0
7
32
172
8
8
26
360
29
55
100
0
0
200
8
59
0
5
528
65
6
254
0
249
0
24
139
276
209
22
34
0
8
704
405
0
0
1
0
4
34
0
81
2
92
49
23
733
0
0
1764
1
0
0
0
13
4
229
13
21
0
0
1
4
7
0
0
1503
18
0
136
28
0
0
0
10
435
111
3
137
16
0
0
3
33
206
0
849
49
5
190
0
263
6
17
0
38
47
0
1
159
18
0
24
36
12
24
1
269
568
0
0
58
0
0
2
3
0
0
0
0
252
22
65
0
49
74
3
2
4
243
249
0
0
600
25
206
1
3
490
0
0
0
30
1
14
89
24
18
20
3
0
0
1
0
0
0
67
0
0
0
0
0
0
2
0
0
66
0
1
196
0
2
193
83
27
12
3251
0
1
78
3
100
5
1
0
30
426
318
206
1366
1
1
9
18
1
7
193
0
2
2
0
971
4
155
2
4
60
203
13
0
0
0
2
0
2
0
0
455
0
0
0
0
1
0
4
0
74
11
0
2
302
1
1
13
0
3
749
1
1
65
63
0
502
29
1
128
330
20
42
0
0
0
35
154
678
0
283
15
327
0
0
0
0
0
215
302
448
62
133
0
0
0
1
0
1
0
1
13
0
0
0
0
0
0
1
0
1
8
464
25
0
0
0
58
0
1
0
1
2718
0
0
0
0
0
0
0
150
0
0
2067
0
144
27
5
0
10
0
0
0
68
311
107
190
0
0
89
95
4
2
5
8
1
0
0
125
0
0
0
0
0
0
0
0
0
9
0
0
42
0
444
128
446
19
0
2
0
41
1
170
0
9
0
0
2054
1
5
3
5
0
0
907
0
0
0
0
0
0
4
0
2
0
0
7
364
14
0
0
0
3
0
2
0
0
0
1
0
0
0
7
93
92
9
114
0
6
2
0
0
0
18
35
102
19
58
315
129
99
27
0
0
174
234
904
3
7
0
65
0
0
0
0
0
0
0
40
25
0
1
0
634
0
3
154
25
37
56
0
3
2
0
9
1
207
0
0
24
0
2
132
0
28
4
0
173
121
0
0
0
0
292
0
0
124
68
61
6
2
0
0
210
97
0
2
1
0
31
0
3
0
0
46
386
0
0
0
2
39
0
91
0
0
1
4
37
21
97
0
21
9
0
2
16
0
4
254
2
0
4
93
0
7
150
1292
0
2
1
2
0
21
0
0
0
1
0
1
235
159
68
62
0
44
0
0
0
0
0
5
0
16
96
1
15
1
99
216
2
0
0
114
0
8
0
0
2
0
1
0
0
376
174
143
1
0
0
0
0
0
0
22
0
0
131
23
66
221
147
0
0
0
1
29
2
15
0
4
23
0
122
157
98
5
0
131
0
0
0
0
0
0
0
0
0
88
0
10
0
0
29
6
1
258
1
0
45
0
130
1
2
2000
20
7
11
303
0
3
11
394
119
2
180
41
4
65
491
0
0
82
1
0
7
0
0
1
0
239
1
54
39
0
25
138
0
0
11
386
50
341
154
7
5
25
58
109
0
303
2
0
0
2
141
2
4
935
0
0
121
1
13
35
126
2953
0
0
1
2
0
147
0
0
1139
1530
0
1
0
27
318
0
0
1
0
0
0
141
707
1
41
17
676
0
0
0
101
18
189
1
15
4
5
0
238
0
0
6
7
1
95
8
1
50
92
2
8
4
175
1
1
56
25
0
0
0
0
0
3
435
0
0
24
2
181
0
57
0
3
0
0
30
0
137
164
79
104
0
3
1
0
0
0
0
4
0
0
3
0
0
149
0
0
0
95
112
367
1
1
0
14
1021
206
7
11
38
0
0
50
0
7
0
37
247
5
1
56
8
11
35
30
70
4
1
0
27
1
0
0
0
0
0
0
0
0
0
1
116
0
0
294
41
14
0
2
38
7
446
238
23
423
0
0
0
294
364
451
0
0
1
0
4
0
99
22
38
62
48
15
50
89
10
0
16
0
6
0
98
119
0
81
1
243
0
0
3
0
0
0
0
0
112
44
0
42
1
10
0
1
91
51
226
0
1
0
0
127
0
0
183
0
1
0
0
0
263
0
0
0
44
0
8
21
1232
0
3
349
21
1133
113
14
0
0
0
1
48
0
0
88
1
1
0
1
0
35
0
0
0
4
0
4
10
3
0
0
0
0
146
0
64
33
480
6
425
0
216
10
94
12
0
0
0
0
38
1
54
9
0
0
0
15
5
9
0
0
0
142
18
1
2
8
0
0
0
0
0
0
8
0
0
0
4
1
0
4
25
0
33
3
62
0
226
19
35
2
17
0
74
0
0
0
292
15
12
460
222
0
1160
0
557
9
14
707
5
79
47
0
0
7
4
203
10
2
180
209
223
290
1227
433
113
0
334
3
14
320
194
90
121
55
31
503
22
72
151
3520
0
1
6
2
79
97
389
206
4
151
664
69
0
386
0
1196
19
1159
297
91
29
6
98
76
83
106
0
1
0
128
37
422
30
264
28
61
269
0
12
163
1746
4
0
0
0
0
0
151
5
313
0
3
476
0
0
0
0
2
451
0
3
0
6
0
225
0
101
36
9
1
94
0
1
0
261
125
121
13
114
617
35
0
221
6
0
0
0
0
1
39
3
1
0
212
1
92
1544
0
229
0
14
0
433
0
3
0
0
32
632
3
67
0
0
597
1
0
0
0
0
0
0
0
0
0
27
100
0
0
0
0
1255
1
2
37
396
5
481
0
407
268
131
211
0
158
0
0
2
0
2
192
9
8
0
2
22
81
180
639
0
1
8
464
7
0
1
350
99
0
13
0
0
0
0
0
0
0
0
0
1
202
0
0
0
0
0
0
12
166
0
0
0
18
154
251
0
14
7
27
0
0
0
3
0
0
0
0
18
0
0
0
0
86
61
105
0
108
3
12
7
165
0
0
154
0
0
0
0
284
172
755
12
26
1
0
0
0
0
133
102
129
178
5
923
291
143
708
154
0
122
37
0
2
6
0
0
0
0
0
0
0
0
0
0
0
71
0
7
182
241
1
50
105
17
17
105
4
34
1
1
0
2
0
16
26
0
33
113
0
345
0
20
1
0
60
0
0
5
1
26
2
531
35
82
1
59
108
933
27
3
130
23
0
0
12
92
389
29
6
268
221
55
1000
265
0
0
57
17
6
52
137
6
0
47
8
0
43
27
1
111
147
157
19
4
0
0
0
0
622
0
665
0
108
68
39
1
19
0
44
0
27
106
78
133
76
26
0
32
0
37
419
9
0
1
0
17
0
0
0
0
5
0
0
71
25
0
0
0
0
0
0
22
6
0
0
90
0
0
0
0
0
0
1
3
0
0
0
0
0
0
0
0
7
0
4
0
0
4
3
0
0
0
11
4
7
7
0
0
3
0
0
0
97
0
0
3
25
1
27
0
0
0
0
8
1
72
0
0
0
88
8
32
2
1
0
152
230
0
0
47
56
79
0
40
10
0
0
402
1
0
24
107
24
612
463
9
0
0
903
112
164
0
1118
96
34
757
0
8
247
95
0
0
0
4
206
24
1
89
140
37
0
2238
45
206
965
8
1
1
2373
44
3
483
105
7
0
0
406
0
0
0
1
0
133
0
0
0
42
0
0
0
0
1010
0
137
1
52
251
0
166
0
0
158
31
1011
116
129
0
168
1
8
95
0
0
173
100
2
98
1265
0
0
24
1
1
2
282
78
2
11
1
1
31
197
1
0
0
16
29
12
10
1353
292
156
6
0
0
0
0
0
0
5
188
0
0
28
1
31
3
33
86
178
0
23
173
0
265
487
39
7
4
3
57
43
68
123
93
15
0
18
48
0
1017
0
0
32
214
497
127
0
0
0
85
1
76
2
179
0
11
111
17
0
198
278
0
115
2
3
242
0
1
2
0
0
151
2
1110
2
0
0
6
7
0
127
11
31
171
21
0
165
314
435
2
3
0
2
0
108
140
18
0
158
189
2
212
0
0
0
107
1
239
0
165
359
984
33
2
216
512
1
34
1
127
0
91
79
0
0
0
31
15
206
1
174
109
105
31
0
0
16
1
0
47
96
6888
0
43
165
0
0
0
0
1
0
0
0
100
0
0
0
0
0
0
0
0
0
47
10
304
0
0
345
158
0
122
2
25
0
0
0
0
0
334
1
0
323
0
859
0
0
0
0
91
16
59
356
31
154
326
3
0
0
3
35
41
0
50
0
24
124
11
0
562
53
1072
0
107
1
12
0
315
37
439
52
3
130
79
0
101
0
1
4
9
2
1
76
213
203
59
81
5
11
42
768
165
83
0
102
0
0
1
134
1
117
174
0
0
563
2
104
100
62
0
0
14
68
89
0
4
0
1
0
0
45
0
0
11
6
0
1
28
49
1
0
93
13
0
0
0
2
0
0
0
320
72
364
9
95
47
90
15
262
238
603
0
14
82
3
159
0
7
0
22
3
6
53
249
48
0
0
0
0
0
0
0
0
1
0
0
0
0
0
0
0
0
40
0
352
46
51
396
1
383
2
202
0
0
0
0
0
79
0
86
0
0
2
363
0
1
10
0
359
118
178
57
89
55
301
0
438
204
0
74
0
0
53
1
0
3
5
439
53
521
10
0
26
89
24
145
119
240
109
6
29
1
0
45
21
349
169
45
28
42
0
24
82
2
13
253
1055
0
19
643
0
868
306
2
63
70
135
124
553
28
98
3
779
213
56
0
0
23
88
0
59
6
505
0
319
9
184
20
41
3
216
115
57
62
9
67
15
0
9
106
20
470
660
77
169
0
86
7
16
1
1
0
1
0
15
0
3
0
0
1
0
88
0
59
0
0
0
3
29
56
133
141
248
0
0
149
0
26
138
262
135
0
71
240
1
13
0
0
8
331
6
21
67
2
1010
19
202
1
44
0
402
0
32
16
1841
410
0
1
68
90
0
4
607
7
213
54
413
0
10
0
948
494
83
181
59
13
386
8
204
33
109
52
0
7
0
0
0
7
2
416
11
170
0
2
116
0
0
355
0
1
0
96
0
0
3
0
23
0
0
0
0
74
72
6
50
0
0
1
0
0
0
0
0
0
0
51
0
87
287
1
61
4
0
82
5
1
7
77
9
9
114
76
254
65
631
1
254
1
9
67
3
185
280
10
147
0
0
13
0
4
60
0
18
8
753
80
423
123
519
85
905
17
35
0
14
0
7
196
2
106
11
0
0
492
59
1
2
33
0
68
6
278
424
6
51
0
2
235
70
648
39
70
346
14
2
1
9
572
4
74
0
313
66
50
345
229
924
561
285
194
168
77
638
79
650
0
6
0
375118
197049
880635
788303
14970
893225
930719
634886
21917
346683
72645
6643
526907
143
114
158
57
3
2
5
0
0
26
9
352
23
35
52
14
751
2
1
2
84
234
1
172
1
6
0
427
3
20
0
0
0
16
179
0
39
1
1
0
0
0
9
0
0
42
21
0
11
0
0
0
1
0
0
0
1
141
0
18
4
130
1
10
0
171
9
27
27
0
0
158
0
0
12
1
0
8
1408
1
0
0
0
0
0
0
0
40
64
72
618
23
0
1
42
1
21
147
2
1
37
6
16
36
308
0
2
141
3
77
84
2
0
1
120
0
253
94
207
44
65
0
389
10
0
0
9
37
0
3
0
2
459
3
207
0
106
746
20
209
0
520
0
0
0
8
13
0
43
13
66
23
0
0
1
0
0
0
15
19
125
0
2633
9
0
30
190
0
212
28
0
0
62
8
0
0
0
0
0
0
0
1
0
0
0
0
0
1
0
0
0
0
0
10
168
1
331
0
1
0
246
0
0
0
0
23
0
0
1
0
0
45
0
6
34
38
39
0
0
144
38
1
511
20
42
0
30
0
0
0
0
0
0
1
101
0
108
1
117
447
2
967
0
1029
0
244
0
14
36
0
0
0
0
658
65
0
0
4
15
0
699
16
0
0
93
4
4
0
0
36
33
21
7
24
29
0
24
24
21
372
138
201
150
0
0
113
7
427
0
26
11
34
21
3
108
129
42
0
0
0
0
0
0
0
0
0
24
51
3
17
139
48
0
325
0
547
50
17
2
5
0
199
3
32
74
117
48
67
360
16
444
82
61
6
179
18
32
16
12
186
1
90
29
0
13
32
0
0
0
0
0
0
0
0
0
0
0
0
0
0
0
2
2
236
0
15
0
68
0
0
0
0
0
1
2
0
0
0
0
23
133
0
0
0
0
0
0
0
0
0
0
0
0
0
0
0
8
26
1257
1
335
337
97
231
4
25
0
603
158
30
24
45
17
101
0
64
7
2
30
2
0
0
18
855
0
0
9
27
0
143
31
15
179
4
38
57
3
30
9
34
32
38
1
27
23
0
256
35
0
10
19
30
118
94
1
20
34
1127
6
12
7
97
189
8
112
17
0
4
0
9
1
0
86
0
2
0
0
9
17
5
37
12
83
0
311
0
0
0
47
20
3
0
65
87
5
2
32
48
333
11
403
2184
73
6
0
8
0
0
21
17
22
6
238
0
86
62
0
0
0
0
0
0
0
0
0
0
0
3
0
117
11
17
840
1497
9
0
14
259
7
88
24
6
0
0
137
3
0
1
3963
135
245
121
267
0
10
26
0
109
5
32
18
0
0
442
0
48
145
0
0
49
32
95
23
0
97
250
216
0
9
0
0
0
0
1
0
2
8
2
0
676
60
1
0
1
0
46
43
217
34
10
94
0
111
7
19
1
0
31
13
212
0
19
74
108
13
95
196
1
15
0
900
7
1
1
0
0
0
0
0
1
87
0
137
5
11
47
19
13
0
8
23
61
27
0
17
2
103
44
1
1
11
207
48
1
74
440
12
4
0
17
9
1
13
0
0
14
23
1
118
0
3
0
0
0
4
30
114
329
197
0
53
641
12
0
0
0
18
913
0
12
0
0
1
17
83
3
28
0
0
0
0
3
0
94
149
51
0
11
17
0
0
6
277
1
1
1
0
2
23
0
0
1
30
0
0
0
34
0
165
0
10
0
0
38
217
103
589
2
14
37
0
1
136
1
1
29
379
68
80
70
151
5
654
231
20
54
3
134
3
0
0
0
0
56
3
0
99
210
91
18
0
0
0
0
0
0
0
0
0
0
0
0
0
0
0
4
10
1461
432
1
0
376
13
0
41
1
0
0
0
0
0
0
0
56
138
7
235
24
109
0
59
50
65
51
0
61
32
0
59
47
0
0
1
0
2
40
0
151
23
88
0
0
0
2
36
2
1
69
24
4
0
0
0
154
40
13
0
1
1
135
38
2
3
0
0
0
95
0
0
0
38
4
0
171
0
0
0
0
0
0
0
0
0
0
30
95
326
54
164
0
311
0
6
54
62
611
0
0
2
0
12
0
0
0
1
127
0
0
0
0
0
8
0
6
0
0
0
4
0
0
0
0
0
1
0
0
0
0
0
130
0
0
0
0
3
0
0
9
0
303
0
0
1
228
2
12
60
9
0
0
0
44
0
1
0
0
1
2
22
0
45
7
74
150
70
0
64
0
0
0
56
0
0
0
5
1
0
0
0
694
1
0
0
0
0
0
0
0
0
0
0
0
0
7
159
0
6
68
2
0
0
1
91
1
7
0
52
3
1
20
0
29
703
187
252
0
5
22
254
211
11
10
0
0
439
106
4
179
0
9
189
613
0
0
0
0
0
0
0
676
0
99
779
16
111
229
8
261
381
271
316
2
68
24
220
45
207
0
0
0
0
0
80
83
172
0
30
1
2
66
0
12
167
37
5
24
0
0
0
4
0
2
1
44
19
22
2
0
0
113
6
122
0
16
0
0
0
26
0
0
0
0
0
0
0
0
0
0
0
0
0
0
0
0
0
0
0
0
0
0
0
0
0
0
0
0
0
0
250
519
449
415
9
0
0
0
12
0
0
0
0
0
0
0
0
0
0
0
51
28
884
4
55
0
0
13
0
0
0
0
0
0
0
0
0
0
0
0
0
0
0
0
0
0
0
0
0
0
0
0
0
0
0
0
0
3
0
0
0
0
0
0
0
0
1
0
0
0
4
1
4
0
74
0
25
1
4
13
0
26
0
12
0
0
61
0
0
