0
0
0
48
0
0
0
0
0
2
0
0
364
1
0
1
5
0
0
0
7
16
1
9
1
0
3
8
3
33
0
1
535
93
0
2
34
5
0
153
0
3
0
611
31
16
53
1
152
10
0
28
2
40
227
293
0
0
1
0
0
1
10
165
66
1
366
0
0
0
17
13
1306
16
355
772
336
280
5245
0
3
0
7
0
0
0
1745
0
0
44
6
885
277
255
36
59
0
0
26
0
6
405
40
7
2
30
0
8
0
0
0
0
0
2
471
0
0
714
0
48
2
24
21
17
1
0
1
0
191
0
339
111
24
49
0
0
2
0
0
0
0
0
41
0
0
0
1
0
0
0
20
202
278
10
230
0
74
39
8
1
726
613
0
4
111
2
2
39
310
15
120
37
36
38
950
0
0
2
2495
2
0
0
0
0
0
128
930
11
23
1
172
10
2
1072
84
4
1
34
6515
11
0
440
0
8
43
1957
94
177
9
317
2882
0
27
0
539
26
309
0
17
1499
665
0
266
307
3
1904
3234
9
10
296
0
20
0
0
71
0
1834
3805
98
7
1
100
30
0
52
613
27
1
725
5
3
65
4
10
0
9
2
17
25
7
7
18
11
0
152
345
41
9
0
70
112
505
33
15
736
3353
0
2226
0
4
3
0
0
0
0
0
0
0
0
0
0
0
0
0
0
0
0
0
0
0
0
0
0
0
0
0
0
0
0
0
1
8
0
132
1
1536
14907
0
47
134
1178
14
99
4
0
2
418
7
156
13
185
475
0
110
10
534
0
0
504
79
19
26
94
1859
0
40
1331
173
2
0
2
2
0
5
395
5
181
0
12
3
1472
423
37
82
11
0
0
0
441
0
0
1
0
607
0
0
6
0
0
35
64
803
313
1
0
0
4
9
4
0
276
3369
2
2
1
1
35
1
0
0
7
0
2
0
72
1774
269
147
98
137
161
95
4683
3
1
0
0
1
846
0
3
351
2
66
8
0
1
0
3
1
18
0
0
6
6
2
0
0
0
279
48
0
2125
102
82
127
132
2
0
1099
5644
1419
0
2
0
188
65
2
336
1292
8
621
14
2
3
1145
0
15
316
1
2
4
6
2442
4
1
3
826
240
1973
0
0
10
1395
18
1
0
594
252
42
1
4
33
47
103
338
99
13
15
207
101
17
0
197
397
15
145
0
750
1325
5
3
22
145
458
195
15
261
602
0
1920
679
0
0
1
1
142
0
668
0
38
216
15
1194
140
31
380
7
38
4
14
35
0
19
14
30
30
144
0
4
4
114
4
0
0
3
115
3
151
2
113
10
307
0
2
843
35
33
1459
0
1928
36
140
0
3
176
74
327
0
62
41
4
888
0
378
118
25
17
0
0
0
1963
9
1
100
31
0
51
11
179
835
134
168
76
50
22
3
1268
84
199
51
0
0
145
29
2528
292
235
44
173
1
6
0
372
697
23
1
3097
0
38
3831
107
0
14
0
0
4
45
0
0
0
5
17
112
1
5
0
45
3379
33
343
429
28
2
387
7
76
7
140
5
0
104
10
0
1
0
37
468
4
3
1316
33
127
1414
146
6
8
2
43
80
95
0
203
580
4
1
49
4
474
86
0
0
1007
695
124
2
1310
747
501
2
5
99
499
85
572
82
117
13
228
0
29
110
629
7
41
87
0
1
0
124
0
0
0
2
0
0
10
30
3
0
5
204
1
1192
1402
10
2271
2
4
35
227
0
69
1
1023
324
0
1518
44
0
288
9
78
71
1859
149
3
21
666
22
17
35
29
0
0
0
132
0
1
165
82
154
282
9
269
8
48
38
194
3
0
34
0
165
21
806
212
13
100
0
2
0
0
2
7
94
361
1
0
0
154
288
109
5550
8
28
237
14
25
0
1
0
102
78
0
0
58
35
444
2
0
1583
570
52
1615
8
0
256
9
1788
1
6
17
64
9
0
0
45
59
20
0
793
92
0
4
1530
908
79
4967
252
21
1
115
3456
0
0
10
36
4562
28
6
114
297
258
1
683
0
28
0
63
0
18
26
186
5
8
111
23
0
4
81
15
12
6
41
3
11
3
13
35
2
598
3
6
2965
16
11
16
2
18
0
13
19
2
1
22
40
152
20
0
0
17
601
151
228
134
42
12
150
329
3
0
30
48
553
117
3
1831
0
0
80
8
1339
1
18
152
376
336
8
2870
25
461
4517
0
19
2
2
253
0
28
28
40
500
412
271
162
0
0
4
0
371
0
322
0
16
442
30
3
53
30
166
1
9
10
23
0
184
1444
46
0
0
0
1
291
0
0
5
0
4
1106
0
1360
1692
0
9
9
57
0
0
32
0
1
10050
4
9
9
19
754
4
226
105
3664
0
2813
4024
830
0
0
40
337
0
7
0
592
1105
184
0
39
168
1253
0
10
69
35
674
14
0
1269
1919
25
1
8
0
20
18
2
0
118
1
102
0
0
1
10
0
0
1
211
221
143
9
180
75
0
251
90
34
0
0
0
168
2377
0
0
2
0
1453
141
1
109
0
4
219
0
81
98
0
1
24
5
1
21
1853
17
359
1
0
0
4
55
0
660
271
1078
0
1
1
3
7850
0
0
1
0
0
770
8
0
90
0
3
28
51
0
2
0
4139
4
425
330
5
12
395
146
5915
2
1
908
0
9440
6
20
190
1163
0
117
188
0
5
0
0
0
0
0
0
259
323
144
392
1162
273
0
3
1187
1036
2325
0
6
132
107
14
0
307
0
925
0
443
6
16
0
144
0
1363
1480
26
38
170
283
0
130
3179
1056
6
673
1
20
1
8
0
140
9
5
0
0
250
0
458
1369
1
1002
14
0
36
0
5
0
52
1
50
1078
3001
2
24
1
8
0
12
0
1
0
9
0
1
4
3
0
165
206
0
0
0
0
0
208
1
533
30
55
3
6
1
4977
0
0
583
6
353
394
0
1515
1759
980
12
929
1311
2
1813
0
210
49
246
150
0
0
0
2
0
0
1
4
0
1965
8
13
3
50
4
1
2118
0
288
3
0
807
95
0
0
154
168
156
128
1
0
119
0
14
205
206
15
120
218
368
105
1257
0
0
0
37
0
511
310
108
811
3
1886
116
414
0
624
1
650
812
4
17
1
1
272
8
187
4638
621
491
0
364
167
358
7
13
1
36
4
2
494
36
0
58
0
0
0
820
0
0
1
5
3055
158
78
2749
5
5
0
144
0
7
385
1803
57
4605
207
1649
558
358
441
89
2454
689
225
44
271
26
1
277
5
0
2006
374
1
2277
548
120
705
4
1
66
54
0
3
0
0
0
0
98
0
0
10
2324
8966
193
0
34
0
26
594
11
29
8
16
1501
144
264
2
8
35
0
38
125
329
84
229
6
661
0
2225
5
0
8
19
37
0
963
55
2
125
1
12
2
791
13
20
16
123
0
631
185
3
0
0
0
0
4
349
0
0
45
1608
2
4
2351
0
9
1
1
8
640
35
214
8
0
430
6
468
0
332
3
197
110
0
14
0
7
2655
244
2
1
12
1140
789
13
4
49
0
1
3
400
2
13
2
44
33
1
2
2
0
1
1203
12
0
0
52
457
344
0
2
4
0
4
0
0
0
69
120
150
63
0
25
0
0
0
0
0
7
0
0
466
6
69
0
388
375
0
0
268
21
2
0
1
16
57
140
7
14
0
2675
5
60
14
17
601
0
0
409
811
1084
0
826
1612
234
17
6
1
0
0
1
6
24
124
512
67
757
15707
364
503
12
547
83
155
67
1
3
459
8
4
10
1305
107
84
6
84
1129
31
6
0
53
2
11
43
82
33
0
0
561
2
3
0
9251
228
0
11
1856
226
2
137
0
605
59
60
397
1
6
9
0
3388
2
153
607
99
16
30
0
0
557
7
1392
322
10
4
53
23
65
36
21
424
0
500
0
395
137
0
1378
1
12
0
6
5
193
14
187
0
3
0
1
0
0
77
0
10
0
0
0
11
0
3
172
0
2039
1048
272
3
0
0
2
93
412
1108
73
1965
220
9
30
5
77
0
173
28
0
1
76
2
0
1
599
7
22
103
0
2
0
0
3
415
3
132
442
2112
529
249
144
131
0
12
0
2
0
427
0
7
209
152
0
1
0
1
0
0
545
0
2954
1
1
44
147
4116
0
1054
0
1
11
0
0
0
0
0
0
0
0
0
0
0
0
0
28
3
19
54
1278
850
107
78
5
4
7
101
13
247
829
1686
121
1
8
279
21
121
821
390
15
314
71
886
6
491
91
0
2
5
125
120
10
12
173
13
837
20
1
11
10
0
106
2639
156
0
17
258
0
2
0
0
33
1
1601
606
742
409
3
5
2
1
1
33
0
7
0
23
7
0
1
153
1
42
2
99
184
18
7
0
0
0
0
408
0
0
1
0
0
0
0
0
0
0
0
0
0
0
0
0
0
0
0
0
0
0
0
0
0
0
0
0
0
0
0
0
0
0
0
0
0
0
0
0
0
0
0
0
0
0
0
0
0
1
0
0
0
5
18
1
1
0
1
43
5
41
0
35
205
3
120
15
87
0
0
0
3368
22
115
45
15
0
0
15
18
0
0
26
106
582
12
355
650
38
0
91
3
1405
63
3
74
73
0
1
1
616
323
74
0
86
10
0
144
12
62
0
667
51
18
0
65
0
16
0
287
22
2
0
12
5
12
22
112
2
3
35
3
67
125
14
6
419
20
9
6100
0
0
14
1004
592
0
976
22
215
788
0
522
0
26
78
50
12
58
0
349
72
130
11
2
0
5
609
13
31
0
121
74
5
0
1
17
895
0
82
2
2
24
0
2
0
7
0
32
1
0
4
2
13
154
16
89
363
84
32
3
32
0
991
0
114
0
0
0
55
9
21
0
27
51
13
281
5
27
0
0
1
0
0
0
0
1
1
0
0
0
0
0
1
0
0
1
0
0
12
504
588
88
12
3
0
1
0
17
0
1
0
0
0
2
8
6
3
0
0
14
22
39
41
0
553
22
0
10
3
39
17
3
3
14
12
4
117
0
10
1559
236
0
13
318
4
23
112
46
36
26
19
12
17
0
9
52
2
209
3
53
102
12
1
3
177
159
143
56
3
17
17
6
18
174
9
0
0
5
14
2
434
0
526
83
0
54
0
0
0
0
11
0
0
2
47
0
2104
18
0
2008
0
0
0
0
37
261
0
1301
1005
64
5
0
75
6
0
2
67
5612
0
49
0
0
3
16
1
1
1021
84
0
747
30
1677
3
201
3
0
13
2
95
116
49
21
8
1028
3
3
0
1945
1103
0
92
0
745
931
42
0
126
1711
29
250
179
59
16
0
2
5
16
4
0
709
0
2753
864
3
354
17
559
0
13
31
59
0
3
0
1
164
885
0
1
1
1
7
129
0
1
15
0
58
2
8
14
5
26
403
2459
9
1
109
25
608
39
143
6
1081
0
217
0
0
0
4
386
120
20
7
11
0
2136
22
181
0
47
0
2208
0
442
17588
0
22
26
66
5
194
0
1
56
0
100
6200
0
53
76
14
12
0
909
0
628
0
2995
6
4
0
0
0
4840
182
677
68
1082
298
73
0
0
60
0
72
0
7
437
0
378
4
0
2312
1
565
11
1357
1
3500
1
17
50
0
210
87
0
16
0
3
46
0
0
0
0
0
55
25
0
1
4
61
24
0
4
0
118
942
19
2030
6
560
40
1235
42
115
1679
1
0
61
192
0
0
9036
418
1464
14
216
82
606
448
0
2
0
649
0
1
840
470
0
240
7
0
8
0
657
151
0
0
0
0
10
6
0
5517
87
0
3
7
0
1
0
13
18
1005
8
4
28
197
0
112
273
257
24
1969
3
63
199
0
51
0
0
550
605
8
26
0
0
0
0
0
102
69
224
2
5473
7
2
0
2657
0
0
1626
3
330
0
0
2
10
5311
13933
0
26
0
0
41
279
8
525
0
938
132
0
1
4
0
62
1
0
17
2
233
5
19
1
180
407
643
0
160
0
547
2
8
755
241
578
0
77
510
10
220
22
30
11
2783
26
4
0
821
0
0
40
147
166
12
204
7
0
22
0
0
0
0
11
0
0
17
9
7
0
746
57
4
0
65
0
445
0
4
0
12
11
369
1866
0
0
157
30
1191
866
97
60
1
0
654
3
0
195
350
16
0
113
8
0
71
0
1
275
115
338
34
1061
8
52
3
2
0
10
9
107
2
3
0
4
419
50
6
0
118
130
0
25
902
0
7
0
2
35
350
2
68
507
12
126
18
0
1
12
2189
2
8
114
3
111
0
1111
646
15
3
2372
0
0
0
1
0
0
1
1
0
232
15
0
34
94
1
139
73
59
1
9
557
115
0
6
1322
489
378
1
0
18
0
0
10
10
5
2923
15
308
171
9
1
1058
58
81
64
0
0
0
200
0
0
1
7
309
187
10
5
566
0
9
276
1878
1
4
0
260
0
0
44
287
585
67
54
0
924
72
0
0
0
4163
1476
112
0
0
0
1
201
0
214
1
0
9
1296
0
0
7
0
0
831
323
76
223
1432
0
0
0
1035
51
362
116
0
0
0
49
0
0
0
83
0
7
0
1
81
0
197
2
37
1
486
0
89
234
360
1
395
13
23
0
0
99
0
465
1242
652
3
850
114
2
989
235
1186
337
0
10
1253
571
1
1580
20
422
204
238
756
0
24
0
0
124
1
334
7
1001
5
0
245
143
195
1049
12
88
404
5803
1
4
9
245
66
6
1
1
192
3
0
647
11
4
30
3
2
14
6
288
0
0
18
0
45
2
8
6
0
0
0
40
446
0
0
0
0
388
0
57
91
0
491
4
426
220
66
0
0
1921
11
0
25
1
0
294
1
66
1118
0
95
0
350
97
33
6
0
99
597
0
72
862
6
1
185
9
1577
0
0
1565
0
0
0
224
1294
604
1688
238
0
0
32
0
28
32
401
0
0
15
16
0
0
3
0
14
7
0
0
1
37
0
23
0
172
10
3178
4
41
0
1
892
422
1041
1
0
9
3185
382
292
50
198
0
0
248
411
34
1141
0
533
2
1
0
1
0
9
0
2686
56
0
0
6229
0
0
374
0
0
2
203
0
81
36
42
0
43
35
0
0
240
7
0
0
461
2
1
1530
4176
1
70
139
19
0
7
425
556
245
1036
0
0
52
100
0
0
637
923
9
0
0
8237
4
1
0
135
2003
0
30
196
0
1220
0
21
0
2
0
860
0
10
143
15
0
5
0
0
2
0
0
27
0
0
0
0
0
1
1
0
1
0
0
1
0
0
1
1
6
0
0
0
0
2
1
55
0
0
0
0
0
0
0
0
0
6
0
0
0
0
0
0
0
0
105
100
50
48
1
13
0
12
1757
4830
3
0
257
1
3204
13
485
6
41
242
1922
1
209
3
0
0
0
0
0
0
0
7
0
0
1064
17
268
45
1
1
0
0
0
2
2
295
0
2
0
11
50
0
0
81
1
34
35
276
3
585
7
19
1
3
85
1012
0
0
0
0
0
7
6
442
1475
48
1556
0
110
564
36
643
1061
6
560
1077
9
228
0
624
2
0
0
9
24
0
2054
49
0
171
175
249
591
866
35
0
0
0
0
2
0
0
0
0
0
0
4
25
7352
0
2
0
22
5
1
1203
0
0
76
123
10
1442
414
195
254
481
1
4170
267
1196
33
1
74
297
3
1415
3
201
529
1540
0
0
12
11
0
2039
0
78
0
115
0
36
331
4
4
4
426
489
1205
3
1078
602
1
450
17
1070
2937
0
103
132
133
29
80
8
61
0
451
1
992
750
3
11
0
5999
1244
0
690
239
0
24437
0
14
12338
122
2817
0
0
3
0
9
2205
2343
0
0
0
1
7
3
0
0
0
43
0
2665
29
66
0
6
0
0
5191
2065
302
0
192
5
2
1
58
2098
0
77
8
1079
0
787
0
1837
692
854
204
277
2
0
715
13
0
19
3
1418
0
32
112
4069
2
0
0
3
5246
53
162
427
0
2
0
0
1102
36
101
2694
0
1
2118
1267
0
1627
0
1
30
2017
0
1954
179
0
836
0
0
0
0
0
0
8195
0
5
498
56
565
0
2878
226
0
0
0
2
0
0
0
0
10
0
0
11
696
0
3
98
12
1435
2
88
0
8
0
3
410
2
1
0
357
0
0
19
0
221
3
3
1
675
9
883
10
17
16
0
43
0
0
0
0
3
15
1
0
0
0
1
0
52
0
618
0
11
17
132
13
0
3
51
3
423
7
1047
187
249
425
452
336
1
5
0
61
0
31
3
44
19
2
115
0
0
0
21
0
4
27
304
1
0
45
0
0
1
82
6323
258
3
142
1
27
108
1
0
30
0
1
0
23
261
119
0
4
5
1136
9330
386
331
181
57
2417
0
46
177
1574
0
22415
2
1
0
125
0
12
250
0
0
0
371
9
0
1
0
1
1437
322
1
0
154
69
910
0
899
122
1
12
163
6
1194
0
6053
7
0
4
20
976
0
22
1
36
0
5
1474
45
4
16
2
0
2
0
119
9618
0
1091
36
0
1
0
1
1119
1734
5
86
0
26
0
489
4733
18
0
8
864
348
873
223
1236
160
1766
233
599
382
131
170
670
295
59
3292
1
539
28
865
0
0
5
6
261
1
224
328
92
450
1304
2
42
1220
6
235
9
83
0
564
38
5
0
0
1022
0
53
240
0
2
259
220
0
60
0
140
711
424
7
0
282
1825
0
4339
20
395
715
1
5
73
0
535
381
209
11
42
0
116
725
5
63
1465
2729
0
0
4
2
28
43
119
429
68
2
360
0
0
0
2054
6
11
13
1
3307
1041
3751
4
0
3281
26
0
2
0
970
974
62
419
220
0
7
0
1
0
6215
0
0
7771
22
0
1
2
7
991
0
296
70
0
7
0
0
0
0
0
236
0
2485
23
111
5
0
0
0
0
1
7
1683
1
0
0
6
0
37
99
14
2686
53
0
0
1
1
177
1102
13
44
0
1084
0
0
0
0
148
31
218
0
0
0
5
3942
0
0
0
5
1
220
0
1535
7
1
66
0
2721
76
2
152
0
13
0
735
2988
1679
1
0
4
180
1
238
2
6897
693
0
3458
1021
2
0
0
41
0
75
573
0
596
115
0
408
7
0
36
0
25
7
31
3
180
2
0
24
0
169
0
4
0
32
1
0
0
65
160
0
1
0
1
2664
529
0
2
1019
0
0
1371
1662
381
510
94
1
1446
0
2
0
0
1155
45
27
0
6
339
29
1
335
1949
6
7
3
0
122
638
247
38
2517
5
574
17
158
26
17
2770
6259
664
266
657
1311
305
136
46
1268
1103
1
0
1
44
2942
194
3533
23
0
12
0
0
0
249
7
136
93
63
483
148
3
0
32
0
38
0
162
1
565
12
40
20
40
1773
7
17
70
199
2090
11
540
21
22
0
1
196
0
2
504
487
132
344
1648
93
7
246
216
0
7
341
85
2
2
25
111
2
83
56
4
86
3
0
539
0
31
278
0
4
41
156
77
0
2
3
4
1
0
0
0
0
1298
41
54
1349
2
0
0
1322
9
82
2800
0
145
113
59
0
8
3234
20
44
6
51
0
33
238
0
825
74
0
131
69
820
2
4
9
0
50
0
0
926
3143
0
0
234
41
110
169
5
0
3
0
0
14
457
3169
0
18
150
906
205
17
15
107
286
91
2
1
0
10
0
0
472
0
1
3
890
386
0
2
911
2156
1806
0
197
23
154
627
83
4
3
4479
92
0
0
1806
0
0
46
1
7521
315
273
5308
4
13137
26
4
8
536
1
554
17
803
0
950
1
153
0
197
4264
12
683
95
0
375
124
6
3
2
2
1
0
156
39
1460
0
0
0
0
19
0
1653
5
3
0
1
0
1
283
13
174
324
14
0
985
0
0
1996
230
318
36
3643
21
166
832
134
325
235
615
18
0
59
510
0
6
0
0
920
0
0
1858
0
239
0
2343
43
875
1
63
202
0
8
45
0
246
61
212
166
0
0
59
126
0
0
0
408
1
332
316
0
1099
31
0
0
18
3
269
541
1
5548
0
0
0
26
5
2
409
6
6
61
349
950
334
0
240
1
46
5986
16
0
103
0
0
692
2548
3
62
9
0
0
0
0
2241
2
14
268
41
0
0
50
573
2
65
0
0
0
1923
82
0
0
26
0
0
49
110
42
25
4
1
0
0
2197
0
11
1
0
0
0
0
24
0
0
0
0
15
643
0
1
12
19
99
0
16
115
0
97
98
7
0
222
24
0
1
0
4
31
37
183
0
0
5
3
164
146
120
80
32
0
14
0
0
17
14
0
0
0
1
0
1
31
132
346
183
0
50
0
9
13
29
1
11
19
953
18
530
0
42
475
67
889
0
94
271
52
303
0
0
2
0
14
94
152
48
11
130
40
65
1
145
1784
31
1
2235
0
9
16
487
0
26
360
82
259
0
0
0
0
0
0
0
0
0
0
0
47
1
1
0
3
7
111
0
0
17
171
4
2
0
0
0
1
0
1
10
0
22
61
40
5
59
3
4545
0
6
0
2
207
654
2
1768
0
570
5
519
0
0
0
0
0
1
197
446
0
3
1
1948
263
58
0
2038
248
0
2
0
0
0
0
0
0
21
0
0
0
0
0
0
3
0
1
1
14
0
0
0
0
0
0
0
0
0
0
0
0
0
0
1
0
0
0
0
0
0
0
0
0
383
0
0
0
0
0
0
0
0
1
0
0
0
0
0
0
2
0
110
321
0
0
0
0
0
0
0
0
1
1
0
0
0
0
0
0
0
0
2
342
4
1
1
0
0
4
80
12
99
64
0
387
421
48
0
214
13
0
0
8
0
0
0
6
0
8
449
0
0
0
0
0
369
27
21
0
1
43
192
5
930
0
2
3
29
0
0
0
0
0
0
106
0
55
0
126
0
1
820
859
1
88
1745
0
54
14
4
0
125
168
8
9
184
490
1461
646
6
0
679
107
1023
3
197
7625
90
21
0
2
494
0
124
32
107
250
264
245
20
75
43
1
11
0
1192
0
1
2
3790
106
3
2
12
3453
0
1791
0
3285
0
0
5
3
0
0
843
1433
0
1157
9
0
0
0
1631
282
2838
684
85
895
4335
187
693
0
129
6
11
19
1
0
7486
1
693
5676
22
1567
253
238
0
2
39
1844
5
0
0
0
17
886
97
91
2
2
0
0
2
0
2
351
415
417
10
19
1166
479
111
133
2
3
5
4
0
0
0
1171
6
12
43
0
2560
1
0
0
0
2
0
0
87
601
1
271
0
1
0
479
0
6
0
0
5
0
0
249
211
101
2
10
3
1
0
212
4
0
3
0
39
0
1381
0
12
14
42
2982
16
63
695
5
10
9
46
2089
0
2
100
27
31
3
2
2
89
0
0
34
0
120
204
0
3
79
0
469
902
2411
74
6
119
0
0
0
22
1
12
346
80
112
502
161
898
0
822
5
2491
99
16
4
0
70
274
0
1
0
0
0
30
0
820
185
2269
114
2
3
0
627
354
579
0
1140
6
46
0
0
124
0
0
0
1391
0
843
28
425
0
0
331
71
1
37
0
0
4
0
491
1
11
9
0
0
7
2
948
176
5017
1
27
0
2111
14
0
258
3
0
0
2
78
1742
2
0
358
0
0
0
4
120
79
1
169
4
91
0
0
0
4
0
0
5
0
0
0
0
52
64
465
12
0
0
116
13
1468
1
10
5
0
4
950
346
7
0
3538
39
815
425
1
4
574
10
701
2884
8
150
1
287
0
11
125
368
1
8
68
4
7
57
70
2253
45
0
20
0
0
4
722
55
1416
661
5787
1
0
0
0
0
0
0
0
0
0
1060
0
0
0
0
0
0
0
0
0
0
0
0
0
0
0
0
0
0
0
0
0
0
0
0
0
0
0
0
0
0
0
0
0
0
0
0
0
0
0
0
1
0
0
0
0
0
0
0
0
0
0
0
0
0
0
0
0
0
444
2
18
3
0
0
41
5
6
0
38
1
10
56
54
0
36
353
21
0
7
0
0
7
1940
17
0
0
0
0
0
0
0
0
0
0
1
0
5
0
563
0
23
0
0
30
22
31
0
143
0
21
11
37
177
0
13
1
0
0
0
0
0
2
5
890
25
204
0
585
6
21
4
0
2
1
0
7
0
2
0
0
149
161
34
3
5
2
47
2
1
33
915
2
2
192
1
0
4
7
0
0
147
0
0
4
2
1
24
321
1
61
447
0
0
1
23
376
129
16
18
15
395
462
0
18
1
0
314
0
19
0
149
9
223
84
0
80
18
23
3
1
122
0
143
0
1
1
0
0
1
1
336
0
4
3
1455
6
11
0
2
0
48
42
0
1
161
279
0
9
4
10
7
8
6
2
4
20
0
1
119
14
34
0
91
47
0
51
51
795
11
0
39
152
1
2
15
1
26
100
6
1
38
1
78
27
308
5
254
15
611
0
48
994
4
53
0
12
54
595
31
0
11
0
176
58
1
49
39
25
74
39
7
5
3
542
67
77
15
0
1502
0
79
7
18
78
0
1
0
0
6
0
21
0
51
12
530
0
76
7
174
326
10
163
76
0
9
13
0
3
0
6
747
16
8
0
561
1
8
0
1
0
25
19
2
17
435
178
11
91
0
200
1
463
2
0
70
0
92
49
3
0
194
1
22
63
22
53
59
1
11
0
17
0
2
86
72
14
1
0
3
0
54
0
2
0
227
16
1
6
6
0
147
2
1721
0
34
5
1
0
153
26
0
20
7
0
4
0
2
3
19
0
962
79
0
39
8
10
113
8
3
70
9
0
0
0
40
0
455
1002
84
0
41
1690
8
1008
2
1
6
50
3745
202
77
153
928
3
4
0
5
0
59
1
2
8
12
11
0
0
13
5
20
45
0
0
4
0
0
172
0
34
49
1
130
105
32
11
58
92
39
2829
6
2028
227
2830
4900
8
0
45
1020
0
72
121
1
0
0
12
1
469
0
11
0
50
0
0
0
0
1
3
0
30
164
76
0
0
0
0
198
4
31
0
203
0
23
0
1905
228
0
0
86
874
3189
1
1
1
24
13
1045
0
0
0
0
6
7
54
3
1
1993
2
862
14
412
13
0
0
173
0
12
4
40
2
2
56
0
96
0
1
12
0
0
101
0
1
253
5
3
4
151
3696
0
0
143
39
1
103
56
0
1111
20
31
2654
0
2
317
70
237
20
21
24
14
483
648
99
2
88
22
93
0
0
933
10
1028
1970
385
80
2
5
1554
9
0
0
948
0
153
1
67
10
1
20
744
0
7
0
5
2333
0
39
0
2
166
71
0
0
8
1284
1
0
1
2
15
0
11
144
18
2290
66
83
640
0
41
109
1236
0
662
225
1793
649
328
0
0
530
0
0
20
0
0
0
247
37
53
22
1938
171
0
19
401
2
199
0
0
7
1
0
0
249
1
0
0
1
254
23
509
289
24
915
0
97
1
70
223
3422
19
34
5
115
27
67
0
2837
13
3
5183
0
127
178
22
101
730
88
119
231
0
58
18
86
2179
0
1
3
1
58
159
0
36
5
47
1
0
0
0
0
0
0
0
0
0
24
79
0
0
147
0
1
0
0
1
895
0
57
434
330
0
348
1
66
3
38
150
90
21
0
2
389
0
6
3
0
510
46
0
3
266
30
120
15
0
0
0
217
145
472
10
0
147
1302
2409
6386
111
40
4
0
5
0
4
0
0
467
2
2858
49
433
58
223
18
0
0
2890
0
316
533
512
24
0
1
3
0
1
0
0
1
2
1
2
1
168
1005
48
462
0
0
8
436
79
25
10
0
0
13
1363
74
64
73
2
0
150
0
1203
163
16
0
282
20
1846
21
218
302
1118
131
57
849
791
0
1
25
0
2
548
797
3
409
236
0
24
79
2
35
127
2
0
0
46
1874
493
1
1
3
0
4
4
0
1
0
941
114
7
37
6
0
497
304
2
1
113
1330
34
0
303
86
0
0
1
1052
0
0
319
13
2
2
23
135
0
0
175
2
7
0
10230
409
1501
1
21
0
79
42
756
46
194
553
2
25
0
3
0
0
18
0
0
1
0
199
0
74
0
0
4
40
86
0
308
7263
3
694
165
15
94
355
129
21
189
12
863
0
2
2
9
6
0
2
158
43
1084
4
1
189
250
30
42
29
35
793
1
219
0
927
44
52
454
75
503
200
0
185
51
745
0
7
0
275
50
1
6
1053
5
37
14
2
0
30
0
0
78
9
0
13
15
34
1
52
26
7
814
10
0
0
0
1
368
9
268
1
8
237
5
14
0
0
627
0
691
328
16
14
2927
95
3
1
12
13
26
5
1766
0
0
1
2321
54
70
1
14
624
5
0
4237
28
0
87
0
0
0
0
0
0
0
0
0
0
0
0
238
0
0
1
0
0
0
1
0
0
0
3
1
395
155
61
4
7
2
23
7
365
23
4
8
30
0
2
0
52
7
26
0
0
144
0
15
31
27
140
77
1
0
0
0
0
0
43
6
6
4
0
1
258
0
2
31
0
435
76
114
234
0
16
191
7
103
166
11
11
0
0
0
0
4
0
3
0
1
1167
0
1051
0
8
10
2
3
6228
1535
2
1
6270
214
499
0
721
2999
550
95
57
32
6
38
0
705
0
0
6
216
971
10
2
0
2
2
643
0
0
57
0
1
0
363
226
1
163
11
11
8
21
11
32
0
0
0
0
0
0
18
2
0
0
0
5
1
0
12
2651
170
873
171
0
62
3
2291
316
2
4093
1
10
368
108
2113
8
0
2
1
287
5276
0
0
0
0
0
26
0
8
68
0
735
8
12
28
3
255
74
0
538
2
1
10
0
7632
1
675
2
0
492
673
0
0
242
44
23
1
3
0
81
520
1542
0
0
0
0
0
1
29
0
0
1
219
341
388
3
656
941
823
1945
111
8
5
293
7
0
2
335
0
76
4
31
0
2
5
333
43
238
10
102
180
2
0
35
0
23
25
3
129
1
29
7
22
33
77
20
379
0
3
208
22
0
541
62
0
31
0
49
1275
178
13
474
114
0
16
1
174
5
103
2
388
172
161
0
2
3
2
2
107
165
8
65
16
23
56
7
0
64
0
0
6
27
919
45
3
2
2
1
13
62
2
421
35
1
0
10
57
50
85
63
4
0
447
9
2
20
8
29
0
554
17
24
173
10
140
0
1
0
2
0
29
3
1
1
4
29
61
3
2
204
0
170
0
4
35
0
293
0
102
0
71
41
5
16
61
693
332
0
0
0
0
58
0
0
0
0
0
1
0
0
0
0
0
0
0
0
0
0
600
0
0
7
15
4
23
6369
727
1097
75
2
419
1403
52
165
0
19
4
120
4
271
3
562
466
8
0
280
110
72
522
635
3
210
3
0
888
159
1
60
2544
73
3
3
379
31
0
19
0
24
70
152
0
0
1091
2
70
5536
2
269
2936
1
453
231
0
24
0
11
0
36
3578
9
16
0
4850
1691
49
18
0
16
16602
118
0
7
0
1
8
5
32
379
111
193
0
4
89
5
0
5
108
5
560
159
0
1212
0
1
6
2432
66
0
1
2
3558
1
3
1
4
109
2
2
0
900
3
0
30
181
936
0
0
0
67
5
0
0
24
447
6
96
0
188
0
0
0
38
6323
32
108
172
8
507
449
0
0
13
1665
220
10
9
1703
1
4
0
0
2
290
4
0
270
1
0
0
5561
24
0
0
2
2312
0
0
245
0
0
585
22
48
2191
3
1
0
0
493
81
16
0
62
70
71
1221
0
3
5097
20
12
201
0
0
5
1329
0
3
913
13432
601
0
184
1940
0
23
26
3
11
0
1
2
4
1087
1
1
686
94
180
5075
0
2
11
203
6
1
218
4154
54
0
26
259
2274
1379
113
230
2
2
0
3
0
1
0
6
93
316
123
11987
2
0
413
1
19
3692
19
0
3458
1538
2195
627
7
4453
3
0
0
25
0
9
1146
9
51
0
5
1
201
25
7
0
21
53
254
0
0
1
3367
25
0
28
1
0
2
2
0
482
37
62
0
0
0
0
11
0
0
64
109
0
0
1
7
1
0
0
376
317
14
0
507
1
36
170
10
50
59
4
0
0
7
0
0
0
18
574
332
8
4
0
173
202
0
25
181
10
12
12
0
4
0
83
1673
17
52
379
0
7
115
340
86
3
18
1
6
0
0
0
1
0
0
0
79
10
89
107
2
727
518
3367
11
26
1401
3523
555
121
21
0
15
0
451
500
74
1929
201
226
307
132
3
336
304
2
64
0
0
24
13
0
0
0
27
837
73
185
2
26
13
120
12
1
3
0
0
0
2
0
0
0
0
0
0
1
0
7
0
0
0
0
0
0
0
5
1
1
1
0
0
0
1
0
0
0
0
411
28
1043
187
35
14
1
24
694
0
82
8
27
0
1
44
22
1
7
34
1
540
0
150
1160
15
0
1
0
0
1
2
493
73
2
7
0
0
0
0
0
0
1
0
0
2
0
40
0
0
47
0
5
169
13
2
0
0
2
196
28
171
2
395
38
0
0
34
405
0
15
226
0
30
3
0
0
1
2
73
0
0
0
0
0
0
0
0
0
0
0
78
0
0
0
0
0
0
6
59
112
1
1
1
129
0
10
28
10
5
2
50
182
584
18
10
0
213
35
57
0
10
60
943
18
67
15
42
0
58
1
6
17
8
176
430
69
7
339
112
1
1
396
158
63
0
3
64
2
312
1
0
29
3
3
28
782
913
256
657
80
20
77
0
2
1
5
1018
1304
215
6
374
274
0
2
0
0
0
23
13
3741
0
3
1
6
38
289
43
0
31
501
3
75
2
8
2
6
0
533
60
20
0
0
37
4
2
5
0
0
81
116
0
0
308
6
4
2
256
26
1
27
34
1079
331
1
0
1431
0
1110
2395
3903
0
0
323
0
544
0
0
114
104
9
147
3
1793
28
6
0
24
26
179
0
1164
1221
2
3
1
249
14
272
82
8
0
9
663
1232
42
0
0
0
295
6
1
2
2
3
25
2
887
1
147
2779
11
496
0
5
0
166
17
3
4
317
0
40
2
88
105
1
0
3824
7
491
128
611
0
3
493
2
1336
0
20
36
82
2
1662
98
0
3
11
966
354
4836
1440
0
8
0
1536
639
37
1039
0
1711
2
0
280
2343
682
0
2474
20
122
3
0
604
1
1151
3
0
2705
0
3
0
1
2
2
30
0
0
0
4
15
0
427
20
11
38
16
140
97
0
0
2
0
1
424
3
2
2562
117
624
15
0
36
0
1039
0
0
10
3
7
0
3
8
1695
147
567
1
1632
192
2811
0
11
75
2
0
0
3
627
485
2
253
13
268
1
99
761
0
0
0
2217
1
0
0
4
13
4
19
0
0
0
27
0
282
0
0
0
0
2
24
414
273
156
19
0
1
44
5
0
0
0
790
0
0
168
86
1346
0
12
0
1
0
0
0
1
3
0
0
4
255
0
0
0
0
1
79
31
140
0
2
0
0
58
1434
7
81
2
2
136
403
504
334
5
3357
80
26
0
180
2
12
14
588
0
0
524
225
453
1190
1130
0
566
28
1019
41
0
162
22
21
64
3
106
0
0
580
0
1925
467
156
243
10
0
0
7
19
1
363
369
78
393
787
28
0
0
1044
2
195
77
1193
47
5385
537
48
0
0
29
221
51
1
4
524
0
0
2156
38
897
225
0
0
310
4
130
137
0
36
155
0
5
0
345
4
36
0
84
2
0
17
434
0
0
159
50
634
42
291
77
2
1629
8
0
2957
4925
46
37
0
737
5932
178
1
4
1
215
1
52
0
333
421
256
16
0
0
592
0
443
70
1336
17
678
1
162
476
17
0
3
0
9
12
65
13
28
417
16
0
13
20
1441
1225
12
14
361
2
12
53
2388
4
27
1
2
131
219
118
37
83
18
19
339
0
347
729
0
449
96
315
2208
361
726
21
46
384
13
626
46
36
405
4
19
0
2
0
83
17
28
387
2746
0
669
552
55
419
56
708
468
62
0
843
3
212
2501
1
98
1473
101
97
32
44
46
135
76
12
170
31
5
20
1052
318
92
70
8
0
0
14
351
1
0
1
0
5
0
0
615
58
0
0
0
2
0
0
0
0
0
0
2
6
5
7648
3
2
0
5
0
1
209
47
74
181
0
4
735
0
7
55
17
678
115
0
391
0
79
0
480
0
1321
0
117
5201
0
791
0
0
0
0
0
3
0
63
26
0
38
0
5
3
27
147
61
213
287
2
221
327
0
518
52
60
1593
0
29
1
71
0
0
7
0
0
32
15
2
0
189
975
0
7
11
337
0
0
0
29
0
202
50
3825
199
42
31
38
0
897
800
462
2
1037
638
61
38
39
398
447
2
6
0
164
9
0
0
0
0
55
3
113
826
25
0
0
0
1
1
2
2437
10
356
0
986
219
0
13
0
0
0
284
52
461
2170
53
200
4
11
886
1
485
195
30
22
0
904
0
290
146
248
279
4
76
304
134
78
49
1
446
24
625
0
0
2
193
0
0
0
2051
0
365
10
231
375
0
324
1
583
20
21
6
0
0
0
0
0
6
167
1
0
93
0
0
0
0
0
0
1
1
1
2
6
4
0
0
656
258
0
52
2069
0
0
0
0
0
0
0
0
0
0
0
0
0
293
0
1
113
1
0
6
340
0
1
0
7
0
3
0
1
0
0
0
0
1309
0
11
2
327
5
141
1313
0
0
7
14
0
1
0
9
0
0
0
0
0
0
0
1128
0
30
1
305
3
71
32
255
531
1029
0
0
3
330
0
197
239
6
4
4
8
0
1
5
0
0
1
0
0
0
0
1
1
0
0
79
0
832
5
1818
499
13
0
2756
0
0
0
3
7
3086
0
2636
0
16
123
927
637
14
60
10
5
0
117
2804
1833
75
0
475
6
2
0
0
18
60
0
16
1
81
620
1
4
24
0
4
0
2
0
2838
8
12
100
0
0
0
0
0
292
0
383
270
0
0
72
0
2366
225
7
0
6
1407
5
1
213
0
177
11
0
75
359
892
190
0
0
45
1
0
109
26
61
0
6032
232
234
215
156
0
1
927
2402
0
1
7
0
4
0
0
195
2
179
3
0
977
468
35
3
3
0
38
2
1
0
110
433
1
2
1795
2
2
127
424
3063
1671
0
0
44
3244
0
1812
0
1
255
739
32
1
0
1254
0
0
853
0
1
0
337
26
0
3
14
166
341
72
389
0
0
1
67
163
18
132
162
0
0
19
0
3
203
131
100
1448
1023
705
0
4670
304
191
5213
710
0
127
0
156
589
35
3703
7
1422
0
327
49
4
0
0
1
763
1089
0
673
0
0
0
326
3
13
0
25
1723
9
0
0
0
94
37
5312
19
22
184
1
186
71
378
7785
0
37
0
90
90
27
960
7
3
0
11
856
11
1
192
21
0
490
10
10
1844
215
5
0
1724
0
0
0
11
0
684
0
611
5
1994
0
89
126
0
0
80
0
4310
0
209
414
237
329
132
3
143
818
0
104
2235
347
1
0
46
74
25
519
10
0
39
11
594
102
1348
9
2
6
0
0
281
80
0
34
0
476
2
48
950
0
74
0
2
0
0
159
10
0
880
2
0
0
179
0
2
3
3
0
2
0
0
0
233
0
1
0
294
3
0
0
1746
0
0
0
0
0
0
0
0
0
3
4
1
0
1
1
0
794
4
24
2
3
1
3
0
3
0
86
0
50
5615
44
53
351
2621
1140
181
2
1696
11
0
8
53
0
0
737
0
20
335
14
3784
8
0
0
2
0
0
1
1
97
549
0
1854
8
0
211
1
112
99
0
0
0
1
0
0
152
0
1768
36
0
2323
26
0
8
19
38
0
0
1
0
0
0
15
11
6
4
0
47
0
0
1
0
3
0
0
0
0
0
0
0
2
0
0
0
1
674
0
0
0
0
2164
1
2
36
93
164
0
0
0
0
1556
8
4
73
52
1339
3070
920
0
1
3
2319
178
0
3
190
1343
0
0
4
6181
3
7858
2270
8
0
7
3865
6
30
0
752
0
0
0
2695
0
0
0
1
0
9
5134
23
542
0
314
26
0
149
31
1571
1
0
0
0
0
877
1
1
0
13
5
0
0
1
0
0
430
0
1
0
0
2
751
9
934
0
0
0
0
1259
0
26
67
198
2
127
0
5
0
0
0
0
1
402
9
0
0
11
0
0
1954
3512
4
2
1458
0
199
803
33
0
0
1696
0
1
0
2617
0
91
2
0
0
0
0
0
0
0
1
0
6
1320
0
2
0
1969
1
1493
0
1
6
29
0
0
2
0
248
1365
353
1789
25
66
466
1
465
415
1
1
126
61
432
0
0
0
0
0
0
10
593
8
3
520
286
87
1
12
0
0
0
0
0
0
0
0
7
0
0
4
0
0
0
0
0
2
0
0
0
0
0
0
0
0
0
0
0
0
0
0
136
0
0
225
0
59
6
611
0
147
1
2
2
17
1
23
0
0
0
0
0
0
0
0
0
7
0
0
1
0
0
0
0
0
5
0
0
0
16
0
0
53
2
0
0
0
0
0
61
51
36
7
0
3127
21
324
0
619
416
336
83
4
0
2
0
0
0
3
0
0
0
0
1
2
1
0
0
0
0
0
0
0
0
0
0
0
0
0
0
2
0
0
0
0
0
0
0
0
0
0
1
0
0
0
0
0
0
0
0
1
0
0
0
0
0
0
0
0
0
0
1
0
0
0
0
0
0
0
0
0
0
0
3
0
0
0
0
0
0
0
0
0
0
0
0
0
0
0
0
0
0
0
0
0
0
0
0
0
0
0
0
0
0
0
0
0
0
0
0
0
0
0
0
0
0
0
0
0
0
0
0
0
0
0
0
0
0
0
0
0
0
0
0
0
14
0
0
150
0
126
19
50
518
62
38
5
5
504
7
17
83
0
14
0
19
109
181
0
3
853
14
0
0
125
31
46
100
17
415
1
2
16
0
0
1
0
3
0
192
42
0
0
25
64
2
0
0
13
98
71
153
5
0
96
205
65
38
2
9
14
2
8
10
0
12
12
2
0
0
231
0
1
3
0
5
1
6
2
6
9
65
13
14
1
17
33
1
7
24
3
0
153
0
2
0
0
13
0
1
8581
0
31
355
65
2
0
328
0
2
4
11
0
0
2
0
9
0
85
15
0
2
662
0
3
194
20
616
2569
15
35
53
3222
257
2338
30
593
38
23
0
0
1813
0
2
1
5
10
0
2456
1398
7
1990
1297
16
0
868
0
0
1233
30
1210
0
1016
722
527
1
8
0
0
368
0
0
3404
3
157
0
0
0
25
30
0
258
5
0
1
0
0
0
577
2
3
0
906
4
75
20
178
0
0
8
2
2
0
12
30
1335
9
50
151
0
436
3272
0
954
299
0
0
0
0
112
0
13
51
0
10
0
1
11
5
14
4
265
1136
0
0
374
146
186
343
0
0
0
1
1902
0
104
5
38
1
143
96
8
0
0
80
204
564
4
331
2259
413
0
0
367
209
2463
389
98
12
432
1
1439
2
478
178
773
0
1
30
6
3
0
123
0
93
4
18
3
0
101
359
0
0
8
454
1
1
1
56
52
6
22
29
393
44
378
0
296
163
256
5
4
684
601
0
28
53
1
10
17
141
0
40
90
4883
591
159
96
545
2655
30
1
3
2483
18
430
5
77
1498
1
0
0
4382
6
0
1292
1137
0
7
25
0
0
90
6
39
519
351
0
125
2
140
0
452
474
378
16
0
1332
37
29
98
139
694
16
27
1469
89
78
160
190
163
2
76
120
925
112
28
1592
0
20
0
1
0
0
5
1550
10
360
3192
0
164
54
3
23
0
7
1105
156
131
16
1
0
0
47
0
577
0
0
2453
0
154
0
0
932
2808
299
0
0
146
114
0
186
0
536
22
3
94
20
232
18
1
259
106
172
0
0
1118
222
10
144
5141
0
14
0
485
13
8197
0
13
1582
723
195
168
206
573
110
423
39
16
26
10
415
3808
18
1
1
160
1113
12
1086
0
26
163
12
68
184
760
32
0
2000
147
51
94
14
1
3
1
42
0
201
0
0
178
2
0
31
0
371
14
1
0
3796
0
0
0
0
25
6130
5
422
2
445
146
329
0
1111
3190
63
0
82
4206
19
62
0
69
11
37
1
3
3
77
0
0
1141
101
3
0
3
0
0
166
15
46
575
220
83
1394
1
123
9
5
0
0
58
4
28
4
2
852
122
913
4
349
26
9
113
72
565
285
24
577
31
656
0
36
48
38
0
0
597
75
110
1085
1299
17
24
1076
54
0
0
1011
3
61
147
62
31
14
0
6
172
6
0
5
0
0
84
38
0
1
0
57
0
0
73
49
25
226
3
208
132
35
7
1156
502
223
612
17
263
2949
0
0
0
0
0
0
16
158
23
26
17
821
49
173
255
0
281
0
468
0
0
85
10
0
0
0
0
5
4
0
2
0
0
207
320
9
5
0
3
0
0
45
0
0
43
6
290
9
0
0
125
0
0
0
76
274
717
7
0
801
271
0
210
2
18107
0
28
0
61
1
0
20
305
173
28
322
365
0
675
4
0
0
0
418
0
0
0
0
3
3150
2081
28
0
872
1
1446
2473
2168
260
668
607
177
382
0
29
823
356
351
0
0
41
3160
0
0
0
57
21
64
1156
108
0
148
1
1
52
3
1
2
252
232
46
3
9
0
0
39
6
3
0
0
0
1
8
0
0
0
1
0
1324
43
1883
0
68
0
27
40
1
0
0
2
0
1
0
0
32
1
61
0
1
5
0
1398
413
73
0
834
0
3
301
0
0
1
60
2
1
0
389
16
0
1
0
0
0
0
1246
0
3
2457
459
1055
0
293
15
34
0
273
1016
0
13
116
231
509
211
5
2
369
80
0
550
18
2
2
0
0
17
70
123
0
453
1
1
0
0
13
0
0
0
0
12
0
4
162
0
2963
16
20
0
0
1062
488
2026
374
288
52
1421
8
182
3156
3
2759
213
1857
33
0
328
0
21
1
0
0
373
2665
2
0
0
17
22
728
0
0
4
0
68
96
2575
13
65
16
162
22
0
25
0
7
111
0
3
0
0
1
0
7
158
0
26
73
80
2
0
0
0
0
227
0
0
2
14
37
50
13
14
32
688
1
777
90
0
141
4
5
1
2
6
0
14
0
0
0
0
21
15
0
4
1
2
13
0
0
0
0
0
0
0
0
0
0
0
0
0
0
0
0
2
0
0
0
0
0
0
0
0
0
0
0
0
0
0
0
0
0
0
0
12
0
1
0
0
0
0
0
0
0
0
0
0
3
0
0
0
0
0
0
0
0
0
0
0
0
0
0
0
1
0
0
0
0
0
0
0
0
0
0
0
0
0
0
0
0
0
1
0
0
0
0
0
0
0
0
0
0
0
0
0
0
0
0
0
0
0
0
0
0
0
0
5
0
0
0
1
0
0
0
0
0
0
0
0
0
0
0
0
0
0
0
0
0
0
0
0
0
0
1
0
0
0
0
0
0
0
0
0
0
0
0
0
0
0
0
0
0
0
0
0
0
0
0
0
0
0
0
0
1
0
0
0
0
0
0
0
0
0
0
100
6
0
0
0
9
0
0
0
0
0
0
0
0
0
3
3
0
0
0
0
7
0
0
0
0
0
0
0
0
0
1
0
0
0
0
0
0
0
0
0
568
406
1294
445
0
0
0
30
0
0
0
6
0
0
2
3
0
1
8
45
0
49
0
945
2
0
0
2777
803
968
1
13
0
1
2
94
0
2
26
0
0
1
0
0
47
0
4203
0
0
36
7
0
1280
2
1297
0
0
33
3425
0
64
0
2
0
18
32
3
27
3
8
0
0
51
0
354
0
162
1344
20
0
79
21
1539
1248
1756
0
2
3
1403
0
263
2
1
34
25
1
0
48
2840
0
247
0
58
100
606
52
116
0
938
5
925
1
1
4
174
73
220
0
0
4
0
1353
21
2
0
0
303
4246
141
26
0
0
0
540
6
1474
4
0
107
2
7
1
3
1374
132
238
0
10
769
0
0
286
0
0
0
0
0
1
318
0
69
0
134
0
417
43
63
6
0
57
0
71
2
0
19
0
0
0
0
10
683
152
0
18
216
181
3
0
0
66
541
3
176
0
0
367
7
630
0
20
57
144
181
0
0
59
2
20
0
1564
18
4
27
21
2184
65
115
56
675
227
17
90
27
0
547
0
553
11
0
0
1
5
9
674
2
5
4
1
0
129
675
20
2200
641
16
0
476
553
4
11
171
2
606
64
0
0
611
4
1791
222
1026
0
42
2
1
4
0
0
52
29
128
397
1
741
138
8
132
486
55
627
1
106
27
0
0
151
126
549
1844
1
40
1177
0
49
554
1828
494
222
60
0
0
2
127
10
0
0
0
9
53
121
17
14
134
232
0
126
46
2
435
439
76
0
6
20
75
0
28
26
1217
56
0
0
0
6
0
5
204
0
708
0
0
1
30
651
1
0
257
0
0
46
0
0
1260
1
396
1007
203
0
207
207
900
1
299
0
831
13
2
1621
11
0
78
1741
2
1608
0
137
1087
704
105
22
11
71
27
1118
0
3
0
0
73
133
2523
29
0
176
4086
3
22
7
0
162
7
11
39
1190
839
357
21
1394
1
0
4
17
0
166
10
89
1230
0
219
769
11
143
56
45
0
3068
2543
1196
0
0
93
0
139
338
587
0
9338
27
3
227
0
0
0
606
0
94
0
414
2
2
115
0
2
2600
0
614
11
1490
1311
0
27
0
15108
0
232
459
153
703
1
2
5
2378
367
365
7220
0
0
0
0
49
2
0
134
0
18
0
119
3062
0
2
1
0
0
0
0
0
1871
17
544
32
0
2283
0
13
9
240
118
1734
204
216
82
1
0
2406
260
1
4557
56
8271
35
125
871
0
57
66
88
4
1021
4344
62
0
0
275
83
6
303
0
159
0
0
244
393
101
0
9
0
0
96
118
438
24
142
13
9
1209
380
181
148
0
2227
880
166
1
219
27
98
925
0
57
48
66
0
11
342
0
32
4
539
4261
11
1083
291
380
14
0
2341
38
0
7472
65
0
13
3
107
40
251
521
99
11
0
1
0
1081
5
3
179
46
81
6
6
284
0
0
579
0
0
1
6
0
0
1340
10
1
15
212
4
12841
2
271
9
42
8
3130
29
23
7
141
415
284
21
94
0
1149
35
0
0
66
0
4030
14
0
1
2
240
345
3
3655
0
6
0
58
1226
63
0
1
1
0
30
26
52
0
231
0
3
0
2
0
9
27
1
13
0
0
0
23
17
50
175
457
142
0
8
278
0
1
194
2
2
15
501
38
3
582
0
375
1126
9
0
0
0
0
0
30
192
0
651
1390
150
0
0
14
0
0
44
68
3
0
0
8
0
496
248
57
88
16
1480
6
0
0
5694
153
55
1709
5
4182
581
0
8
4
1
0
0
0
1
903
0
49
53
471
0
30
2
47
102
2
0
3
1014
4
131
78
33
0
3
19
0
9
782
129
10
2
8
0
385
6
2
14
0
2
1
0
2
3810
44
0
45
4
43
253
1
0
0
1665
0
138
280
0
200
0
0
0
227
128
56
274
9
0
0
115
0
19
377
18
0
0
1544
282
3
2
1
2
7
46
9
30
17
14
19
513
98
67
0
76
0
973
0
0
45
325
0
81
2
10
353
0
69
28
2
0
146
71
0
0
61
4
628
1
510
46
773
3396
9004
1
156
0
0
111
11
3
274
2
435
1
0
3
0
18
0
125
1
32
59
266
5
10
569
0
2
30
22
6
0
2486
4
252
345
0
3
2
0
0
17
0
47
9
41
16
1
2
3512
4
9
0
1229
83
341
17
1671
51
0
19
0
0
0
96
0
19
1804
6
1069
0
7
205
0
125
39
19
95
0
1
104
1
18
1
20
65
0
1
0
39
522
0
0
1111
27
0
12
0
2
4
7
609
0
0
0
2376
4343
88
2
68
0
77
37
0
6
1
10
14
2835
0
0
0
0
75
0
11
0
4
78
0
0
705
0
0
0
0
55
3
174
2
1
0
3
0
12
29
131
41
957
0
126
8
20
5
0
0
0
0
0
80
0
3107
8
49
0
0
172
1
392
57
1892
0
4
0
1
3253
165
322
0
1404
0
0
0
28
15
0
1
57
248
39
7
3
89
0
90
1781
3
53
0
0
528
98
334
23
430
1
0
0
0
203
1148
0
0
0
0
0
1
31
2
24
68
240
0
1
0
0
0
0
0
0
1175
268
0
8
162
22
793
7
187
4
1
0
998
0
528
6
0
17
0
898
0
34
25
3
18
0
3
2
0
11
1
8
8
0
6
4
0
14
88
0
4
5
3
0
11
0
1696
0
14
0
1
0
0
0
0
0
0
108
0
0
0
9
0
0
0
0
11
0
480
0
8
7
317
34
546
5
0
0
12
216
2
1
0
60
271
4
103
27
122
0
1
134
826
1
0
5
19
2
99
16
0
974
80
62
0
0
1
4
6
11
1
2
0
0
20
8
18
4
0
1
104
11
33
10
193
437
1
0
49
41
74
7
1
1
0
53
230
0
1
265
1
193
21
119
46
0
7
0
0
0
17
10
0
8
1
0
1857
0
0
147
3
0
0
216
2
35
1099
60
0
0
0
0
61
12
5
0
40
207
38
2
9
1
0
2
0
0
0
9
6
10
510
30
38
58
69
56
2
172
9
90
0
0
5
0
13
3
0
329
14
447
0
0
93
0
62
0
0
7
75
1
95
168
0
3
31
903
467
0
2473
1406
0
3
48
41
33
11
5
14
1
12
52
152
325
504
165
28
0
43
795
8
0
210
6
98
9
39
3
3
1083
814
246
23
11
18
132
7
17
109
0
3206
1
0
0
1
0
128
0
0
7
132
893
13
1249
2
194
168
0
1
2
901
2
1
444
20
809
0
0
93
79
3
98
1
2
909
0
166
340
5
25
1
259
24
19
242
31
2019
32
167
53
0
0
0
0
0
0
0
162
4
852
6
1284
0
1031
0
2
144
245
1810
5
89
2
2490
0
1
0
3
0
13
0
966
15
2
562
6
201
0
5
83
0
0
1
0
2608
0
14
66
0
37
1601
448
644
0
0
0
0
110
0
0
31
3332
0
71
545
0
8
0
19
546
445
0
586
0
2470
66
0
126
0
2763
1217
1
42
3
0
29
2
0
3514
21
0
0
10
0
14
3
0
0
115
0
12
7
0
14
2177
150
376
3
0
82
15
0
0
30
2
308
2
100
6136
0
17
3
115
93
1035
0
38
25
422
0
45
1
0
35
1
0
0
18
0
3
1
0
146
32
115
83
87
37
0
76
211
11
73
3
7
310
95
102
1
498
13
24
0
188
0
956
10
0
933
1
22
9
959
1
411
2833
2
14
541
0
6
0
276
0
603
191
10
848
818
23
541
107
87
134
161
16
249
11
0
852
1
24
1612
1
10
1
563
4026
6
1674
3747
2607
0
447
1
7
24
0
0
1
109
1
1
0
0
0
1
80
0
190
23
0
1122
45
0
425
1040
47
74
1539
15
4
23
14
16
0
26
0
3
1
9
3
0
195
771
185
9
34
1
22
5
0
348
22
16
237
30
110
3
590
0
581
52
2
61
2
1
1221
0
0
7
0
150
0
0
0
2
0
19
0
9
2
0
1
89
74
0
14
6
663
2
0
0
0
759
24
0
25
41
478
0
267
30
0
49
14
1
13
10
4
0
122
3
29
4
73
2
0
181
29
6
0
1
4
0
173
3
3
83
0
7
37
51
47
9
0
294
43
0
1
0
27
0
60
1
4
9
20
148
103
25
18
187
2
119
0
0
52
10
188
12
0
341
134
1
0
154
17
0
138
0
9
60
99
6
26
7
15
0
16
0
3
346
9
28
6
132
1
0
2
1
1
0
12
26
3
0
0
14
184
0
6
1
2
1
86
4
0
0
1
0
0
3
458
246
0
0
0
1
0
0
0
0
0
0
0
0
0
13
0
0
0
0
0
0
0
0
0
20
0
0
0
0
3
0
0
0
0
9
0
0
0
0
0
0
0
0
0
0
0
0
0
0
0
0
1
0
0
0
0
0
0
0
78
0
331
9
51
228
99
164
8
11
116
3
8317
2
17
2509
179
1
0
1
26
2003
850
1046
13
0
75
0
0
0
0
1
17
4
5
0
0
387
0
57
10
90
3
620
117
364
3
1
197
807
1
0
0
3
10
7
557
8
0
2
3
0
1
0
2
0
120
16
1
2
0
0
2
0
0
0
1026
63
0
0
0
15
5335
3
0
952
76
35
2792
0
0
11
0
8
1
2
0
0
3
0
25
0
0
0
1
0
0
0
161
0
23
375
0
0
1
5
1
52
4
0
311
0
0
632
8
236
120
0
213
1
0
0
1
6
2
0
0
9
8
0
1
1
5
347
5
224
5
717
6
0
305
730
765
124
0
1095
0
17
0
223
118
65
154
20
106
115
0
58
8
6
41
3445
0
24
12
2
3
54
162
54
0
21
338
2
27
2
73
0
0
11
14
4
2051
0
60
227
170
6
92
0
4
0
161
17
0
1593
0
0
0
0
0
20
577
0
0
19
38
8
0
0
41
0
55
0
369
247
0
0
1
1
0
0
20
0
18
1609
633
38
0
0
36
367
0
95
42
2
0
57
194
203
10
1086
160
0
55
30
0
13
82
17
4
8
10
140
0
47
62
3
8
26
4
87
1680
4
578
196
0
9
104
1
4
0
72
0
1226
0
3
0
0
2
0
410
749
18
70
0
99
27
0
3
305
4
0
6
6
32
0
62
207
0
0
2328
10
0
12
92
4
392
374
237
2236
0
172
9
0
34
0
3676
19
793
13
5
81
187
1261
10
71
61
0
0
91
1
2
0
377
444
3406
198
7
46
62
5359
1
387
35
4
0
238
5
117
1
340
16
180
356
527
109
158
749
0
10
0
280
1
0
3
0
2
0
0
2
10
1
575
6
4
6
12
54
552
1012
30
0
0
1547
0
1301
287
369
37
149
0
0
4
80
471
0
1047
15
249
0
2337
5
0
1
1
0
84
0
1
0
130
2
0
336
3
0
153
1
5
2552
284
170
1788
1102
809
0
2
12
31
0
6
740
2063
48
0
2
46
33
0
30
0
32
0
54
0
106
148
838
14
3
1
53
1
4
33
183
0
0
23
150
100
24
8
110
0
0
43
0
101
1
5
9095
1
10
1
0
5
2
45
0
0
0
24
134
0
1
3
75
0
12
0
1
657
0
18
302
47
1
31
50
0
0
1
2
0
0
163
0
681
0
8753
0
2007
0
15
2062
106
160
0
0
0
5843
2
1
0
0
0
2
20
201
288
0
72
37
3
441
0
59
1
10
0
0
0
1
109
0
0
2223
87
403
4
372
0
142
1453
3280
10
756
692
2
0
0
4271
0
0
0
0
10
141
1
201
0
0
76
227
4
0
3
1
0
0
0
3
2
2
38
0
0
0
651
2
0
161
1
0
4
0
15
0
1
4
0
0
146
1
0
66
3
1356
0
40
205
2
1075
41
0
19
0
0
471
2
7
431
0
9
776
17
1
6
0
0
0
1
64
0
601
25
597
0
224
60
50
28
27
1
9
0
303
0
27
0
0
1
3
529
6
2
168
2
25
2
0
644
0
1
0
4
0
0
36
0
9276
2
2
1041
76
6
37
1606
269
40
172
16
0
58
296
15
230
347
814
2310
123
0
1
0
111
0
7
203
0
4
1101
0
34
78
3
42
0
51
8
1838
1
109
0
10
20
34
5
2482
34
0
42
4
135
0
23
0
0
2276
4
2
15
3867
5
8
0
1
1840
1683
2
477
171
8
3660
778
156
51
525
0
23
72
121
2
34
55
273
525
49
3
1
32
0
5
40
0
3788
52
0
0
113
65
241
0
10
67
0
1573
4651
3
1
148
0
0
0
3825
0
0
0
0
36
0
0
94
0
0
0
1
0
93
479
340
311
2
0
139
24
0
0
0
0
1525
3
0
12
511
85
140
1068
5
8243
300
1149
0
0
2099
31
9
3
391
110
3
1
10
0
2
135
16
0
90
8
0
34
55
23
2
0
7
6
64
1241
2
0
0
1
25
38
4
366
225
8
0
0
2
11
518
0
72
4
62
72
54
55
236
43
0
1986
776
0
104
4
14
69
1
86
113
422
0
24
326
5
7
165
417
0
39
690
0
1
85
18
35
460
0
10
0
10
16
0
0
0
8
8
0
12
2
2
26
42
19
8
0
10
12
495
54
35
0
0
3
14
71
0
18
157
0
0
0
39
0
75
1
17
0
0
0
0
0
9
0
4
195
0
541
0
2
0
0
0
3
24
4
1
37
0
137
20
3
1
198
19
0
152
112
0
297
3
188
0
3
1
7
45
2
10
0
4
0
9
0
332
12
1
2
5
0
13
3
143
30
0
2
1
19
0
0
2
35
0
3
1
3
4058
271
1
2
0
79
1193
0
10
969
4
0
3114
82
9
0
0
32
60
574
0
6
2
9
0
76
7
1418
8
32
3
0
2
0
3
0
1
0
76
0
130
0
60
557
770
16
0
185
14
263
65
0
105
0
52
81
2028
2
11
419
34
4
1237
0
2
131
0
1
72
0
7
20
1329
104
0
0
113
0
0
8
0
0
0
1
0
0
2283
1
0
0
20
31
0
7
1
0
5
35
101
5
0
6
1
0
1
0
0
1
57
272
781
0
6302
0
2152
89
1
1
0
64
5
3366
13
34
0
2
318
0
0
0
29
5
3
0
1428
6
24
0
33
1
0
200
48
294
1
193
1
34
1
808
8
0
546
1183
0
22
160
50
129
32
15
213
13
80
0
0
241
20
348
3
0
0
30
2
34
19
10
160
0
603
1
88
0
136
25
0
0
0
188
0
0
0
0
0
1350
0
16
0
153
1
0
4
0
31
2
0
67
10
303
0
27
0
0
2
153
0
0
994
0
856
22
0
24
0
0
0
0
0
3
0
66
0
47
0
891
0
2
988
93
215
12
660
30
0
1
1
30
0
0
0
1
0
0
0
0
0
0
0
0
0
805
14
439
5
0
43
89
111
6
1
16
1339
0
0
0
1
0
6
18
48
58
18
0
0
6
364
0
11
3
369
1364
1
0
2
0
0
1
6
2
352
0
180
1277
6
23
1
104
2
2
17
0
45
60
5
0
4372
25
0
134
0
0
14
356
6
0
131
10
0
804
0
26
1
929
13
10
1994
241
23
1
66
0
0
4
8517
0
87
3
207
0
4
1574
10
2
622
3
7
364
1212
1034
1062
0
1
0
0
2
32
702
0
0
270
187
2
129
0
101
0
1
274
1
7
4832
296
0
2
0
457
0
5
10
0
0
12
281
38
1304
451
0
1
1409
40
0
65
1
742
0
0
8
20
9
563
0
11239
0
32
33
1
0
128
9
462
0
0
7
0
0
0
0
0
1
0
0
7
0
0
0
1
6
1
0
0
2
0
4
135
0
85
9
16
0
0
0
0
19
5
0
0
65
105
4
35
2
0
23
17
1267
0
0
1
2
0
77
0
1308
1667
0
0
503
0
0
43
16
14
60
3
5
1
7
0
3
148
0
1
0
0
2
28
1
0
83
16
328
4
0
0
0
1
0
0
40
704
2
1974
139
106
0
0
1
3
0
0
1237
15
2540
66
581
0
25
894
657
11
106
0
445
0
0
0
0
0
2
19
210
0
326
135
84
0
0
0
2
159
15
15
75
0
213
140
310
2
7
1422
2
3
5
7
1
0
40
1
0
18
28
2
2587
11
388
951
0
0
2
94
196
0
10
166
524
0
72
518
3
656
12
74
0
8
74
0
0
197
255
79
165
347
718
2134
36
154
0
0
0
58
168
9
0
0
5
0
0
0
1
0
0
0
0
0
3
8
5
4
1077
21
1
0
6
0
0
0
0
0
0
0
0
0
0
0
0
0
0
0
0
0
0
0
0
0
0
0
0
0
0
0
0
0
0
0
0
0
0
0
0
0
0
1
0
0
0
0
0
0
0
5
1093
0
0
0
0
0
17
0
14
1405
58
20
18
1
18
280
0
18
10
803
16
9
0
14
5
1
0
0
1
7
0
6
1113
1
129
3644
53
1121
134
3
0
11
74
6
286
9
33
1
2
13
16
74
396
0
5
0
26
159
23
15
200
69
1
2
12
9
2
8
0
93
47
27
7
1
241
0
597
60
3386
33
0
0
352
30
81
10
5
0
89
0
0
89
3
60
1
0
0
0
0
43
10
25
406
0
273
2
25
16
84
49
33
57
188
11
8
0
13
3
14
2
39
0
18
3462
0
0
10
94
0
90
0
1
1
55
9
531
0
0
2
120
0
1
0
706
689
51
253
0
0
784
6
0
118
86
10
88
18
1128
0
1642
2
563
35
0
33
161
0
0
0
5
0
69
0
0
3513
0
6
265
60
154
219
0
4651
25
8
0
4
1
149
0
1181
3
3
0
406
0
49
870
105
2530
164
754
0
8
14
401
28
5
2
4
0
0
292
115
0
5
72
503
17
13
6
238
0
0
168
61
2286
34
6
0
0
5
46
580
101
0
0
0
1
309
0
0
15
276
833
0
0
0
0
72
559
9
272
166
48
7
0
8
1
115
10
48
2
1821
11
40
0
20
0
0
7
4
1
0
1138
40
23
97
369
12
32
2
16
4
0
1
7
8
268
0
33
0
0
7
15
3
5
0
5
6
0
1
0
18
11
114
19
1
167
0
404
10
0
85
4
16
5
12
0
4
0
0
4302
133
5
2044
113
0
0
53
0
86
0
3686
102
0
6
2
1136
289
6
0
0
0
0
369
191
1
0
0
890
78
0
950
97
0
0
107
1
6
302
8
620
0
130
139
316
1
0
100
0
100
27
519
0
5525
0
2
0
18
68
453
6
0
129
379
2
95
0
32
0
0
2
0
33
16
1
94
308
0
64
1327
39
357
97
2
0
159
0
74
0
379
395
21
204
46
12
0
0
228
499
3
26
179
0
1564
139
3001
164
609
32
159
17
106
28
1
352
1773
17
2177
61
2
673
6500
46
0
13
0
32
12
108
0
2
0
0
574
6164
4034
23
177
2173
0
0
83
28
42
4
32
0
2152
6
85
0
2
26
0
61
3
449
54
122
1050
62
460
35
1
19
430
464
51
12
124
0
0
0
1
0
0
7
0
0
0
16
921
372
410
342
6
182
380
1087
4064
896
21
0
4
917
1
325
0
66
51
809
196
10458
85
6
21
0
0
3
2590
0
3
1099
4447
168
3017
0
1
51
9
0
0
0
0
0
0
0
41
297
56
519
346
86
6
56
0
223
79
863
488
3754
4424
583
1
79
3
7
0
17
0
4
2
0
7
0
3
1
0
2
12
8758
9
1
0
5322
0
1
218
0
296
57
10
421
101
0
0
0
2
3
1
0
1
18
38
0
42
3
10
2
23
3
0
156
18
1
1
0
125
21
3
30
0
38
31
492
12
175
13
12
199
0
24
3
164
0
164
75
134
42
472
130
11
432
466
352
272
8
48
0
41
1142
73
0
294
33
105
3659
849
250
174
2
706
0
0
701
17
12
666
0
51
122
4
0
76
2
1
5
31
842
0
104
20
53
248
0
0
99
0
18
1214
190
58
154
9
534
5
262
10
47
22
0
73
0
426
0
94
0
124
103
38
6
494
3
1
4
0
837
21
0
4338
0
17
0
24
2
0
0
1237
155
199
14
3
18
578
9
0
0
71
26
6
11
959
367
1
3056
722
375
0
0
1
48
113
13
53
82
466
0
0
63
0
0
0
0
69
0
8
15
873
0
2
217
49
36
0
39
8
17
142
2284
0
342
107
0
0
3592
1
0
0
0
152
0
3
0
0
112
106
0
23
32
2
56
3
25
589
0
93
21
0
0
12
26
0
11
101
1
0
71
19
6
11
1671
17
9
0
64
2
123
0
0
0
17
0
0
40
0
726
3
11
1
0
4
12
21
0
3
11
20
2
0
1
0
1
4
4
0
512
27
2
3
12
0
0
1
5
26
638
1
0
0
238
1204
0
6
0
0
35
0
0
6
185
419
6
9
218
0
2201
0
0
836
133
3
250
1
168
956
0
4
0
174
1
153
0
0
20
8
3
0
0
0
2
535
646
0
1
506
1
0
6
0
63
2205
0
1093
0
4
0
3
2
0
12
31
13
4
6
0
86
111
50
3999
199
95
3877
0
53
44
179
7
0
103
3
431
9
1
0
193
12
2742
25
22
0
6
13
6
18
0
0
0
9
0
142
11
0
30
4686
11
10
3
0
14
3368
3
40
4
0
4
0
0
197
0
1
47
0
1
0
4947
5
0
0
738
0
39
572
576
19
91
5330
3
275
0
165
1192
2
4
679
0
0
1752
12
1
0
1
142
483
3
1
0
0
758
0
12
1
0
1
1
0
0
0
0
96
0
0
4
0
367
0
4
353
0
0
0
9
0
0
3
0
486
881
33
5
8
626
263
96
0
11
1008
352
8
1563
0
0
13528
1
1
4
45
0
14
9
3
285
422
0
4
204
0
0
0
26
29
0
0
123
0
0
0
19
1
2292
0
469
67
906
153
1309
15
1293
0
6
5
3
8
786
0
4
39
0
0
54
0
5039
1084
479
0
2122
501
1264
105
1372
6
799
7
13
10
8
21
1748
0
0
72
2
0
0
4
0
34
13
0
725
0
946
6
307
0
95
74
4
0
0
0
95
1
38
0
0
79
1
0
9
1
0
0
2
424
77
2
0
2
23
5
20
1
758
8
0
1282
0
0
1248
5
0
381
0
435
2
2280
267
1
0
36
0
26
2
8
40
0
1
234
31
0
0
1054
8
4
886
0
65
97
0
0
0
46
23
0
0
0
0
2091
0
7
72
1125
32
453
3
941
294
170
2434
23
0
69
35
0
2
1093
1
12
5
0
36
886
515
175
2
591
2
2103
8
1066
35
37
403
0
645
1030
308
110
794
58
22
12
0
738
142
0
0
0
0
0
152
0
1
6
0
2
20
0
2237
3
1166
852
3
2
383
0
3
4025
4
4
2
3
5
5
0
201
0
93
15
233
3341
55
189
22
0
9
161
10
1366
0
136
228
113
32
1
525
5
1
2
1284
0
123
3
10
0
483
0
1
1167
0
1767
17
3
12
0
0
56
13
15
4
0
0
0
406
1534
0
0
0
0
0
2
0
5
49
0
150
21
553
3667
0
15322
4
5
0
0
0
23
1
0
1
1184
65
1
1
1
300
1
183
1
0
4
367
3
1019
1
1
0
0
0
8
3
6
0
0
9
1684
5
2
100
0
0
1564
1139
1442
0
505
2
746
0
2952
3677
0
181
17
518
47
0
0
0
4
0
2
1
1
3
0
103
4
90
0
18
0
0
8
2
573
0
906
0
2
3
65
0
0
0
1
0
1
304
567
1
0
0
0
324
12
4
414
1359
714
161
0
0
4
2
6
0
4
0
3
0
4
1
0
3
12
33
1
572
3
0
10
405
23
0
30
4108
3
0
115
701
0
0
0
0
1
0
0
0
0
0
0
0
0
0
1358
13
2
0
26
2
0
0
96
0
826
34
2371
0
0
2
5
36
6
0
0
0
0
0
0
0
0
0
0
4499
0
2
376
0
0
37
0
568
0
0
156
77
0
694
210
347
1
1
1
608
66
164
10
0
0
0
0
0
99
135
1
3
0
0
127
8
21
26
87
24
10
8
68
16
159
0
0
210
0
10
7
119
533
0
2
201
18
2
1
7
6
162
87
4
407
0
38
1
6
24
1
151
109
95
55
34
510
174
2
0
20
236
104
1
1
82
0
80
0
78
2
0
2
566
1
0
42
0
387
12
19
11
1
2
45
0
49
0
543
0
37
13
247
0
0
26
0
0
0
34
102
0
406
1
556
75
376
0
1302
1259
0
50
145
0
8
2
711
30
0
96
164
111
1
73
3
3
1345
0
0
2
0
201
68
204
16
1
2
147
40
55
3
102
6
150
991
0
76
31
6
2
293
24
2
1262
17
0
17
141
215
94
186
1
36
1
2
2
15
346
0
2150
25
3
20
1
49
16
15
1
177
90
219
982
440
776
97
101
19
160
8
77
34
325
4
46
33
0
967
0
215
0
87
0
3
26
80
11
23
1
0
31
86
242
0
568
12
0
4
0
0
246
0
642
149
93
2101
492
0
0
0
80
673
994
33
26
0
244
97
0
3
115
60
259
464
53
0
106
4
1
26
0
20
1
492
32
1494
23
5
26606
149
0
65
28
43
9
0
83
96
2
129
2
79
0
0
0
0
0
51
3
74
32
103
9
221
263
3
0
0
0
0
0
0
60
3490
133
103
19
0
71
13
11
0
0
37
0
187
327
44
2
6
3
2
26
0
0
0
0
4
0
4
0
231
0
0
5
0
167
12
0
0
2
0
182
786
0
18
32
11
374
139
22
8
0
1
67
89
286
99
216
3
1380
54
26
438
0
56
4
4
0
1
66
0
6
3
2
1
0
0
205
2
0
2
3
32
0
27
0
242
6
3
25
0
200
88
348
0
0
266
7
187
5
0
88
48
146
0
0
40
0
5
5
1
0
26
495
0
25
64
0
158
0
0
3
0
2
1
0
131
0
1
316
68
64
203
0
209
33
0
192
429
0
593
77
7679
9
80
326
34
69
1201
15
1305
29
168
637
30
0
6
14
130
0
45
14
4
4
11
59
6
102
9
8
0
369
250
16
265
3
93
370
156
0
39
511
0
104
652
0
81
1
4
4
0
76
39
30
1
0
248
965
21
19
36
0
209
1
40
8
0
518
0
32
0
213
312
14
165
0
49
0
55
33
0
29
0
291
3
277
63
29
554
0
0
0
7
5
0
0
2
11
6
0
5
198
68
63
1
61
6
141
2
11
498
2
0
0
64
153
0
5
7
11
3
1787
235
25
3
4
153
0
0
10
63
466
10
107
539
0
0
0
47
0
2
1
8
192
1
31
75
392
57
0
32
36
556
30
158
134
0
654
39
192
80
21
16
107
66
2
0
2
0
0
8
1
0
0
5
50
4
19
1
5
2505
2
654
1064
25
62
6
14
0
0
105
1850
0
1
0
0
0
7
0
88
152
0
0
2331
0
171
27
368
7
21
1
346
25
12
0
1003
3
0
52
20
1
0
1
0
1
0
0
11
11
33
1
131
48
293
0
55
0
147
8
1776
8
21
3
0
13
4
16
8
45
0
0
4
54
17
63
16
7
55
0
2
1
2
137
11
0
0
2
0
0
136
195
150
0
15
144
33
0
74
51
38
639
7
112
18
11
26
17
105
91
500
31
0
3
0
4
12
10
12
0
0
471
0
62
598
18
3
111
7
3
1366
1
92
13
46
0
1
16
55
0
1
66
788
1
357
0
0
0
108
9
76
3
1
255
34
340
48
113
0
1
9
0
9
40
410
258
1048
2621
0
18
12
0
48
0
538
3
16
112
66
166
445
9
105
3
177
0
71
126
24
97
34
31
96
36
0
0
0
95
27
1
287
178
342
473
60
76
82
2
228
153
41
2
199
6
518
156
2
0
48
5
0
0
2
70
3
0
0
0
6
38
3
2
0
10
0
0
0
0
32
0
114
0
3198
0
61
179
7
4
7
19
902
0
0
16
317
0
198
7
18
0
2
0
0
4
4
1
0
0
1
3
0
0
1
0
0
98
1
0
0
0
1
4
26
14
353
10
1443
0
1
640
3
0
0
0
15
0
261
57
1
0
0
0
0
9
0
2
0
0
345
9
1129
33
623
9
0
5
240
0
58
4791
9
253
6
4545
296
40
16
2
0
0
0
0
0
0
8
222
1861
0
34
45
0
2419
1115
25
1104
5
22
1
784
54
3
913
201
0
21
9
28
0
9
16
0
0
0
0
1
61
9
271
0
3
1
121
9
0
312
39
3
22
21
0
531
6
106
0
4
13
0
0
0
7
3
10
1
3
16
0
13
4
0
2
7
0
3
0
27
36
0
96
5
3
12
72
0
0
2
1
0
2
3
2
3
124
8
6
3
15
0
2
51
1
8
11
10
0
0
11
0
68
10
25
59
1
0
58
255
7
0
173
257
33
27
322
0
0
47
264
0
34
6
155
185
6
137
0
8
121
95
0
0
57
168
193
9
43
270
3
23
1
0
7
168
3
29
328
0
14
127
24
4
0
29
0
1
83
70
161
0
3
2
6
136
0
9894
1
12
674
11
73
77
68
18
333
0
96
1
0
16
5
3
63
0
0
85
4
357
4727
37
61
0
0
0
1635
40
23
12
1294
8
3
215
55
8
2
5
4
0
58
18
0
7
695
28
0
0
0
0
0
6
101
0
530
29
47
122
87
3
390
20
7
2
0
0
0
0
0
2
0
0
0
0
83
38
3876
106
95
1279
119
0
74
0
6
198
54
445
7
18
17
0
17
0
811
79
48
215
61
261
386
68
411
1
0
0
3
19
1
587
13
0
0
43
2
5
223
370
0
532
347
78
26
0
24
29
0
4
1
44
48
77
2
0
0
118
5
21
2
291
18
14
0
0
1
1
134
2
331
37
2
6
0
49
7
309
0
69
9
13
17
0
93
6
8
2
141
1
502
92
9
597
1
0
172
0
0
0
1
21
23
0
0
0
0
120
0
0
1
2
0
191
380
27
82
2
12
0
11
2
0
38
27
11
501
0
96
50
1
7
70
2
0
17
61
2
155
0
4
0
0
15
1
0
110
1
17
47
44
58
527
11
0
3
0
10
153
498
0
113
759
142
282
7
230
1650
0
26
1943
23
61
0
5
0
0
0
23
292
792
994
6
147
2
579
0
0
7
105
0
0
0
5
5
7
76
427
8
497
2
24
7
529
756
0
264
136
27
66
395
8
0
107
127
5
15
13
732
0
170
0
85
0
31
32
7
6
8
19
0
0
3
2
0
0
1122
121
416
10
0
0
0
1
122
0
0
66
27
3
0
6
7
736
250
0
69
55
0
209
1185
119
4
263
577
43
189
0
161
23
216
69
30
6
65
467
16
20
0
0
50
32
39
18
8
5
5
3
45
4
2
1
190
7
168
24
0
91
567
4
1
3
4
7
13
166
4
91
32
13
76
2
6
15
85
0
165
736
0
2
10
56
1
19
9
169
8
56
1
0
1
142
56
29
4
818
227
42
45
151
0
13
397
48
0
0
0
10
0
0
0
0
0
0
0
0
0
0
287
23
0
43
3
611
146
28
9
75
4
3
3
4
0
0
3
54
42
12
0
70
92
315
99
112
41
293
1
12
118
65
17
25
0
0
9
10
363
9
1
163
25
100
7
13
79
0
94
13
0
24
34
0
464
30
5
0
96
6359
4
19
204
0
5
44
0
1
16
16
30
5
0
28
1
14
2
4
12
2
0
24
6
0
47
4
12
11
47
1
1
12
0
6
0
8
1
0
0
0
3
0
10
7
0
2
5
5
20
12
2
1
1
0
1
0
3
13
2
38
6
0
4
0
0
0
2
14
0
0
3
99
5
0
0
121
0
0
0
0
1
94
4
9
1
41
213
0
6
55
20
32
121
34
30
346
0
1
38
0
51
1
421
28
311
27
359
25
7
34
92
8
23
0
283
211
3
399
773
196
100
10
0
118
0
0
0
0
0
0
2
529
4
93
33
0
6
2
0
0
0
0
104
69
198
352
130
563
2
0
0
0
10
40
1
35
12
17
9
4
5
6
7
9
47
43
79
2
30
12
1095
380
6
0
202
1
0
2
0
3
0
0
18
7
48
0
0
130
67
0
727
4
1
1
0
2
13
0
5
1
1
1
20
2
0
3
0
28
7
23
165
153
351
21
449
2
0
0
3
0
63
2637
9
0
419
77
26
20
305
0
10
0
0
1
0
0
0
23
24
10
1
6
0
0
17
0
19
5
1
0
10
4
134
0
6
0
0
5
137
27
186
0
24
0
0
7
3
1
2
12
9
726
158
1
1
0
932
27
9
0
9
0
2
24
9
6
28
0
0
6
25
15
21
9
2
12
0
16
1
9
0
0
1
1
1
139
7
87
0
145
68
0
3
0
19
0
0
2
0
0
92
0
11
64
0
0
0
4
0
5
7
65
2
2
4
13
23
7
28
0
0
323
9
17
0
791
231
30
0
341
4
62
1
11
12
185
59
1
37
82
83
462
3
8
93
0
0
0
31
3
7
37
24
0
12
19
47
0
0
56
2
0
1
0
11
3
20
0
45
0
41
41
40
16
66
454
2
70
0
557
97
6
0
0
9
1
0
0
0
0
0
91
4
0
0
0
0
0
67
2
0
48
1540
1
0
0
315
9
1
0
3
304
92
3
0
1
1
0
0
0
19
11
0
899
1486
0
0
106
0
1
120
93
4
2
12
0
3
0
43
1
0
0
0
5
0
0
0
1
0
1
1
0
22
44
75
0
963
18
0
0
65
0
11
189
0
75
15
0
58
280
1380
3036
0
0
0
2217
216
205
315
1398
34
0
769
1
2
0
391
0
34
0
0
0
33
0
14
0
0
57
633
8509
182
7
1
1206
3
0
0
30
0
240
4
0
0
1
6
116
4885
4
0
31
85
174
8
0
497
0
1
126
0
0
33
161
160
3
1
90
9
4224
3
404
0
3
0
1
0
2
4
5
7
0
11
0
0
0
1
0
599
0
4
1
4
691
383
0
175
0
0
0
0
11
1030
1
2
1
0
21
118
0
175
1
1
147
1
122
202
3810
0
2
0
272
0
0
0
896
0
0
2220
1
82
0
0
0
1
298
0
3
0
6
0
0
0
0
1287
4
55
4075
800
38
5
0
120
501
157
8
4
0
3
0
1922
3
4615
2
84
512
0
162
51
42
0
2
812
25
1039
5
943
88
4161
4
967
523
14
744
5
5
6
16
0
11
0
117
11
13
46
14
85
0
0
0
12
5
257
36
1
1
0
0
12
37
57
2
3
6
1
138
936
2
78
38
14
9
299
318
137
148
6
8
6
400
2
77
65
152
0
281
797
4946
0
31
1071
0
0
6114
31
459
1143
194
0
445
1076
98
1
0
518
1778
0
1
14
312
87
0
2149
3413
1200
0
6
11
5533
2
1
2
0
1
155
0
530
0
627
12
643
0
7812
0
560
70361
0
1029
296
17
20
136
0
61
3
0
0
29
0
0
3872
0
1207
68
1570
849
29
889
5
364
281
238
553
0
1
79
90
0
1
628
52
25
576
11
0
0
1564
59
0
770
0
551
1
147
19
299
0
15
10
0
3502
94
2661
1833
40
570
153
4581
1
3
0
4
0
70
16
2497
407
82
1270
0
250
27
10
0
2
357
0
37
2071
494
0
393
99
187
1273
0
2147
631
372
3975
0
0
0
1
0
0
0
1270
3338
0
0
1
1952
0
1
0
33
0
478
62
249
18
581
0
0
23
0
8
481
1913
0
2
27
29
0
3
545
9
2432
370
5
0
123
2502
34
70
658
0
965
10
48
0
12
0
1073
115
76
4
950
1
114
0
0
18
0
82
134
6
163
0
1571
3289
0
0
1
2305
31
1
36
895
0
1713
250
0
35
252
147
198
152
1390
0
327
122
661
6
2
5
96
734
911
0
0
134
6
84
0
1
0
2
617
0
256
4
488
276
1043
409
53
1
5899
97
1231
17
280
15
2303
55
192
1
4
116
4080
37
0
0
1878
143
584
3013
2
1968
33
1
0
0
533
64
0
0
912
1
403
0
3
0
51
61
274
3290
1236
1835
5
14
3
0
0
0
2
1242
3
252
3
3
0
0
29
45
0
49
0
8
5
206
26
243
153
0
0
0
44
1
55
3
224
0
934
2
0
0
0
0
769
1593
276
2123
3442
3
453
40
1041
0
0
5
1
239
9
48
135
25
1
1
516
12
0
1
1
0
0
5
0
64
0
6
1
2
22
15
0
304
120
100
2642
0
374
5
18554
4
1
0
553
65
2
25
15
46
26
0
1813
0
67
0
82
6
549
1363
599
75
3
1424
0
15
0
301
0
71
183
1
99
0
11
0
2
136
7
5
1
85
0
43
93
7
0
0
4
0
52
20
3
50
5
9
14
0
828
5
1
2
50
138
84
51
0
34
258
356
0
0
0
449
0
0
0
0
1
0
0
2
21
153
982
0
1
0
3
7
0
3
0
0
0
961
233
303
42
2910
0
375
124
366
429
0
21
73
88
41
35
27
1
2
417
45
2
37
67
26
185
2
0
303
318
851
0
28
216
1024
0
518
62
3
651
38
36
58
38
0
0
2
432
0
1
32
353
10
62
8
0
0
7
1106
0
361
0
0
0
0
0
0
1
0
0
0
0
0
0
0
0
0
0
0
0
0
0
0
0
0
0
0
0
0
0
0
0
0
0
0
0
0
0
0
0
0
0
0
0
0
0
0
0
0
0
0
0
0
0
0
0
0
0
0
0
0
0
0
0
0
0
0
0
0
0
0
0
0
0
0
0
0
0
0
0
0
0
0
0
0
0
0
101
18
0
0
14
0
259
26
24
73
16
61
222
1
0
0
0
1
59
1029
5
0
13
4
1
586
144
113
299
28
0
51
5
3
199
843
17
240
401
1
68
327
0
12
16
0
0
0
26
803
10
3
0
0
0
0
0
0
0
0
4145
104
710
33
88
188
57
5862
59
6
108
1618
118
143
1878
9
289
558
0
833
0
0
114
0
5
37
87
940
1238
0
5817
0
3
141
13
0
10
0
2
7
3821
2
2
248
14324
4
428
1796
7
15
2
1296
0
90
509
3
16
0
362
149
1
292
120
207
7
1
0
4
0
0
4
0
0
0
2
1
0
0
0
0
0
0
0
7
283
3
0
0
0
222
1
0
178
1856
41
2059
17
1
3
150
1
44
2
0
5
0
4
3
1
3
3
0
12
3
0
59
77
133
7
1838
74
2951
0
1334
656
24
0
1600
1354
0
1
6
0
60
3
1688
49
71
25
84
0
0
3
1
35
0
78
964
0
626
4
0
2
0
120
0
0
0
1271
848
1090
62
391
701
63
129
114
6
8
12
1448
0
11
0
9
0
0
0
2
0
0
9
743
1
287
0
0
0
345
0
0
0
0
76
2
109
1469
0
31
0
1320
44
0
0
1148
27
0
16
24
199
26
922
13
0
295
41
0
0
10
0
0
53
0
136
37
383
30
3
221
6
2404
1695
76
0
258
4
9
0
0
1
258
0
2
1
1450
3179
95
147
141
119
1
0
0
0
2
336
1
0
4
232
3
0
0
253
17
582
3202
8
3
1531
73
5711
0
120
14
2510
0
50
141
0
1482
611
382
0
0
1
15
10
0
0
0
1
403
103
1
2
17
882
1
5
0
0
0
0
0
0
1
0
6
1
0
111
0
1925
757
0
0
5
0
0
194
0
3
0
5
1
10
0
1
325
0
0
1891
9
12
8617
6
11
0
7469
132
256
23
874
30
1749
1068
1121
1847
27
0
152
834
16
0
37
203
801
0
2343
1
435
0
27
1
43
0
0
2
1741
215
3862
0
0
5
11
13
29
0
0
9
1017
2029
5
0
0
143
0
0
0
1
0
1
0
0
1089
0
521
6581
2652
2748
148
395
279
170
1720
41
11
3
145
0
0
0
1
5
139
4
21
117
7
780
131
230
3
116
4
936
1460
1118
383
3
1
0
964
0
0
1
1980
0
2779
5
295
2396
1
526
32
744
196
19
658
103
0
0
8
76
3908
19
0
47
2540
418
5770
6
0
121
1659
0
50
0
1922
371
26
2030
42
3250
33
31
452
0
0
167
422
0
0
1
0
64
176
158
73
0
470
65
37
1828
74
98
53
17
544
451
92
128
0
585
320
7
375
332
85
0
400
44
0
9124
12545
2343
195
3
36
331
0
28
0
2
0
569
1315
120
1
547
82
101
2508
95
2
9
0
0
13
1
5
7
0
605
3359
573
184
4377
580
687
299
144
0
0
0
116
4705
1
6
137
259
7
391
828
54
35
0
76
1473
0
0
0
1509
0
0
853
186
243
0
148
976
0
1
469
701
0
42
12
0
0
433
0
0
0
0
3
10
0
2
83
0
0
79
0
0
6
663
0
0
0
2
36
12
1
19
38
535
2517
1
0
2
980
0
1
0
0
3
1
138
844
48
167
21
6
126
971
151
0
0
0
0
0
0
0
287
2124
0
320
319
13
18
1795
0
3
1635
2
395
43
0
0
1
0
585
57
910
379
18
1504
3
6
254
0
7
3
3235
24
323
114
315
0
677
1035
46
56
0
1379
847
2111
73
2829
0
313
669
1
406
195
78
1083
27
27
0
181
277
210
0
2175
281
1877
0
51
48
168
1
1
2324
757
0
1176
20
1001
164
0
33
210
46
0
0
1
0
4
1
1
2
7
0
0
179
390
969
6
360
1
1
51
267
7
1207
4100
2
0
499
368
536
1
3
0
155
165
0
5
1515
0
20
39
63
1648
0
65
3
165
62
120
337
4028
118
83
152
0
21
258
378
208
80
1238
439
869
18
0
1822
83
301
806
157
661
255
57
33
11
561
22
0
0
38
0
0
383
738
0
0
2777
1137
189
222
337
3154
884
421
0
1251
60
6
25
0
0
0
0
11076
400
1
20
1225
4
809
10
75
5
112
356
1
0
3
5
2
240
0
1
189
1368
20
66
0
3
0
980
1
2070
88
0
471
0
0
723
0
0
0
0
1
170
0
898
293
277
22
300
1279
0
588
5
0
40
222
971
280
0
0
324
0
0
0
1
498
537
6
364
64
50
11
0
274
836
0
0
0
0
9
0
15
0
0
1
273
344
7
1550
0
17
0
1
3
548
4
69
4
1
101
186
67
0
0
0
0
0
0
0
0
65
1390
822
0
19
1
1
1196
1
38
162
367
9
2
39
148
0
1651
503
367
39
0
71
1
31
33
109
894
0
2
5
2
11
13
0
0
1
1
17
76
44
0
0
7
1
17
12
5
1
0
21
30
9
5
10
7
3
3
0
0
177
8
129
4
44
9
0
5
2
6
9
0
19
0
5
33
0
2
0
2
0
19
0
13
0
389
0
0
7
0
0
968
0
673
7
1769
0
17
0
0
0
511
1039
39
0
69
7
4
3464
8
1833
33
0
1
269
23
2414
92
117
145
511
89
0
2846
0
0
5
0
0
0
0
67
0
0
0
7
3
14
11
0
5983
99
3358
290
40
22
582
429
709
3499
79
1
3407
143
8
30
1
1
89
22
87
1933
23
730
10
1
307
3
1
0
326
214
115
0
2361
37
0
0
0
0
41
0
0
6
8
0
338
10
107
3399
32
109
1581
0
802
511
8
0
2475
849
81
0
0
0
0
19
0
0
0
0
11
12
6
0
1
0
0
1
1
0
1
721
0
0
17110
6
0
17
10
89
0
0
211
1
4
90
109
0
0
503
0
36
1511
0
491
6
2
3913
56
504
2
248
0
6
1
2
969
0
1312
4
26
595
52
0
3
1
0
216
0
2712
7
0
0
0
3
1468
0
0
17
0
5
10
1194
1
12
0
40
328
0
0
0
19
0
2
12
2
1629
0
111
558
63
174
532
1608
1889
1
3193
115
45
25
0
271
435
30
454
0
179
1
16
4
0
1
1
0
12
0
1
29
0
6
0
0
0
0
0
0
0
0
46
0
394
0
39
20
190
246
661
0
0
2
0
42
51
1
50
1228
1
15
4
8
5
405
481
232
0
0
140
48
4
16
0
276
5
22
19
352
11
1
298
2
6
6
110
47
8
33
10
5
1
65
1
0
0
0
49
83
2117
6
6
1
0
68
326
0
16
60
163
0
0
1625
3466
0
8
17
17
7
2
0
48
2
9
254
1
612
2
670
0
136
4
31
0
1
42
1
1
0
78
623
0
0
0
4
304
17
633
1
0
87
1
3
1
1
2
1602
1292
12
33
95
4
0
573
1
0
222
1
0
164
6
4
0
0
0
0
330
2
4587
3054
0
2
173
0
0
35
773
2
0
53
48
0
899
258
1760
0
2
3
0
0
0
0
0
3
527
5
0
0
14
0
0
658
41
0
0
0
1964
436
615
20
2585
6
6
0
0
3652
2
0
91
0
1
263
15
1111
2135
12
0
177
573
295
2
4
190
419
0
1
0
72
107
3
472
0
19
59
13
0
0
0
3
3192
0
5
0
406
0
5455
229
111
171
0
0
1
0
5370
0
0
0
871
0
32
0
1007
0
0
0
2
0
1
3
6
0
0
0
0
2
1
1
1
0
2
2
5
0
0
0
0
0
2
0
4
0
8
1
8
168
0
0
0
1
0
0
0
0
28
0
0
0
0
1
0
0
4
0
3
1
156
0
0
0
1
171
371
0
2
0
254
0
11
1270
0
0
1377
56
361
9
226
185
0
1
352
1
2
0
0
2
34
0
0
0
1
0
0
3
5
0
981
13
0
0
2
3015
235
0
38
2
0
7
12
8
5
15
0
499
1006
107
188
913
0
1455
573
7
1
1
7
0
0
279
0
17
209
61
0
41
0
0
0
0
5
1
0
0
0
4
362
93
3912
0
62
2
0
0
28
40
1
102
19
887
16
2021
4
287
59
56
3480
0
278
660
707
2084
46
487
2725
70
13
2276
278
135
0
888
146
14
175
1
0
1194
0
7
153
91
0
280
21
88
4
0
108
5
2258
2517
0
28
0
0
7
0
662
1
0
138
609
165
148
3
20
3
142
211
48
355
809
1410
504
0
122
605
0
159
594
2102
6
0
0
2
655
25
200
907
0
168
49
0
0
0
3
5
58
6
37
0
1575
1
3
0
101
781
113
0
0
548
0
12
0
1
0
0
0
4075
79
461
2004
93
2
1829
1
0
1806
0
0
3
138
156
97
0
218
0
175
46
0
0
535
113
306
11
23
30
34
240
3185
1003
0
4
39
430
477
53
9
0
13
4
0
3
150
79
36
0
1246
0
0
0
0
0
0
0
2
2
247
0
132
56
0
47
27
3
0
0
0
0
0
3
1
0
8
45
1
0
20
180
2
23
33
159
82
0
2
15
12
0
24
75
181
0
1
0
848
35
0
12
367
23
159
63
0
127
6
0
121
125
0
3721
0
1
8
2099
526
10
0
0
1
0
0
0
0
0
0
0
616
5
3218
3
392
1450
121
592
302
146
68
2053
1339
88
635
0
0
2
1
0
1
0
4
16
0
2
5
14
1272
1
217
2
868
119
1682
40
567
0
0
4
1397
1425
4
14
586
55
0
0
2
0
3866
15
4
327
0
173
13
208
4
0
2934
1
90
49
269
307
0
0
0
0
1
6
24
57
74
496
28
95
3
4
10
0
0
0
33
0
2
0
190
0
3
80
2
27
0
60
268
0
0
0
0
0
0
1110
653
2
2
0
2
377
1
0
0
24
0
1051
35
0
59
222
4
31
80
296
218
0
0
0
270
1
59
32
0
96
0
0
474
0
0
0
0
110
0
1
0
1
776
0
148
248
401
161
0
1064
55
2
41
0
0
2
366
12
2
152
0
0
5
0
0
3
0
2
1
341
0
2
15
0
24
1
0
80
2
86
10
136
1704
0
160
4
0
14
0
0
5
0
0
2
218
0
0
8
0
100
1
0
0
5
0
0
0
0
6
245
1
0
3
12
519
14
5
2
0
0
19
3
0
0
0
3
11
375
2
9
0
0
431
2568
93
0
65
1
652
1
0
16
0
3
1
0
6
0
110
74
0
30
0
57
19
13
11
2
0
181
4
3
0
0
0
0
12
0
0
0
67
0
0
0
0
0
3
46
0
0
0
0
0
0
0
18
0
1
0
15616
0
0
19778
0
0
0
0
134
1
0
93
4
10
0
2
0
0
0
0
547
27
11
31
430
1
2
0
192
0
14
1297
1
16
0
65
0
3959
1015
14
0
5
8
0
0
2109
216
0
17
70
9
10
378
4
250
11
2
0
0
0
2
0
0
0
2
492
0
0
1
1
2
0
28
0
8
2
1
12
1
0
1
0
2
0
37
8
0
5
1
0
1
10
5
0
24
0
106
58
86
209
2926
13
9
0
0
20
0
246
93
3
69
45
85
0
6
4
0
198
835
0
7
479
26
0
758
193
405
1
2561
6
0
184
0
3
0
0
0
0
0
0
0
0
0
0
0
0
0
0
0
0
0
0
0
0
0
0
0
0
0
0
0
0
0
0
0
0
0
0
0
0
0
536
0
2
89
0
1228
0
312
0
18
0
15
2
5
3
151
0
2230
2
3
0
868
55
622
175
11
1
11
0
0
0
0
0
0
1
0
6
0
57
573
808
391
0
3
375
906
59
297
2
3032
1
137
0
201
0
35
67
5
0
0
0
0
0
0
283
384
189
0
23
1771
0
0
0
305
1
163
77
2
143
2165
0
944
58
7
7
118
0
0
9
1906
8
2
16
2214
5
1
28
503
0
0
4408
110
0
1
6
1
1
540
3
2364
0
162
0
0
28
5
0
53
2999
0
0
12
23
229
19
13
1198
4
1
18
32
470
1
1
1900
1
0
1960
266
350
12
5239
0
7
3
22
0
330
0
188
0
259
180
26
31
2848
160
7
11
33
74
92
3208
1
0
0
11471
105
1
0
235
248
219
3
0
418
2
0
0
0
0
1
1
0
1
0
1
1
468
0
227
1409
0
26
2
2483
2695
0
20
1
1
0
16
0
0
3
0
1
457
13
3
1
0
131
2
0
0
0
3
0
128
2
1
0
0
0
7
0
0
0
0
0
0
0
0
0
0
0
0
293
2
86
1039
26
0
11
0
75
0
0
0
0
536
0
10
277
0
0
1
0
0
486
0
3
90
0
644
0
1
0
48
0
0
0
0
299
8
0
12
0
342
1
102
608
0
0
68
50
486
997
9
447
0
0
0
0
0
0
2
0
0
0
0
0
15
0
0
0
0
0
0
0
0
0
29
0
0
367
0
4
211
36
102
15
131
21
4
787
617
891
0
2394
1
1
258
66
0
33
0
0
0
0
0
10
0
1
0
0
5
0
84
17
0
0
1926
3
0
33
0
0
0
36
135
274
1
13
1
196
0
0
46
0
0
0
3
0
0
97
102
0
217
270
32
718
47
0
265
49
5
30
29
0
0
0
4
7
0
0
0
7
8
65
0
513
2014
2
2403
10
165
1
267
69
15
0
24
1
25
10
0
3
1
1
0
131
1
0
0
0
607
0
0
1056
2
1
0
1
583
302
2290
108
3
140
0
0
0
0
19
0
0
0
0
0
0
0
0
0
0
0
0
0
0
0
0
0
0
1
1
0
0
0
0
0
0
1
0
0
0
0
0
0
0
0
0
0
13
2
1
0
0
0
0
0
0
1
0
0
0
0
0
1
0
1
0
0
0
0
0
0
0
0
0
0
0
0
0
0
0
0
0
0
0
0
0
0
0
0
40
0
0
0
0
0
0
0
0
0
0
0
0
0
0
20
12
7
630
4
5
1
0
31
2
4
9
25
20
21
2
0
91
4
587
2
0
4
11
0
2
14
0
24
16
0
65
0
1206
1
46
4
0
0
18
189
0
359
353
127
20
0
1
7
263
12
5735
0
0
0
0
23
29
1
15
0
0
511
0
0
0
2
597
0
27
0
2
0
0
0
56
0
20
192
14
41
0
227
1
0
3
3
1048
8
81
0
0
0
0
0
0
0
0
0
0
0
5
0
0
0
0
0
2
76
938
3474
69
89
63
331
964
1191
1
3
376
11
105
53
3
881
13
36
725
16
0
0
0
79
148
455
5
0
8
61
12
495
2187
0
22
9
0
0
2
0
0
0
2
241
148
23
269
154
0
0
0
0
5
8
11
194
154
99
102
238
362
13
217
28
0
67
0
16
272
0
647
0
1955
213
1069
238
0
553
549
0
783
1290
1010
2
109
0
2
1
9686
0
0
0
1
0
44
102
0
0
26
0
0
13
4
0
3
699
10
443
615
0
1
1447
0
1
12277
1
0
0
223
0
0
0
1
1
211
8
376
0
623
0
0
62
56
0
15
7
225
0
0
2082
0
0
0
0
137
10
171
26
3932
14
17
74
7
309
0
9
1
95
0
0
5
4
21
0
4
125
7
3
23
0
20
11
40
0
30
76
5
0
91
490
0
144
217
165
8
9
60
0
6
3
139
439
0
61
0
35
882
268
15
0
211
20
0
0
91
19
9
1030
0
130
0
134
488
1
1
1426
2
3
38
1684
26
50
177
2
4
0
486
593
0
336
0
523
0
0
0
10
6
0
1
0
0
0
1
0
39
9
4
192
0
24
32
0
22
26
174
239
2
156
0
25
5
15
27
446
0
350
0
6309
2
0
2
61
2922
0
7
0
342
187
409
0
728
1430
14
6
125
21
10
155
419
110
0
425
130
2858
94
7
47
255
740
399
19
130
126
0
2489
0
2
18
2
0
241
13
3
30
76
17
18
26
1202
8
0
0
0
877
3
100
121
303
0
380
0
76
1116
3818
9
125
211
50
38
22
140
0
2
1
0
7
3
267
9
8
0
52
163
819
138
0
22
0
0
0
0
2
407
565
3
28
836
0
251
111
0
5
463
38
6
2
207
2
1702
0
2
28
2
1
0
6
1127
0
5
7793
4
0
1219
0
55
216
93
4
1533
723
0
9936
0
3
75
1
120
0
0
0
0
0
0
0
268
9
0
528
0
0
0
0
1
1123
0
1
0
584
50
0
25
0
41
7
1
0
37
3
63
0
23
701
0
4
115
1
2
1
216
32
0
0
2955
103
0
1
3
60
0
2
0
6
61
0
0
0
1
2
2
9
3
0
0
53
182
0
12
2
49
0
0
267
5
107
1
0
339
0
4738
8
2
6
474
323
0
853
5730
71
40
1
813
5
215
122
108
1009
71
0
344
0
19
54
1844
34
394
0
2
0
571
3
0
164
0
141
9
3
241
743
1
0
1
1
0
326
169
2324
71
427
11
56
300
50
82
0
10
61
0
9
301
10
217
92
54
6
56
0
405
0
130
10
130
130
329
1
52
0
163
45
903
34
0
0
7
9
4
248
2682
2748
5
0
477
136
2
2677
599
61
197
1078
5
26
0
67
1
633
488
5
98
18
3
0
15
147
13
40
866
46
8
0
1631
36
0
0
209
68
0
1
181
118
1323
515
225
1402
78
633
531
76
20
216
328
154
3131
281
12
1893
741
0
0
0
0
0
5
2
2939
0
9343
0
3
1
683
13
1003
11
971
30
0
15
866
3
0
1
2768
2
1881
122
7
755
0
2000
1
50
211
1242
563
28
0
46
0
665
3984
0
0
2
7
0
17
903
470
2
31
1762
347
252
3
0
0
2400
6
1165
1110
11
9
372
3512
314
130
290
868
2
8
0
781
0
84
2
8
184
698
2906
0
0
0
1687
126
0
1
14
0
16
7
10
1026
0
0
300
4923
0
0
0
7506
1294
1120
628
67
61
205
3
862
6
19
1517
10
109
187
16
5
0
19
454
91
98
97
4
0
0
7
0
91
66
0
5271
17
377
15
77
19
21
376
0
23
0
0
2328
9155
2244
2
0
2
480
26
254
48
877
209
10
0
37
0
0
4
74
1
0
15
5
47
0
15
5
0
1
30
0
2113
0
5
3552
233
0
0
0
0
5
0
464
0
74
45
37
256
0
213
0
64
0
35
3
162
142
0
4
0
746
217
0
1674
0
737
9
1039
640
691
401
85
396
7
2
5
0
0
195
0
3
2
25
0
37
0
0
3
0
137
0
0
8
0
0
3
6
67
1426
199
3006
629
128
463
0
213
732
120
7
5395
412
3637
20
0
171
14
3
5
164
10
108
23
42
0
148
390
0
9
186
13
41
3
19
0
107
939
906
0
424
0
765
5
8
0
114
201
17
1
12
0
1572
55
34
16
22
1
2
25
0
39
1013
1385
14
0
0
0
461
0
28
0
8
11
153
0
6
1091
2
0
42
22
0
374
6
8
108
5856
474
0
57
101
0
6
178
2
0
531
31
8
3
0
68
1
14
206
0
0
5
1
0
8
0
112
0
7
29
0
0
106
0
743
23
0
1394
1107
69
2
0
0
1
0
0
0
33
23
0
16
27
16
9
4
1
1
89
166
0
0
3
0
1
563
14
586
15
224
1
0
294
35
9
109
2607
199
35
9
242
0
0
0
4
0
0
5
0
426
279
96
440
184
1118
4424
0
194
225
0
43
63
394
3
17
1
0
0
1
0
93
0
3
173
0
452
665
1069
5
2
0
19
32
539
17
77
3
589
11
1391
144
1
3261
3374
4
0
10
595
0
0
0
461
12
0
0
14
152
33
2
9
425
74
284
4
0
1
10597
10820
17
0
958
68
127
134
4
9
119
0
219
4
0
293
0
49
188
0
2
1
891
0
1
3
0
1257
38
2436
2
15705
37
1094
1766
5
0
4278
551
443
96
298
49
661
378
244
0
1533
0
0
812
62
56
14458
21
4
47
0
497
0
11
14
0
0
19
0
0
0
1684
8
432
127
810
0
2127
1
18
0
1013
145
0
10
231
918
0
0
0
1378
4
3
30
0
10
2280
0
3
52
183
0
1030
1
4
0
0
89
34
186
1
15
0
264
1227
166
4
192
248
248
118
7
791
8
0
505
0
67
7
603
8
71
1
0
5
0
0
0
13
0
0
0
0
0
0
251
109
2
0
10
297
478
27
0
0
0
0
206
0
888
723
1545
69
283
33
65
1551
1304
761
149
1314
6
431
285
0
42
113
51
1
335
2
0
27
0
2542
5194
143
29
60
0
0
3
2027
3
8
540
12
222
5764
18
78
479
287
62
6
15
1
154
0
0
5
19
9
118
0
1
130
1204
4364
2
0
172
0
794
83
2
5
713
5
0
450
30
117
90
27
217
102
41
2
0
22
0
89
207
138
3
0
192
802
13
406
2152
7
738
799
0
503
375
0
39
315
174
26
17
0
36
16415
36
82
9
3
0
20
30
1825
10
2
1
2
341
0
0
114
222
0
0
2
6
559
63
620
8
476
245
0
264
21
0
5
13
27
107
47
0
983
3612
59
99
113
0
438
104
997
1081
46
0
455
225
1
1
185
1752
939
78
43
79
79
165
1
67
410
0
294
1383
246
109
174
941
301
1054
0
10
332
1288
0
391
0
414
113
618
1
0
742
0
3424
215
763
11
3715
342
1577
2960
1139
373
411
15
1
0
134
0
8
67
1
1
1
7
35
0
35
1270
4
6
1
116
0
57
432
38
0
1
22
0
1
0
74
14
29
4
2259
296
328
129
0
887
0
3
3
38
0
324
2955
0
6
326
83
101
0
0
29
0
0
0
701
460
286
0
76
15
43
254
0
1
85
2296
21
14
0
129
9
29
2
86
498
1296
29
81
576
0
4
463
0
2243
69
602
0
55
58
164
5
20
0
331
0
106
583
0
318
502
8
70
18
0
985
2
1756
3
0
96
16
424
1419
9
3032
0
668
218
9677
0
62
0
33
744
94
45
0
10
0
10
0
35
0
24
1543
70
35
8
427
58
2213
0
0
0
0
154
0
0
0
0
0
711
891
374
0
8
528
0
0
7
107
0
0
0
0
0
440
46
4
296
118
1407
2707
81
36
2063
6
3919
723
4277
2265
7298
5
422
8
0
0
0
917
0
0
0
1665
1
0
161
1
0
42
15
762
992
107
884
1
0
70
0
0
0
17
0
2
0
1
3
1
23
15
36
12
11
221
92
2
213
51
5
5
20
4
0
2651
1280
2
48
878
1542
37
2
22
0
3
1
3
1186
180
309
303
53
136
234
1
9
0
0
0
3
146
45
656
1
0
41
4
0
2
27
19
4
10
14386
0
58
0
0
4
0
16
1
1
3
1
932
635
0
1
1
0
7084
90
0
2
0
2194
4
1
0
9
0
577
249
2
0
0
109
2
581
1277
516
9
3
1
794
13
28
1
28
0
23
0
2553
7
50
342
86
0
0
304
241
0
0
1027
0
3
0
37
1
3
0
36
1
423
11
1669
0
0
3300
5
301
5
1281
0
0
0
20
90
0
2
2
3152
1
0
101
39
0
0
6
1
29
279
801
24
0
1417
0
1
0
0
0
3172
3
0
4
2
114
0
11
0
0
163
405
2
2
537
1
1313
1859
0
700
3
528
1
0
209
21
0
15
9
699
3943
0
7257
4
1617
7057
0
214
60
890
122
150
4
1027
0
7897
29
0
0
0
15
0
4352
4
90
1
1144
0
0
18
0
0
5
11
0
73
34
23
713
239
81
0
522
214
4
0
99
0
0
100
87
221
9
0
0
0
0
3
247
22
74
0
1
579
25
1
31
0
1
2
0
1
0
0
0
6
3775
0
461
792
0
6
779
1147
177
2
1073
898
10
4
0
0
1253
4
1
7
4
24
0
0
55
79
14
13
12
10
0
9
0
0
127
519
33
58
196
1
1
13
0
11
94
0
0
0
0
0
1151
275
1
623
1788
713
970
807
4036
19
872
115
2
249
1
2
0
91
73
71
71
6
2
0
0
4
0
18
23
5
2
2
0
898
4
1
0
11
1
3
0
2
0
41
349
0
0
1
0
0
3
0
20114
3
4
518
0
86
320
2
10
12
1
114
0
0
4
7
3
19
704
13
0
0
183
4
0
0
1048
9
5
7
0
64
0
1532
23
0
28
3
0
1
2
9
4
0
0
1
3
1
0
1119
195
83
260
43
0
373
0
0
5
0
2
448
0
15
3045
307
8
3
2
7597
24
1403
3
374
3
0
1284
5
14
1200
328
6
1
0
1
18
0
474
3
462
0
1
79
8
0
0
119
4
2065
3374
41
19
0
583
395
24
6413
5
2
0
5
0
1596
0
20
584
315
0
1144
1
160
33
81
1
186
560
3
670
42
0
1788
575
0
0
20
0
0
134
199
6
624
0
0
1474
0
35
0
3650
72
108
8
103
50
1
57
424
1
1204
0
39
519
84
1703
383
0
0
4
38
211
0
3
133
102
179
1888
284
18
0
146
1
0
30
2839
30
22
1130
1746
231
182
1977
4
132
276
146
15
1650
19
742
0
14
126
2
1
0
0
0
4
132
43
50
5
15
1323
951
3
0
1
451
175
219
69
37
198
0
0
79
59
99
0
80
6
1
5
0
0
5613
2113
8
0
40
59
3
357
0
6
740
0
532
0
0
80
22
0
0
431
309
0
27
6
0
0
1
1
0
0
0
0
0
0
0
0
0
0
0
0
0
0
0
0
0
0
0
0
1
645
0
0
2
1277
29
58
0
0
109
0
158
7
0
0
3
2
2369
3
2
1
605
110
0
0
20
1
0
271
100
665
499
73
0
228
0
1412
68
61
318
0
1
1843
595
2
1198
30
1560
14
2
228
2
170
52
52
43
176
75
4486
0
22
24
1
839
956
1514
0
1
3
0
0
168
1426
35
15
10
74
9
1733
26
1261
16
1
504
4
459
0
306
0
0
206
249
6
39
3628
9
113
2
11
2492
0
1184
1268
0
0
1
1
0
0
0
5
0
0
5
0
1975
6
7
0
0
8
0
0
11
2
1
0
1606
12
64
14
17
2
14
2841
1
1687
123
1998
0
0
0
48
0
0
0
2013
3
42
0
825
343
900
3
4
174
777
65
41
45
176
224
1261
10
3524
2727
493
601
0
3
1
4169
0
455
3193
20
3
7
1058
0
0
17
0
0
3
241
0
0
1338
11
35
8
1
3302
0
0
9
10
2
0
0
75
12
247
52
0
0
9
1
445
7
8
78
192
6
407
0
36
24
0
327
974
1239
1026
626
888
3
0
6441
477
6
459
19
617
0
124
79
0
39
236
26
1
5
7
0
3824
2
7
769
1243
0
0
1838
0
0
5
0
0
0
0
159
0
1
2
5
114
43
0
1877
1036
0
3
9
0
1009
297
5359
197
0
119
0
205
556
18
6
35
182
444
0
79
908
1420
6
0
1
0
0
50
2
2
0
5
0
0
2
7
0
1
1
2696
1
12
1
0
6
4
276
1
0
0
78
0
615
1026
27
1007
444
7
8
4
1
1
1429
28
497
90
0
0
347
20
32
0
1
2
0
0
861
118
148
0
0
0
0
0
0
0
0
0
0
0
3
0
4
1
0
9
18
0
0
1126
356
279
26
1598
5
0
9
59
1
51
4647
505
1
0
1
2
1437
0
5
0
0
3
0
0
2
0
3
380
0
1
12
0
141
1
83
1548
1
12
3
43
0
0
62
14
269
416
1
19
597
1105
0
4
327
471
6
0
18
0
1
554
598
11
21
0
9
9878
0
64
0
1449
348
101
34
39
1919
507
1523
214
4
0
3164
197
876
18
0
1
0
2
1
1640
4
36
14
281
23
2422
153
2168
0
1157
29
216
219
122
2
351
2021
0
29
414
312
609
35
67
22
247
69
44
1449
2
0
0
622
2851
11
965
1473
88
617
12
25
272
0
3549
265
1
59
1257
319
2
1552
1368
0
1
0
1
4
761
869
220
18
278
132
18
0
13
0
604
0
243
7324
0
0
917
87
220
0
0
0
0
297
14337
4
1
0
0
0
3442
0
0
0
18
552
809
6170
15
2
109
1064
0
0
42
0
1456
14
30
3706
1387
5
0
745
27
280
0
175
369
11
38
0
87
4
1
3
53
741
27
0
56
72
1230
0
38
1
0
662
3569
2
614
16
555
2
0
1402
1052
1643
37
94
115
147
31
101
20
0
0
24
10
10
46
155
0
122
50
0
1634
3
1247
44
1822
804
282
0
772
4
56
2603
369
26
1
35
0
340
1162
283
46
0
299
39
218
187
186
1
1781
0
99
1606
384
267
0
0
22
1
0
71
5
1
169
589
2334
2
119
35
0
3
3
0
15
316
0
276
0
12
1867
0
2
111
441
3
0
1115
0
1838
0
7573
289
0
769
11
0
2
0
7
0
15
1
65
14
388
10
223
2135
2119
19
1720
11
327
0
1
918
0
1
0
1
408
2
355
8
0
69
6
334
0
0
0
81
8
89
0
110
3934
1
1
0
5
7
101
1
13
1558
36
0
2
499
0
20
21
141
297
4
0
15
35
262
3
78
0
25
398
1269
1578
107
628
0
0
0
0
225
3247
71
1
0
14
0
0
24
2
322
17
0
0
5
6
1
4
10
38
0
2
2
0
0
7
2
0
6
0
24
0
91
0
22
3
5
6
0
40
187
0
1
12
2
0
0
186
0
445
3113
0
116
1265
1367
30
276
0
0
1191
5623
2
349
34
6
22
215
1
706
2
0
830
114
3
7
0
0
1377
6689
1
281
138
208
8
1764
484
1
36
24
4
2
0
10
126
1240
2
155
452
1
874
3
0
0
167
2
35
1638
0
0
0
0
152
16
0
1221
0
12
0
1
0
23
0
0
224
200
2355
15579
103
4
2
0
8
144
3
0
516
8750
0
0
33
10125
0
67
50
9
7270
15
131
2
0
0
0
0
0
4
3
2
0
2448
1
60
6
30
2156
572
19
2967
116
951
107
9
0
2
186
83
0
0
167
0
0
0
46
10
3
6
0
0
0
15
0
115
30
0
56
165
1
0
0
1
853
0
17
8
0
0
86
205
0
604
75
4
7
550
148
1490
38
2593
0
16
27
0
161
2
0
3
264
7
0
0
82
487
0
632
1
7
0
0
0
0
214
849
0
203
305
0
638
46
93
1
7
10
605
742
3815
0
3
1091
0
4025
36
999
569
33
7
0
0
16
29
3
2
0
0
0
0
4
423
82
3861
46
79
15
78
20
0
16
113
3
2
6
39
0
0
169
507
4
541
4
9
3
1
1
0
770
4
59
1
6
32
73
17
90
1
0
0
36
1
24
356
0
37
98
2
1
8
0
0
29
440
1
0
0
118
0
0
0
559
2
0
0
21
43
30
0
106
466
1
1439
27
22
153
654
67
9
206
318
38
284
16
3
0
0
0
3
42
68
1589
112
147
24
287
22
13
0
397
1358
2
2
0
23
452
145
161
34
23
34
0
3744
2
0
2
0
0
0
0
0
0
12
4
2
0
1
1
0
20
2
0
9
0
1
0
0
0
140
0
203
0
0
7
7
1
59
1013
5
1531
126
0
393
636
0
4
103
40
0
81
61
408
16
1
0
1
0
11
700
10
2930
17
26
651
2
2
220
14
12
0
1
570
0
0
0
0
0
185
0
0
0
0
0
0
0
0
0
11
1
0
0
0
0
0
0
0
50
0
0
0
0
0
0
0
1
0
0
2
2
14
4
920
0
0
17
36
25
0
509
160
22
902
1
0
7
0
47
0
0
0
0
0
0
327
8
0
247
11
3
12
0
0
8
0
0
2
4
1783
1
0
54
2
27
3
0
0
0
0
197
0
92
0
0
194
0
2734
0
15
0
0
0
1
236
0
1364
2
0
1357
0
29
0
0
37
2
6726
442
0
354
2311
0
0
8
2985
1
5
0
0
18
1
64
1327
6
0
3865
224
0
26
0
2
0
18
2
0
0
0
0
0
0
0
0
0
0
0
0
0
0
0
16
154
3
0
880
2
566
1
1
0
95
261
0
1
332
0
10
7
0
0
22
11
0
6
0
2
0
2
18
0
1
0
4
1
0
25
21
616
132
548
0
0
0
191
1989
0
853
2164
278
0
17
72
0
3
0
1
80
139
0
158
0
26
0
1014
0
0
0
628
0
0
27
40
55
263
81
1119
332
82
480
1
1
4
3
269
25
216
0
24
194
4
18
0
3692
1047
301
5332
28
12
1
0
0
1
4
0
80
0
0
0
0
1
599
27
0
135
0
849
2830
1633
11
144
0
14
2
5
370
147
471
13
28
185
4
97
413
565
51
148
0
751
35
692
0
0
18
0
1
3
0
1651
53
1
333
197
250
17
5
11
284
103
780
0
164
29
1
0
65
5
39
0
7
113
0
653
0
2526
0
0
0
0
0
0
4
0
3
399
1913
0
59
591
0
22
0
7
1450
5
0
8747
17
0
48
0
1
0
0
0
24
2
2
0
0
73
530
1002
4403
674
69
8
1773
9
133
0
31
0
41
224
0
1061
16
1
40
471
0
20
1819
8
0
1
0
0
0
0
21
0
27
121
10
0
14761
24
1
12
209
1697
0
810
0
1325
19
57
12
9231
6
0
0
1344
82
484
0
0
515
194
0
386
838
0
0
252
3
154
364
190
334
0
58
194
0
7999
867
1
0
0
0
1717
1
7
2
346
8
114
0
0
2332
0
1
0
0
13
0
5
0
584
9
22
32
212
233
727
80
0
220
173
15
1101
124
7
31
0
0
8
38
0
1013
47
108
0
0
1182
548
0
321
437
27
71
6
7
4
1294
0
0
1311
418
0
0
3
0
0
0
0
2
0
119
133
53
1146
1
0
1
0
0
0
1
11
296
499
224
134
92
0
220
0
29
30
3
216
2264
0
676
0
0
221
184
1
142
0
4966
0
4
21
31
112
79
9
3
17
43
0
0
21
0
389
2
743
0
4377
30
676
3192
923
941
27
5
537
185
2357
89
18
2
58
40
49
2115
101
0
863
38
198
1
21
112552
0
2126
2
954
0
446
17
71
15
2654
0
1544
0
20
402
0
0
0
0
0
0
0
0
146
945
310
20
27
795
108
0
0
0
0
0
0
0
0
0
0
39
0
0
85
8
1394
2350
15
0
1
827
1594
3
12
45
5
0
0
1557
447
0
19
0
0
0
20
81
41
132
230
0
0
0
2
0
0
194
467
77
0
39
0
2
2
6
1
518
7
5575
0
0
2080
773
1213
2
0
3
796
42
0
8
49
42
1157
205
4
0
1
2201
784
1
0
0
0
74
3037
4
459
4
1
195
502
738
483
2
98
2
0
49
7
34
463
6
0
1548
178
63
2
50
221
0
394
0
31
10
0
0
0
2
3630
50
1213
0
176
0
4
79
0
297
0
0
16
1280
0
7527
0
2338
12
117
650
0
0
0
0
2570
0
869
329
1
0
26
207
1493
2
10
88
114
226
97
2323
1
0
14
14
0
3
1582
65
85
587
354
911
13
0
1184
0
44
8
0
0
0
580
0
232
0
352
566
96
0
26
4
0
0
5
381
923
60
7
0
0
6556
11
2525
379
84
1
0
0
21
1050
0
10
0
2
32
935
85
1847
878
905
0
2
1
742
2
10
0
481
8
16
0
11
0
0
62
0
48
32
9
419
1043
13
7
0
42
327
684
508
0
0
0
0
2
645
3
121
0
0
0
638
0
1593
93
187
116
5
23
239
3199
142
7
52
0
256
0
0
2
72
95
2066
8356
141
53
329
0
184
148
4
725
376
57
8414
0
27
4
0
0
1
1
0
0
0
0
1
7
269
33
441
227
2363
18
3
18
10
3
41
3
0
16
126
8
364
0
0
109
2
0
3
2964
0
793
784
0
7
129
1
0
0
0
304
648
0
194
270
76
3
0
265
916
30
23
14
138
56
315
539
964
129
1027
2
364
1837
1
4
299
0
0
0
1
0
1022
0
0
2
0
0
4
5
206
0
0
2
0
0
67
0
406
0
11
130
1
0
1
0
363
161
0
0
131
19
55
1291
3
0
3
49
77
7
80
4
74
23
0
2233
7
2
634
635
4882
2
0
2150
21
33
0
1
480
27
108
2
0
22
222
46
0
0
6
3310
0
86
0
45
0
0
0
11
87
1
16
120
0
1470
491
74
6
12
119
53
339
167
0
8
1
0
38
43
168
22
1
93
102
47
1
25
0
0
0
0
0
0
0
0
0
0
0
0
0
0
1
0
0
0
0
10
0
0
0
5
0
0
0
0
20
0
0
0
0
0
1
0
0
0
0
0
0
0
0
4
0
339
0
0
5
0
0
0
0
0
0
0
0
0
0
0
0
0
0
0
0
0
0
0
0
0
0
0
1747
9
13
146
9
18
77
0
171
309
7
0
246
9
45
673
82
257
37
0
0
10049
38
1866
2
0
24
69
251
7
1080
9
6174
9
2699
25
28
468
98
1
14
0
2
1852
0
18
1784
8
75
946
0
11
454
38
4
3
0
0
6
0
1
17
0
162
0
1
677
4
2431
0
18
0
26
385
4
0
156
15
8
34
0
1
685
92
4284
199
893
9
121
4
271
60
65
79
454
11
2
97
292
32
14
845
648
7
5
0
44
785
233
133
12
37
1173
238
0
218
18
0
2
901
15
0
1
85
14
0
158
3
0
1126
10
133
1
579
23
1
0
202
198
1523
246
88
1
0
1225
129
400
127
132
0
1222
12
0
7
8
143
1
6
550
0
44
1
416
0
35
1042
6
0
8
15
39
21
1109
0
5
1
0
0
0
3
0
4
1590
1
0
13
992
1
0
116
532
0
0
0
301
127
393
503
190
278
182
7
1
133
9
28
2405
13
2
1
87
23
0
0
3
3
903
110
11
28
0
60
36
0
189
2
0
70
2
5
0
0
257
0
0
0
1
1
0
5
0
3307
589
0
306
11
606
54
2
2
36
1399
1
41
0
1
5
688
0
0
126
6
0
4
2
2
30
2019
0
0
339
16
0
1
2323
1154
0
1620
926
0
924
5
1
74
99
0
2089
4
16
32
584
694
1
129
0
6
2
2
0
0
0
16
0
15
13
2
1460
4
30
0
0
0
37
0
1
0
0
7
0
0
740
86
14
216
0
0
0
4
1
11
2805
81
25
14
80
31
0
872
1479
26
4249
303
1
1
33
0
0
0
7
3
1174
575
105
2476
0
35
20
140
24
8
0
5
222
19
41
25
155
4
35
6
253
0
18
17
46
79
10
0
0
3
76
0
0
0
3
6
396
5
219
1387
219
0
181
44
63
50
0
6
14
1
4
31
561
0
1
0
3
783
75
1119
0
28
10
478
497
24
105
1205
109
2
379
2486
2
36
467
39
279
0
840
0
89
0
0
252
34
112
11911
1683
51
0
1
0
7
0
11
4
3
4
48
1
1
170
9
0
1
0
221
108
1742
0
0
0
36
25
0
0
0
0
4
0
5
0
13
0
0
0
25932
12912
0
3
0
52
289
415
49
142
0
544
0
451
3
0
1796
0
219
17
13
0
2
211
5195
0
8
704
0
0
0
0
0
8
657
25
7
230
2
16
0
51
0
0
0
0
2572
2
0
4
14
9
0
370
2363
4
45
23
9
203
49
28
0
12
0
0
0
3406
176
22
7
115
0
1634
166
238
0
128
1
1
0
0
378
1
2
0
11
0
1
6
0
1897
0
19
50
54
0
2
40
92
0
0
50
49
9
98
1
399
4027
124
2
57
0
1538
0
0
1
1588
40
0
1359
5
84
0
1588
0
250
0
134
1129
528
0
19
0
30
0
0
1
2
4
170
0
3330
0
672
0
268
106
0
6736
6
0
4
15
232
53
1112
0
3235
0
236
286
440
300
272
34
469
78
1430
155
641
10476
39
0
2
0
99
0
843
22
0
0
0
0
155
0
4
133
0
160
39
90
44
1383
155
0
552
0
1
107
0
19
830
1
1
7939
27
0
0
552
2
3
0
311
73
4
0
0
0
0
0
0
0
0
0
0
37
0
0
11
31
0
97
20
8
0
16
0
0
0
0
0
0
10
0
0
0
0
0
0
0
22
28
84
375
42
238
2
0
87
0
12
0
86
0
56
0
0
10
0
0
0
0
3
6
11
0
29
40
0
0
0
0
0
0
0
18
0
0
0
0
0
5
0
0
0
0
13
48
43
47
0
128
82
20
0
0
22
123
11
18
81
11
0
0
0
0
0
0
0
1
200
0
2
1
17
1
0
0
0
0
2
0
0
0
1
0
0
1
0
0
0
0
0
0
0
167
0
2
9
216
0
3
0
42
12
7
36
5
21
15
65
16
70
789
977
5
15
5
1
41
0
207
87
384
306
55
420
146
211
25
2
98
30
18
0
609
1
0
3
170
1
1
51
1
14
5
0
0
0
2
3
0
150
13
0
172
16
2190
0
111
1
36
225
0
0
200
0
17
0
1
3
0
6
15
0
1
1
0
1
0
138
129
12
0
3
43
4
2
0
3
2
5
0
1
0
0
0
0
1
41
0
0
0
18
23
53
17
3
0
0
26
0
400
154
90
277
1
1
10
0
46
26
0
74
1
0
0
0
0
299
130
0
0
4
1
10
0
8
14
13
24
3
14
304
27
21
60
84
274
16
5
0
5
4
0
13
1
26
1
106
25
1
2
45
223
0
1
7
232
2
2
23
39
10
40
0
22
374
29
107
23
12
4
458
0
16
4
34
55
0
107
27
0
71
2
866
48
20
209
0
1
1
1
14
1
0
48
0
10
67
1478
4
151
474
638
2069
6
20
0
216
181
1054
8
33
386
2
0
35003
0
5
0
1
0
6
957
35
4773
305
42
126
21
122
51
21
9
1138
2781
126
0
97
14
57
40
322
0
3
262
31
37
112
658
202
303
11
4
0
11
0
13375
9377
0
453
0
32
1
9
87
1627
4
0
158
837
45
76
0
0
0
1
26
0
19
266
0
13
83
0
0
0
0
7
1
27
0
236
4
377
7
1
0
16
0
0
0
317
0
1
34
16
3684
2
194
0
636
1
0
47
81
1365
3159
59
0
1936
25
0
2
142
167
1
170
466
2
108
198
0
53
428
54
0
113
80
172
33
5
10
2
3
79
135
3
175
0
224
43
0
217
118
1
244
30
18
88
5
36
0
10
0
0
19
0
0
62
177
3
0
13
310
0
8
0
10
49
116
0
337
0
1890
1155
0
0
5977
44
28
8
1314
5
86
175
4
3
59
0
0
1380
93
1
358
826
0
6161
3
6
0
1
29
196
125
32
24
14
7
1
0
23
0
5
0
0
0
0
0
0
2
5
0
1
1
190
1
0
0
87
6
304
558
7
74
20
136
3
1
103
224
263
3
1054
0
1034
4
0
4
0
7
10
1482
30
1370
0
15
1497
0
0
609
17
7
66
475
217
8329
7
7
42
893
67
79
81
1695
0
0
0
0
164
0
1269
0
10
114
0
2591
1284
13
6
0
0
13
2
3366
1745
235
4
2
53
1
3194
101
0
3673
14
139
83
0
16
0
239
631
0
15
0
124
143
0
0
28
4
13
108
348
0
84
26
805
1
93
248
16
0
966
153
160
30
752
8
1
3047
3146
4
3
0
0
0
77
0
0
461
2274
459
0
0
25
0
932
0
0
9
23
3546
0
131
0
1483
0
0
498
0
1642
1
596
2
2502
194
9
2391
1
50
1
0
974
34
0
107
505
7
8
8
1
104
1535
88
944
2
0
0
3121
13
414
0
0
2
1
1241
358
233
3
23
4
2318
0
60
8
104
17
38
346
29
290
1
28
1044
3
274
4
892
0
0
1048
1
0
0
0
0
778
0
3
0
33
11
804
802
55
1
28
33
1316
471
167
0
0
0
0
1262
29
20
1107
115
400
56
479
0
0
25
6
3
2
3377
0
994
385
12
12
13
11
1
0
1867
1
10
104
1155
334
0
1868
1
180
420
2
3
10
328
96
2667
349
0
1228
3468
0
0
333
4
2
348
0
1263
3245
17
280
3
1288
0
494
597
0
74
46
151
95
4
1065
470
2
0
363
400
372
43
1
0
1901
290
31
210
349
2
27
7
0
2933
0
885
169
0
3161
0
0
47
15
1135
13
0
0
0
1
0
0
0
0
32
7
6
27
60
7
325
101
127
0
1
0
1227
1470
19
1
0
407
0
12
0
0
0
0
0
2
130
23
185
274
23
8
24
0
0
35
0
334
1014
762
762
1482
23
1843
62
578
255
2746
3575
36
157
555
1638
1
292
21
59
118
998
112
690
246
92
15
17
4
10
820
13
79
658
96
4
68
291
592
4
0
0
19
2
1942
11174
50
0
3785
8
188
1128
17
168
3
168
148
0
11
2272
438
9
689
190
0
0
137
0
63
323
11
7
186
1213
0
0
0
0
0
0
266
0
17
0
114
91
1
39
9
0
591
0
2
5
143
16
1117
12
12
50
0
0
0
28
0
414
2
84
0
0
1364
4
347
0
0
1030
209
19
974
0
2894
0
3058
11
287
0
48
0
13
1
1246
0
24
0
15
15367
238
1
1
182
1013
0
1
129
3763
9
21
108
56
1396
116
711
77
29
2
5
0
11
0
0
1
0
1
0
0
860
0
698
13
0
1771
5
22
189
48
2620
1
147
236
137
4116
9
27
85
1
0
707
0
90
5869
24
592
0
0
68
153
807
60
68
0
15
1928
0
0
1
14651
1033
997
0
0
0
17
1646
1198
1
11
0
1306
3
0
0
87
609
0
413
21
1
314
720
0
244
447
24
87
0
10
4
0
1
1
0
0
0
0
1294
266
2835
0
513
0
196
0
3453
173
331
48
36
237
0
1560
0
0
0
45
3
1
15
38
105
58
5
0
72
1243
4126
2313
5479
4
314
10
0
2
1
0
10
8698
0
10
325
0
1949
4002
0
4
21
961
122
19
5081
1
1615
282
2222
6133
7
5
13
604
231
94
4
4
1
28
0
1
0
0
55
1245
0
167
141
29
2
2
0
2165
0
135
7
0
729
67
0
10
7
0
9
0
1138
312
4721
258
0
21
0
0
1972
0
0
0
0
0
0
1
570
0
6
0
1
0
5
1
0
361
1297
0
2191
116
0
4
943
721
30
2
2
9
0
0
0
5
11
5
2
4
7
35
0
8
3
5006
1
2
5
1
0
0
0
7
0
4219
0
0
0
2
0
3
20
33
0
9
0
950
0
215
0
23
7
246
0
6
0
0
0
1
0
3
194
4987
0
238
186
36
1
1
1
0
0
1
0
17
1
0
0
13
367
1
0
3
741
16
718
5
24
790
717
1
0
0
443
5
373
19
15
0
1
1
11
40
8
0
0
180
3
0
107
0
98
98
5
114
0
9
0
0
0
1223
0
44
2
741
277
140
0
16
82
723
418
139
1007
817
2
1
3
2
96
5187
0
3
1021
296
112
0
22
719
1
0
296
78
2551
0
30
0
0
0
744
2
254
0
20
1964
12
186
8
255
342
357
6
0
719
1829
39
1552
319
4
73
42
5
91
4
47
133
288
5
204
1066
173
10
15
478
0
62
2765
0
8
2297
1949
1
0
13
0
12420
7
4
0
36
0
77
0
1586
780
30
267
56
81
0
1085
22
492
3
0
72
532
0
0
1946
83
13
0
0
0
561
21
4
0
3
0
234
274
13
307
242
1070
144
222
30
0
36
0
2123
0
881
0
0
8
0
0
0
0
32
85
4
1
10
3204
11
3
4
612
3427
3
7
392
295
70
5641
544
5
5
3
0
5
39
581
1
356
228
0
25
158
45
1598
307
136
2
228
0
3
5
2691
806
1276
17
80
0
0
0
1
256
0
193
0
663
280
169
1
39
0
0
0
1687
1
49
0
941
34
0
33
0
0
13
0
0
10
0
0
0
0
0
0
0
0
0
2
1014
6
2481
1784
20
1440
0
2
85
0
97
3
0
1
3
10
265
76
95
149
52
51
634
3
71
0
1138
1051
0
237
0
1
845
18
0
353
4
52
19
0
3
52
0
1
9
0
1
928
0
525
0
23
2224
0
0
0
388
565
636
84
1384
5
0
1
0
1021
1
29
316
0
0
0
1317
0
1
355
1099
0
0
3895
1
0
52
107
9
2280
0
3
0
3
3156
33
0
228
0
17
281
85
0
0
12
0
0
0
0
0
0
1
0
6
1
0
0
489
0
0
0
0
1
1
66
1101
80
35
0
4
73
0
1452
1
233
0
2569
19
2183
14
1
2
11
5
396
0
0
0
0
15
1
24
16
155
0
2
459
2719
134
0
4
235
66
42
71
7
110
23
60
2
37
0
9
68
17
1158
4
58
21
3091
124
1
174
355
0
0
0
15
5
816
1
46
118
3
47
0
0
9
1
22
0
6
0
0
5
12
0
6091
0
0
422
0
0
4
6
0
115
145
0
0
30
40
6
0
4
0
1567
4
3
52
4
1515
0
38
8834
11
4
0
0
0
12
1
0
2
0
0
46
18
3028
20
8
1129
5325
2
0
0
9
36
0
751
0
80
277
250
46
96
2
0
0
0
25
1
0
0
1
0
0
0
0
0
1
0
2
0
2
0
12
1
0
5
300
199
168
315
155
0
18
1
9
101
0
1326
264
498
420
17
87
803
6
1
1871
3
0
0
677
224
2085
0
53
0
1
0
25
0
0
277
0
5658
514
229
1138
1437
0
7
25
69
5
0
1217
229
48
942
1
0
141
26
65
0
196
54
1
0
268
5
110
352
61
153
1430
801
0
2120
75
342
503
560
622
30
0
66
787
60
1472
10
340
235
2485
69
274
132
40
1
693
12
99
972
10
30
37
283
37
1182
6
1
620
0
1706
369
1175
14
912
10
2470
1
0
10
183
2
8
1125
122
1534
1
36
793
3
2248
0
138
1154
0
1
396
5
5
0
19
419
0
0
675
309
22
530
35
1895
966
218
212
196
425
2
94
12
6
73
0
1
7
7
158
345
0
34
0
549
321
4418
1
0
31
110
2
904
3030
0
18
9
811
2137
91
181
1
117
23
605
2011
37
43
158
585
1777
4
37
0
0
9
101
5
1
0
67
292
556
152
1
2369
76
14
110
669
0
1
8
346
8
377
3353
889
2
0
0
130
0
39
0
2757
1
420
1153
2404
0
14
11
1993
3346
20
46
108
0
2
202
47
0
0
67
9
592
292
172
42
6
24
2
98
9933
0
0
426
0
11
0
656
1
8
30
558
90
390
8
28
46
14
4664
21
0
42
192
17
1
0
143
670
0
124
841
333
69
6
3
11
11
21
75
3
4
528
2
80
11
9
3
9
28
2
13
129
3
0
14
79
117
19
21
374
0
53
229
70
586
12
5061
138
75
14
0
1
573
178
22
488
218
0
0
3
39
0
0
7739
0
1
53
2
1753
1
42
48
1
13
1
136
0
0
23
48
0
0
109
0
314
3
0
751
174
29
0
0
124
673
249
356
156
299
41
1180
415
312
41
1295
6
3482
0
4221
1
239
265
64
0
2652
1708
611
2085
0
9
0
1
0
153
341
639
0
4091
0
60
0
196
0
16
0
156
4392
396
1799
0
40
466
483
0
18
0
0
2
0
5
11
8591
18
1763
3
1051
39
389
26
9
841
794
0
1
0
13
5484
1
801
20
10
0
0
0
127
1077
0
97
90
226
1
0
6
704
1007
0
1703
0
24
0
1
3
1178
0
9
324
1
10
38
7
0
1
158
0
125
86
554
3
1335
0
159
725
3
0
0
2573
47
0
0
0
16
4074
19
0
220
4
9
5
1168
0
17
3
2
0
1256
0
2
0
2
1
248
104
0
11
1
0
0
0
87
0
636
0
0
9
1
20
0
0
3862
0
1
1
0
179
0
17
1
268
0
0
37
0
9
558
5
74
9
31
324
21
8
5
1015
1
27
27
0
1670
13
2
0
1531
0
3590
38
193
1136
4
267
56
5
10
6
1
0
15
0
0
96
0
355
0
1
0
0
9346
479
0
0
0
3925
0
236
0
1643
0
1
28
0
3489
22
6968
165
0
85
1
10
16
252
1
33
1
6612
189
494
250
0
92
21
5
1779
521
140
29
0
15
2
427
0
27
84
102
1532
40
0
0
206
1280
1
23
0
746
15
33
9
209
29
910
60
542
0
4
0
0
13
18
3673
1181
707
4056
554
53
956
629
31
105
0
3426
9
336
0
0
1
10
462
206
399
65
2
564
0
0
0
0
4215
0
5
0
2008
1
0
0
0
0
0
0
0
0
0
0
0
0
0
0
0
0
0
0
0
0
0
0
0
0
0
0
0
0
0
0
0
0
0
0
0
0
0
0
0
0
0
0
0
0
0
0
0
0
0
0
0
0
5
0
0
0
0
0
0
0
0
0
0
19
0
0
0
0
0
0
0
11
0
0
0
0
0
0
0
0
11
0
8
2
0
3
0
3
0
0
0
0
0
0
105
79
10
184
76
1
0
0
198
42
149
0
0
0
389
0
0
405
0
2
0
0
0
0
0
0
0
9
108
1
1349
0
0
0
0
82
6
1971
0
1950
2
6
12
2
0
1480
391
0
25
102
66
554
409
433
170
0
0
107
118
8
9
14
308
0
13
7
0
0
1
17
790
20
0
1
6
1
26
0
0
20
30
47
4
8
2
29
1
0
20
584
4
156
16
10
1
80
0
1
0
58
0
14
5
427
4
1
2
0
5
0
24
35
0
0
474
35
1
2
1516
5754
1
0
1
590
31
7554
0
27
409
2
2774
6
0
1
0
34
241
0
0
0
0
0
0
0
0
0
175
3
2
0
0
8
1
347
3036
16
16
16
6
1206
0
56
16
1888
0
91
604
2
7
0
0
2659
0
1148
4
1
0
9953
1
2
0
0
1
6
170
4646
2840
84
0
0
116
0
0
77
0
603
0
173
1424
523
0
0
0
0
0
0
0
0
11
1
0
0
90
0
229
6
629
0
1
68
1
0
4
0
3
184
350
3422
0
0
0
20
0
2849
86
0
201
289
0
6
2
185
0
0
0
0
0
288
22
0
0
0
0
0
0
0
0
0
1
0
0
0
0
0
0
0
0
0
0
11
0
0
1037
0
1366
168
1
3
0
3
0
19
629
192
98
5
4
0
0
5
22
1
4
422
0
4978
0
0
3845
29
0
149
0
7
8
3
0
168
17
0
0
3802
0
0
0
0
260
1
0
0
6
33
0
145
1
0
3
0
15
625
12
1125
0
0
0
0
1
284
0
0
3
18
0
16
0
3
0
302
3
2
486
2890
0
0
0
583
0
226
1
1383
6
55
2
183
27
394
169
424
44
160
37
2965
2
265
6
0
1
4099
260
7
54
9
10741
15
11
72
0
0
0
396
2019
3
381
36
2
48
188
25
4
0
40941
0
0
0
0
3
0
0
42
11
813
12
0
52
48
3
11
1
1
0
121
11
58
23
52
882
1137
1
110
0
94
2
0
210
0
858
3
296
0
70
671
1748
8
0
0
0
1
446
1
338
4
66
35
357
519
11
0
201
0
0
3
5
14
19
491
923
36
1
0
0
0
0
0
0
6302
18
4
338
88
0
0
0
83
2400
848
1
405
278
0
0
2
105
1871
1
1080
12
27
248
48
78
14
152
1
254
462
47
10
0
153
1
51
352
3
802
1
1618
5128
1
62
31
0
3
39
7
1
0
0
2
304
0
249
1
0
113
2
0
21
6516
2131
1
50
1324
53
1843
8
12
1146
5
2
0
939
175
0
582
215
40
85
6
99
2
29
64
2
4
1537
4
9
44
13
0
0
213
0
5
0
4
9
4
0
0
152
101
44
6
4382
0
0
146
0
436
0
2
80
135
339
508
44
1315
10
0
0
19
7
0
469
8
5
14
0
4204
5
1272
2
21
5
861
82
6
6
5
22
0
17
0
0
0
0
3
1
0
133
0
7
0
87
19
81
0
162
3
0
44
0
0
3394
0
0
93
129
16
880
183
0
194
3010
0
221
3
1
13
11
304
1567
5
24
106
866
15
0
0
0
0
11463
0
1337
46
540
0
2
73
0
1
0
0
6
6
1
3
0
0
0
0
206
2
145
0
1608
157
0
22
0
1092
0
1
7
11
2244
0
2
2
0
0
0
7
1766
17
0
669
18
504
91
0
17
264
1
0
0
103
480
1412
21
0
0
187
12
0
5
0
11
18
0
1
204
7
0
0
0
8
37
0
0
0
281
1
9
292
1
346
1030
8441
1
2
5
1
716
102
3791
2
0
0
0
1917
0
340
0
253
12
0
3365
0
11
428
0
670
0
0
0
19
0
21
0
654
0
3
0
0
131
11
1
0
0
0
169
0
0
1
0
223
619
0
929
0
6
1
8
0
0
14
0
395
21
259
167
1360
1
20
12
30
29
835
4019
0
550
66
733
0
3
131
1
20
0
0
586
202
0
48
6
4756
0
3
302
11
223
1426
13
94
0
5
362
0
695
7
1
696
1
0
254
0
562
14
7
49
140
29
0
0
2
2548
107
22
0
468
24
103
43
1
0
250
1075
0
176
1
3
33
2
24
1
6
365
4488
0
0
2
18
98
1
247
5
0
12
47
195
965
0
0
13
2
8
9
2
27
0
1397
2
53
2
57
0
0
1233
4992
0
22
16
0
4
10
9
0
0
0
0
9
442
0
206
147
9
115
7
5
10
10
10
0
24
528
47
4
112
0
91
857
14
0
74
1475
3
28
1
1
34
2
9
2
2
1945
367
207
131
12
5
146
32
0
4
315
220
0
1001
230
180
427
1438
0
139
29
0
150
4
54
13
30
89
0
11
119
378
27
68
617
0
0
0
1
2
1
0
0
30
683
2
618
0
7
39
0
0
114
0
3
133
1
100
0
3
5214
74
32
0
454
1
31
0
1154
362
0
682
59
0
704
241
1
5
187
335
1
12
0
1
0
1
3
0
123
288
0
650
3151
0
0
0
1541
587
1858
100
0
14
24
85
1361
62
9503
0
0
2
0
27
58
142
9001
2
0
283
44
3
9
337
4148
140
2
1
58
0
196
21
0
849
2601
3
52
2
0
187
0
0
0
1
1
74
1630
1979
7
79
29
2966
0
6
0
40
0
532
0
691
0
86
0
368
1
1
84
232
0
395
13
0
179
58
0
0
11
2075
4
0
228
1965
0
0
8
3
0
5
1101
49
0
159
270
676
2
397
3
8
281
1
212
2
51
1712
142
701
3
6
0
0
1
0
12
25
0
21
101
5
0
850
0
311
0
875
99
291
0
0
12
106
15625
4142
133
365
26
16
0
950
24
0
12
445
1250
28
4
793
31
190
135
192
1393
20
0
27
22
8
1
0
0
84
1
1
3
0
0
0
2889
1
54
306
236
35
0
0
73
34
3
768
304
1036
0
1
0
1549
625
4370
0
84
0
52
76
0
444
41
11
78
440
7
185
856
0
21
75
0
2
0
67
760
1
4469
3
81
11
0
4
0
0
0
0
1
1
1610
0
0
21
0
0
17
9
1893
480
1
3
6
4
3237
5
11
3688
5
19
0
0
0
1947
0
0
1
813
0
155
81
1062
3
137
591
42
2443
953
0
2
0
2
131
440
0
0
0
0
2
3
31
0
305
9
1
189
236
2
37
163
20
0
0
3
9
8295
1
0
2
1576
0
7157
0
389
6
815
1
0
16
0
2
29
0
39
2
0
0
5
1199
0
9
0
0
0
6
4
0
18
9
0
0
0
0
0
0
0
0
0
0
212
0
0
28
1
0
0
0
0
134
0
11
16
0
38
0
2
1
0
0
786
73
0
16
2
28
12
0
231
0
2
15
3
154
124
0
0
1
7
62
137
31
66
31
9
30
311
72
2
15
62
0
1
2
8
128
5
1
0
1488
24
3
430
203
0
0
0
0
8
2
302
206
0
5
3
32
2
28
1
7
0
291
25
12
4
76
5
8
6
330
1
0
0
916
40
11
24
125
110
181
439
0
0
6
1580
0
0
1
0
0
0
218
0
2107
1
42
6983
4
14
0
0
1
1636
4
24
1
5
6
557
1
1807
1690
0
3
2912
0
1
1
3406
931
0
55
319
1764
459
0
4086
0
25
0
0
0
0
387
18
34
0
2017
0
521
1920
23
3
3
83
0
831
631
36
25
2
10
6013
0
87
0
0
5610
0
2
0
0
0
0
0
2
0
70
665
481
2
5
0
1
5299
16
0
0
1115
0
2322
0
1242
928
244
1409
8
2911
0
0
3
0
439
796
152
1223
0
64
0
245
287
3307
2
0
0
60
343
53
0
1968
1677
0
41
0
0
0
0
0
0
0
0
0
0
0
0
0
0
0
0
0
0
0
35
0
0
152
225
165
0
8
202
165
0
7
0
243
0
0
25
0
0
1
2
4
1
721
333
664
0
467
1
161
13
2211
0
0
170
2
156
57
3
425
539
42
10
184
0
0
2
0
0
715
126
346
1042
21
70
213
141
1906
56
2
3
15
0
5
4
0
0
0
0
0
0
2
0
0
0
0
5625
38
0
2733
1103
6
226
2135
49
86
17
46
230
7
0
0
26
0
0
2
0
0
14
0
4
2
2
27
0
0
0
0
4
3
5
2
346
5
6
9
13
7
3273
287
1
4
118
0
0
1
0
29
12
44
23
486
30
391
8
1
0
312
23
9
2
56
1
0
0
62
0
296
213
0
1201
657
2860
142
69
1
4
0
0
39
0
3924
0
82
198
33
13
0
35
0
937
23
155
0
934
0
0
4
3
2
315
132
0
1
1
2
156
0
0
0
0
195
0
2
0
1838
38
0
18
0
0
0
121
0
0
10
665
0
0
14
0
0
0
0
4
0
0
0
1
0
17
0
2
3
1
59
3
2
2
0
0
0
0
15
0
10
0
0
1
1
0
0
0
414
0
0
4
0
5
44
0
0
1
0
13
1
213
0
0
0
1380
3
64
6
216
5
5001
0
12
0
1
27
2
1
142
486
18
0
570
0
4
261
2796
1053
1813
714
666
0
0
2145
841
1092
5
10806
55
437
353
42
24
536
98
0
0
1
24
707
45
92
399
285
581
0
25374
17
549
4229
213
0
0
6326
3713
84
6020
42
41
1
0
1662
0
0
2
0
0
1157
194
0
0
351
0
0
0
0
2460
27
6982
8
195
819
0
298
0
16
536
72
485
10
145
4
222
3
60
938
1
3
1047
917
28
157
1273
0
0
0
28
4
1
2044
33
27
5
0
0
0
1627
28
9
0
0
6
120
5
1438
1036
5
43
0
0
0
1
141
3
17
1176
6
1
10
55
724
0
0
2735
185
0
1485
1388
0
561
171
1116
9
9
29
132
246
77
156
216
50
0
84
61
0
4570
20
0
17
85
1228
584
0
0
0
276
645
0
14
320
1
9
709
50
5
614
4054
13
2365
2
0
455
0
0
0
0
437
969
0
2001
2
1
1
0
200
0
739
129
200
1474
65
13
98
598
1829
11
3
0
10
0
169
1024
373
1
305
423
17
241
0
0
0
146
1
679
0
227
1080
1843
277
16829
399
801
3
308
0
618
0
19
254
0
0
109
86
18
408
8
1777
2905
291
23
10
0
3
117
8
4
203
5788
4
331
200
22
0
2
0
24
0
0
0
93
0
0
0
0
0
0
0
0
0
78
20
2394
1
0
1632
1102
0
361
0
489
312
0
0
0
0
715
13
2
751
2
123
1
2
0
0
426
39
310
2178
24
970
1281
97
0
78
0
41
244
2
702
0
1405
3653
174
0
2196
188
3695
0
1
8
0
49
1139
638
1159
405
73
1413
243
1
593
3
0
22
17
0
0
23
359
311
41
36
0
30
50
327
102
13
2
681
15
0
2
389
9
36
138
0
0
802
10
413
221
147
1
6
18
487
1347
0
25
0
28
2
0
375
1
18
0
1264
14
4
42
31
5
44
0
0
1
0
0
191
29
0
0
969
927
487
8
475
45
53
44
609
356
754
0
0
205
102
534
0
259
0
34
15
7
92
455
98
0
3
0
0
0
0
0
0
9
2
0
0
0
0
0
5
0
94
0
1110
9
141
2240
0
2324
8
5285
0
22
0
0
0
833
2
986
3
1
4
5831
98
5
23
0
92
82
610
603
1112
251
56
4
1271
1857
1
1501
4
1
1263
1
1
5
11
482
79
6753
47
9
392
52
58
42
428
808
301
0
50
9
0
0
121
31
278
184
63
0
33
0
14
20
13
2
1844
5
6
1422
6
142
116
0
8
10
135
230
263
44
27
0
357
278
232
0
0
32
255
12
251
23
660
7
42
11
139
47
2
9
1323
88
19
24
101
144
36
2
0
171
0
26
274
18
75
2
145
0
0
3
19
0
0
0
0
0
41
7
0
0
0
62
2
1
0
11
0
0
69
34
38
319
2627
3
0
821
0
134
331
1516
1133
2
25
2557
0
11
2
28
16
1749
192
396
84
49
2477
0
83
38
15
6
3509
0
1482
21
2008
184
35
0
264
36
42
8
271
10
145
78
0
25
0
0
1624
113
22
35
33
21
355
15
102
62
36
1
1
27
0
0
0
2
14
3804
10
180
1
5
242
0
0
724
1
3
0
256
1
0
1
0
26
0
0
0
0
260
16
3
5
1
0
0
0
1
0
2
0
0
5
341
14
188
629
0
2
0
0
101
11
0
0
16
0
3
106
70
48
10
888
0
281
0
15
31
4
28
215
30
68
1
4
0
1
0
1
19
49
8
882
0
25
14
94
141
7
3
5
0
1
1
1
1
0
8
3
0
82
62
7
0
7
5
0
3
0
61
39
70
0
1
1
59
3
350
0
219
0
0
0
0
1
6
2
13
1
229
7
0
1228
371
26
137
1270
0
80
7
396
10
5216
1
122
0
0
0
0
0
0
0
0
0
0
0
0
0
0
211
331
87
49
29
19
22
1
10
179
280
62
256
329
481
291
83
18
53
1
3476
0
2
1013
27
64
1
134
0
59
7
13
2
12
408
12
70
0
0
0
1
6
402
0
23
331
116
0
25
13
0
0
60
0
0
6
2
1161
27
265
0
454
8
29
5
2637
1009
33
2138
0
15
26
164
0
82
1
2
0
33
1
0
0
1
0
4
2
2
24
269
143
582
63
0
7
120
4
30
99
9
2
39
48
450
205
282
4
18
646
0
182
127
2
0
0
998
1
495
382
154
424
696
2
669
251
1
2
80
334
3
21
0
6
353
51
192
478
1495
883
67
145
0
3471
0
1
3
55
0
0
245
0
367
224
1
845
0
6
6
0
37
2254
332
3
59
280
9
67
269
2
716
537
18
1
1336
12
2
0
0
0
0
0
7
9
0
18
3
0
0
769
0
1
0
0
0
4
933
31
229
0
1
0
5579
0
77
0
43
37
0
0
35
4
0
0
705
0
0
2
31
0
0
3
102
0
658
2
1
0
3
0
8
0
0
3
4
0
376
1
66
0
170
853
3
2501
0
77
7
5509
0
34
5
0
94
0
0
2084
792
0
0
260
10
0
5043
103
7
9
300
0
9
0
0
176
92
1
62
165
173
2
262
37
4
504
155
36
184
2
5
316
0
101
3
3
5
46
134
0
390
9
161
1
3
0
0
0
0
0
0
0
5
30
5
15
78
106
3
18
1
54
38
15
156
23
2
38
0
1
15
29
17
16
380
3
145
114
141
0
81
41
3
18
28
34
0
36
63
2
62
0
1
0
0
0
0
0
0
0
0
0
0
0
0
0
0
0
0
471
0
41
24
606
0
21
1
16
20
0
0
0
0
0
0
0
2623
0
0
0
0
0
0
0
2
0
0
0
0
0
0
0
173
123
150
0
1698
304
280
548
4
8
0
1663
555
285
43
30
89
152
8
14
0
67
13
1
0
1
14
0
0
0
0
0
0
305
1780
13
0
23
459
285
0
13
2
0
2730
0
0
0
0
0
638
8
2
1069
970
1270
96
736
0
11
50
8761
12
78
0
2063
324
13
67
3
0
1
0
579
0
0
748
0
3
6
4
0
17
0
9
92
25
1
1092
1
268
0
146
1
0
11
0
230
36
36
32
19
326
4
1720
982
94
0
0
2
0
0
112
0
3617
9
24
0
2890
193
4
2
0
0
3
0
0
0
0
0
0
0
0
998
0
0
1818
12285
0
0
156
167
252
903
308
70
0
0
55
0
321
1
2600
1219
175
3
698
0
11
34
0
0
28
57
12
0
32
1231
0
119
1450
0
0
442
321
476
20
0
27
6181
539
198
296
0
0
18
0
0
2
0
202
0
224
5558
0
358
19
9
1
30
92
539
62
177
174
2
478
5
76
5
4
0
16
1
17
20
2
1329
11
3
21
1
0
14
101
3
0
3
0
0
3
0
0
0
1
17
3
1
104
589
76
0
2
3
7
50
1
0
53
4
0
38
0
0
12
32
36
2
2
612
8
13
0
3
15
2
62
0
0
7
514
1
170
0
413
0
5
0
19
48
528
161
231
0
12
890
65
1
5
29
34
232
6
140
6
0
7
16
105
42
498
0
0
0
7
3
0
684
1965
435
2
32
67
0
4
1
907
31
67
2
0
13
87
140
303
2
189
0
1
7
365
0
8376
0
41
0
0
597
877
703
1007
0
53
456
0
6
24
11
8
718
15
94
92
47
497
0
17
833
0
66
9
232
350
0
4
0
0
3
5
0
245
153
198
10
0
0
0
0
0
0
0
0
0
0
0
0
0
0
0
0
109
1807
1332
2
3
2225
1
0
182
0
1
0
0
0
0
0
110
172
386
7
601
35
258
233
112
232
493
217
7
131
52
0
40
1018
3
0
59
0
31
118
0
70
1093
509
45
0
14
0
344
45
0
151
173
6
0
155
0
95
178
67
0
0
0
0
0
2
0
0
0
5
1358
0
0
1
40
0
0
304
0
0
0
0
0
0
0
0
0
0
20
209
1461
63
132
0
62
1
10
285
141
421
0
0
4
62
1228
0
0
0
59
1115
1
0
0
0
0
33
0
0
1
0
0
0
0
19
0
0
0
2
0
0
0
30
0
0
0
2
1
2
0
0
0
613
0
614
6
0
120
0
4
0
272
14
0
0
0
112
1
0
0
0
0
0
48
0
1585
299
943
1387
671
0
34
0
0
0
11
0
0
2
0
0
0
0
0
335
0
4
405
0
0
0
0
0
0
0
0
0
0
6
319
13
0
0
0
0
0
0
62
0
1
2
0
0
4
18
0
9
72
235
151
22
7
3
59
3
2
0
18
1
140
2
14
56
0
17
29
1860
0
0
0
0
3
5
0
127
4
1
49
0
60
225
5
1
3
55
23
0
1
1
59
13
117
0
0
0
0
0
184
107
139
5
189
0
0
96
0
50
456
98
6
303
13
0
0
0
0
176
0
655
5
202
13
1
0
936
0
436
22
3706
0
81
0
345
0
0
0
0
0
0
0
1
36
0
0
0
0
0
2
0
0
0
0
1
0
0
0
0
0
0
0
0
0
0
125
1125
293
6320
6
0
0
0
956
1
0
0
0
0
0
0
1
0
1
1
3169
0
589
248
141
4
0
7
0
0
1
0
0
0
0
0
0
0
0
0
0
0
0
0
0
0
5
0
0
0
0
0
0
0
0
0
0
117
0
0
0
0
0
0
1
0
0
0
0
0
0
0
0
0
62
0
1811
0
2
34
0
0
0
4
0
0
215
0
0
