1637
169
251
0
190
3
164
4
0
1
11
26
0
0
0
4
19
3401
181
32
2618
1351
5
3
3
3195
1411
408
228
1
3299
1419
0
57
4029
12
954
8
0
69
0
996
12435
985
0
4953
0
253
0
1
2879
85
14727
276
1829
75
127
129
33
0
0
814
0
281
195
98
18
0
1079
679
1
201
2609
17
67
136
154
0
607
10614
3
3804
315
0
0
60
6019
19
7
708
3143
17
661
28
79
1517
1814
43
1
5
1
0
0
20
241
311
0
268
7
9
225
0
6
93
686
16
2887
0
0
898
3246
1036
11608
0
11
46
26
1621
10
948
1563
0
0
0
0
0
0
0
0
1
0
0
0
0
1
2
228
585
334
12
3
30
31
6
17
4
558
179
122
0
3961
791
142
0
70
1692
14
8
0
80
252
7
13460
3487
1
0
86
0
112
2
44
0
0
1914
11
0
37
9
0
3
7
0
0
1682
7263
1304
126
0
51
5237
511
99
15
54
279
418
0
0
0
4353
537
41
3
0
129
757
13
18
2754
11325
53
105
0
262
6
22
914
53
0
8
3
0
0
504
1
1364
0
205
1912
516
5924
3
11
100
0
976
0
0
248
0
233
32496
380
0
0
1
1300
0
28996
123841
9
42
126
44
24
1321
76
158
2093
57
11834
42355
4
86
18
0
0
1203
0
370
338
0
0
0
122
0
0
157
4544
0
3
8771
2
3
0
50
0
522
2282
10
927
0
1
211
3286
166
0
17
2
0
0
2
5028
0
0
0
11
0
279
42
5707
0
475
1200
12984
367
12
1242
110
204
3104
609
3
629
21
65
13
1
71
5
0
279
0
0
60
330
1105
9368
0
0
11
529
15128
17
11148
136
13
2042
0
53
7
2012
2581
1165
283
0
0
4
1925
11
0
556
369
186
1
43
1152
111
1861
4
232
353
12957
0
0
0
0
3
1
112
79
201
2473
1864
327
0
0
115
143
1
6546
495
0
249
0
4
0
243
729
0
114
0
9
25
12
18411
1362
2867
0
124
0
0
568
1453
126
0
27
25
1
1
72
1652
26
4
0
84
188
151
13552
107
1
479
0
57
429
404
0
0
239
0
12113
161
795
646
1528
1462
90
130
5
4556
11595
121
1
174
38
565
1801
5
0
305
4
1
0
25
0
0
4
544
292
0
27
261
0
0
881
1022
282
5
1
320
233
165
0
13398
237
0
6
0
49
189
13
31
0
37
189
998
0
86
3
4
6
32
2
4
578
512
316
0
266
1216
119
0
6
1938
20
618
162
0
0
416
0
5
1625
5
1152
20
9
0
528
0
8
24577
1
270
22
0
10257
98
83
1
41
668
44
27
1
1
160
26
21
50
235
89
17
14249
1176
0
0
0
0
396
0
0
0
0
16639
7
5
58651
195
181
16
4
0
0
58
8
12
0
32
161
0
844
0
9780
17
7224
731
377
0
1498
41
34
6
27
6282
0
0
0
13
0
108
0
41
0
3
9
0
1497
274
0
371
44
11188
0
16
3
80
1
1075
4596
345
142
69
12
45
56
800
28
3
516
216
27
38
17376
1055
0
0
68
182
147
1474
3878
123
0
354
449
0
2
7620
2018
11
0
0
2
0
813
0
458
0
0
21
49
316
221
8221
276
1253
0
4
0
0
0
1
10
634
453
1
0
1
6
28
34259
1137
15
9
68
0
248
71
65
813
0
3
1
3223
2309
0
0
63
9
109
375
12
19096
2
9
245
175
165
1
1
668
1
34
9
2
173
492
43
2294
160
1288
1
0
26
0
0
0
1
79
0
5
0
51
0
0
6207
0
238
214
95
243
0
4819
2
2619
517
132
19
2394
15
2035
103
110
0
0
0
8
1
188
70
1759
0
784
2
2328
292
1
0
248749
665
88
0
728
0
0
0
0
46
86
231
2
854
11
11613
13472
391
2221
2
0
0
5
4483
554
15
124
7
0
66
0
21
50
0
0
0
30
0
0
0
0
0
30
0
0
0
0
0
2
0
0
293
112
1
0
0
0
0
3
8
830
1862
4
310
1
0
0
0
0
0
0
0
0
0
0
19911
5
0
0
0
0
0
0
174
0
0
129
6206
0
0
5
10
0
100868
2943
3
0
1
0
4
73
1936
1295
66
108
14044
126
0
1
403
97
31
460
1
0
37
0
127
911
484
0
1679
0
0
2
1
1
37
0
146
146
331
0
4
17
180
18
0
37
2013
280
26
0
1
0
6
0
326
2344
0
0
2
9
5
4
12
15574
0
5
656
0
259
107
0
259
0
45
0
0
2256
2063
263
490
2
0
0
0
2282
89462
0
538
0
0
2552
2
58
2
2
0
113
4
1
11
37
664
0
4375
11
0
0
0
0
0
4
1
14
103
1332
133
1751
457
13
87
1
1
508
0
0
0
5
0
0
2701
1
11
0
0
0
0
0
0
2
2
0
77
12
9
0
0
0
0
1
986
9
32
0
0
0
2599
303
0
4
148
32
0
211
13
863
0
0
0
0
0
0
1
5
1999
415
225
0
0
3
1433
60
2
0
7825
11
0
0
0
75793
44
0
1
197
662
0
89
136000
121
3045
11
20
170
8
740
272
2789
54
66
556
0
0
0
65
0
189
110
3340
19
3
1
0
1
0
54
0
0
0
23281
0
738
1567
3
783
126
358
25
641
73
158
69
4
0
0
1
546
33
335
655
37
1094
4
0
346
15
385
7929
2
23
1220
0
0
0
10
14
6
1
19
193
8
709
624
0
0
0
1
0
0
0
0
0
0
0
256
0
13
0
3289
1121
1813
4
1
15
243
22
3
0
35
783
0
114
531
0
387
1191
1
115
484
1019
55
5
0
0
10
0
0
264
206
2
0
0
10
133
130
0
3
6
86
119
89
354
1487
524
0
1
0
0
14
0
0
0
0
0
0
0
0
0
0
0
0
0
0
2
11
0
0
0
0
0
0
0
0
0
0
0
0
0
0
0
0
0
0
0
0
0
0
0
0
0
0
0
0
0
0
0
0
0
0
0
0
0
11
1
0
0
0
0
0
0
0
8
0
0
0
0
0
0
0
0
5
0
0
0
0
0
0
0
1
25
0
0
0
1
0
36
0
0
6
0
0
0
0
0
0
0
0
0
0
0
0
0
0
1
0
1
0
12
0
4
0
0
0
479
0
0
2
0
0
0
0
0
0
2
0
0
0
0
0
2
0
0
0
5
0
0
0
0
0
0
0
0
0
0
0
0
0
0
0
0
42
0
0
0
0
0
0
0
0
0
0
0
0
0
0
0
0
0
0
0
0
0
0
13
0
0
0
0
0
1
0
0
0
0
0
0
2
0
2
0
0
0
0
1
0
0
0
0
0
0
0
0
4
0
0
0
0
0
0
0
0
0
0
0
0
0
0
0
0
1
0
0
2
2
0
0
0
0
0
0
0
0
0
0
0
0
0
1
0
0
0
0
0
0
0
0
0
17
0
0
0
0
0
0
0
0
0
0
3
0
0
0
0
0
0
0
0
0
0
0
0
0
0
1
0
1
0
0
0
0
0
0
0
0
0
0
0
0
0
0
0
16
0
0
0
0
0
1
0
0
0
0
0
0
0
0
0
8
12
0
0
5
0
0
0
5
0
0
0
0
0
0
0
0
1
0
0
0
0
0
0
0
0
0
0
0
0
0
0
0
0
0
0
0
0
0
0
0
0
0
0
0
0
1
0
0
0
0
0
0
0
0
0
0
0
0
0
0
0
0
0
0
0
0
0
0
0
0
0
12
11
0
0
0
0
0
0
0
0
0
0
0
0
0
42
0
0
0
0
0
0
0
0
10
0
0
1
0
31
0
0
1
0
0
0
0
0
0
0
0
0
0
0
0
0
0
0
0
0
0
0
0
0
0
0
0
0
0
0
0
0
0
0
2
0
0
0
0
3
0
0
0
1
0
0
0
0
0
0
0
0
0
29
0
0
0
0
0
0
0
0
0
0
0
0
0
0
1
0
395
3
0
3
0
0
0
3
16
0
1
0
2
0
4
0
49
0
14
0
0
0
3
15
0
98
0
13
2
0
0
0
0
0
1
6
0
0
0
0
0
0
1
0
1
77
0
0
0
0
0
0
9
0
0
223
0
0
190
0
0
0
2
6
35
0
0
0
34
11
0
0
0
0
1
0
0
43
29
0
2
0
0
33
0
3
0
21
12
0
0
0
0
12
0
0
0
15
1
9
0
7
56107
25
0
0
0
6
0
12148
0
99799
1
0
0
0
0
3
0
0
7
0
11
0
2
0
0
0
0
0
11
0
0
0
0
0
0
0
0
0
0
0
0
0
0
0
0
0
9
0
0
0
0
33
0
0
2
0
0
0
0
0
0
0
0
3
0
0
157
0
0
0
0
4
0
0
0
0
0
1
0
0
0
0
0
0
0
0
0
0
0
0
0
0
0
0
0
0
0
0
0
0
4
0
0
0
0
78
0
0
0
0
0
0
0
0
0
0
0
0
0
0
0
0
0
0
0
0
0
301
277
201
61
89
2637
230
0
4
0
198
2394
161
2
249
1
478
92
172
695
413
30
2898
0
96
1
22
320
7
899
1016
488
17335
536
390
301
683
68
0
1028
547
73
7
0
205
38
2964
4612
81
6
352
12180
1
0
0
427
0
0
0
0
0
0
0
0
1904
116
60
1334
29620
556
7
53
0
18
1
2040
1515
0
4
414
3032
13936
0
1
64
115
104
44
0
0
72
2
18
2097
0
26
0
0
2260
14
1
282
171
955
723
17942
1
20
0
0
0
0
5
0
0
36
387
2
785
106
10
0
6
6
0
0
40
680
1808
12118
97
9371
0
5
461
504
0
884
47
120
0
2171
1
0
189
131
22
3
0
18
746
108
3253
4
185
471
149
13
0
0
4
502
350
2783
1
4
4852
1596
3735
628
385
0
0
61
10
0
2642
1771
0
112
19
29
572
572
289
33
1149
16153
2483
141
68
165
251
173
5
19
2051
101
94
418
2
390
91
183
0
2183
0
38
26
53
47
18999
149
64
552
280
37
599
173
3180
173
2246
0
2
145
55
2
61588
758
69
1
190
14
0
5606
540
214
827
20
446
189
1
8769
693
2797
3
1953
171
1
2
97
5
254
0
312
63
4477
210
3
6
0
0
3
515
1601
412
1427
16
0
72
0
1
0
188
103
0
360
3
0
0
0
0
0
11972
1628
10
0
136
31
7
5960
0
14
42
775
296
8
348
155
643
0
696
14
87
78
8
682
35
214
52
815
3411
0
0
3095
0
0
2696
0
0
62
0
0
0
0
93
0
85
1
21
759
4216
168864
1275
4574
2004
255
58723
2017
1
3
34
108
67745
87
0
151
0
0
13
3171
651
938
714
3711
506
3
1
0
3
726
0
232
0
0
3
4
651
0
0
151
5498
225
0
4528
2
2917
0
348
1315
78
473
37
1141
0
0
17261
143
0
32
1020
255
10
819
1249
7
67
6
83
0
16425
1169
54
111
34784
258
0
1028
450
13
1
0
6
192
151
4
0
1
22
1090
2
485
899
15
0
988
431
4590
536
1495
905
53321
647
2
0
3
33
34
91846
11797
2
205804
16
9
180
21
6
43
83
0
15
286
11
23678
1
24
0
0
0
0
63
0
0
0
96
0
0
0
0
0
0
280
0
0
0
0
0
0
1
0
0
0
0
0
0
0
0
0
0
0
0
0
0
0
0
0
0
0
203
0
31
1
0
0
0
5
3
1
10
1609
33
9
2
12
243
525
0
0
267
1
0
15
0
92
25
0
5791
2232
28
43
54
1358
0
748
330
48
23
734
511
19
0
1542
13
247
4
820
1
0
87
10
215
1059
2236
1
77
171
50
191
0
3
11
0
131
0
0
0
126
37
64
8141
13
28
2684
38
105
0
18
0
89
0
483
0
0
184457
47
1
2
0
0
0
0
0
0
0
0
0
0
0
0
0
0
0
953
2
20
3
42
153
185
0
2
4
1748
61
0
29
18
465
875
0
15
6
23074
12
48
15
5
939
7437
0
0
27
0
90
112785
2
11595
128
1206
10
0
1
6
1
2
435
42
170
863
0
0
180
1656
125
0
0
12
8
188
8
141
685
241
575
2
278
157
0
88
0
0
0
0
0
0
0
0
0
0
0
0
0
0
0
0
0
0
0
0
0
0
0
0
3
22
207
498
1
0
2
82
108
2215
3141
0
8195
2949
70
0
62
4
0
0
0
53
0
0
0
0
0
0
0
0
508
0
0
0
0
2
100
2158
20801
2125
1736
72098
876
19
1
7
2
6
104
1466
44131
456
0
0
74
5
1073
3
3
0
770
394
932
377
0
0
1788
0
16377
48
3
443
313
74
1
0
1695
6
0
603
14
1
0
2
1588
186
85
0
2
1690
862
994
124
14
1241
971
0
395
0
182
8403
5242
0
3
6
2186
455
974
172
17
0
3716
10
427
172
6
3166
3028
1360
1275
26
37
13371
131
3979
0
0
0
0
1
2130
3
920
0
103
62
22
463
3137
204
2
461
3184
356
411
255
0
0
112
187
7
112
6052
0
73
8
0
0
0
0
0
0
0
0
0
172
0
2
40
0
9
406
52
2645
335
0
0
0
0
0
0
0
0
0
0
0
0
0
0
0
2
6208
340
241
145
14
9
459
1412
0
20142
23
329
4752
135
1
905
66
788
5257
1152
65
981
2291
778
524
6
1
15
248
1475
193
1060
240
5815
3262
1088
0
0
35065
438
14640
53
602
1938
0
0
113
14912
0
0
0
0
39
5586
64
0
251
71
6
65
34
0
25
0
96
0
13
0
4
1087
37
3950
17
1202
0
366
0
8
680
1
343
2
5029
33792
45
2395
135
6388
231
3544
471
70
401
529
0
317
982
279
4
0
0
0
0
0
0
0
0
0
924
0
0
0
0
218
200
987
0
0
0
0
0
0
0
0
0
6
0
0
0
0
0
0
0
0
0
0
0
0
0
0
0
0
0
0
0
2
1
1
0
0
1
0
1
0
0
0
0
0
0
0
0
0
0
2
0
0
0
0
0
0
0
0
0
0
0
0
0
0
0
0
0
0
0
0
0
0
0
3
0
0
0
0
0
0
0
0
0
0
0
0
1
5
0
0
0
0
0
0
0
0
0
0
0
0
0
0
0
0
0
0
0
0
0
0
0
0
0
0
0
2
0
0
0
0
0
0
0
0
0
0
0
0
0
0
0
0
0
0
0
0
0
7
0
0
0
0
1
0
0
0
0
0
0
4
1
0
0
0
0
0
0
37
0
0
0
0
0
0
0
0
0
0
0
0
0
0
18
0
0
0
0
0
0
0
0
0
0
0
0
0
0
0
1
0
0
0
0
0
0
0
3
1
0
0
0
0
0
0
2
0
0
1
0
0
0
0
0
0
0
0
0
0
0
0
0
0
0
0
0
0
0
0
0
0
0
0
0
0
0
0
0
0
0
0
0
0
0
0
0
0
0
0
0
0
0
0
0
0
0
0
0
0
0
0
0
10
0
0
0
0
0
0
0
0
1
0
0
0
0
0
0
0
0
0
0
0
0
1
0
0
0
0
0
0
0
0
0
0
0
0
0
0
0
0
0
0
0
0
0
0
0
0
0
0
0
0
0
0
0
2
0
0
0
0
2
0
1
5
0
0
0
0
0
0
0
0
0
0
0
0
0
0
0
0
0
0
0
0
0
0
0
0
0
0
0
0
0
1
0
0
0
0
4
0
0
0
0
0
0
0
0
0
0
0
0
0
0
0
0
0
1
0
4
0
3
1
0
0
1
0
5
0
0
0
0
0
0
0
0
0
0
0
0
1
0
0
0
0
0
0
0
0
0
0
0
0
0
0
0
0
0
0
0
0
0
0
0
175
0
0
0
5
0
0
0
0
1
0
0
0
0
0
0
0
0
0
0
0
0
0
0
0
0
0
0
0
0
0
0
0
0
0
0
0
0
0
0
0
0
0
0
0
0
0
0
0
0
0
0
0
0
0
13
0
0
0
0
0
0
0
0
0
0
0
3
1
1
0
0
0
1
0
0
53
9
0
0
0
0
251
172
0
0
0
0
0
0
76
0
1
0
0
1
0
2
0
0
0
0
0
219
0
0
15
0
13
4
2
58
0
2
0
2
10
0
1
0
0
1
308
0
0
0
9
23
0
21
1
9
1
0
1
0
0
0
0
0
1
12
22
166
22
0
576
0
0
0
0
0
0
0
0
0
0
0
0
0
0
269
0
0
0
0
0
0
0
0
0
0
1
5
3
0
0
0
0
10
0
0
0
0
0
11
0
2
0
0
0
0
7
0
0
0
0
0
0
0
0
0
0
0
0
0
0
0
0
0
0
0
0
0
0
0
0
0
0
538
20
0
0
0
0
0
0
0
0
0
3205
209
0
0
0
0
72
0
0
0
2233
0
45
130
0
0
480
0
123
83
35
1744
31
25
5
336491
3
0
52
225
7
5
9
1
2260
7958
1
1
4549
115
2
3497
1
10
2
155
42
24
251515
21
4297
5463
132
251
14
613
283
62
4
502
0
313
8
2980
47
1
0
580
564
549
74
0
0
596
0
58
285
120
50
0
1
11
12
1
58
26
1
138
9
1290
63
10062
27
1
0
733
1
2
0
9
0
0
0
2193
71
0
4934
0
0
0
576
0
11845
23
11
2224
617
319768
4124
4
13848
3115
11
2857
101
621
855
49
45
4094
2278
2101
151
37
1
0
0
84
99
120
0
37
260
97
0
6613
8250
66
22
0
2
0
27
1
15901
4
179
239
2
0
0
0
7
6
36
557
2
0
0
0
2935
0
7309
0
0
0
0
0
0
0
0
1
0
0
0
202
0
0
0
0
423
0
0
0
0
0
0
0
0
235
0
0
0
0
0
0
60
0
0
0
0
0
0
0
184
0
0
0
0
0
0
0
0
0
278
1724
0
0
2
0
0
1344
0
178
1
3
1
3
0
2912
269
5
39
3495
1
3
293
10
1
13
97072
282
7
0
32
0
277
135
96
104
187
0
14
222
72
6283
0
298
207
2
120
291402
0
210554
31
215
780
0
154
87
4
40
269
171
1591
1030
170
3
9
151
11
15
0
29
126
0
276
13046
0
54
2
28
0
0
0
6
79
30
4
40
2
0
0
0
182
0
9
0
90
1
484
297
246
1808
133
0
6256
271
1901
5
669
2097
1
0
6401
30
1132
87
853
239
120
0
2
849
1003
2267
160
56
146
203
4
8
445
34
0
894
17
5393
1109
43
7
0
165
59
8
336
0
22
4
0
1767
1
1
0
7
16
4391
0
18
5
44
0
297
0
234
2
173
3
638
0
0
1450
94
239
63
2708
1074
24
1
0
562
1950
2
40
128
2
0
608
463
7
200
0
3382
0
229
0
56
1048
104
160
1002
1087
0
90
1
194
0
0
0
93
2
0
0
0
394
190
1
506
366
2581
0
0
141
0
0
22
2
36
311
10
556
1
69
97373
217
10
0
22
2
0
0
0
671
0
86
0
0
0
0
1373
1177
1
0
0
0
0
0
0
129
33
0
14554
306
148
0
27
6
272
277
187897
85
19
0
273
0
0
0
0
201
373
0
0
0
0
0
0
0
0
256
0
0
6
25
663
37
19615
12
478
9239
368
565
462
6
14
4
2848
2
0
791
2
6
1628
9
121
0
0
26
10
2
126
0
0
42
413
33
1454
4438
0
1
0
527
19
4569
601
128
111
7590
29
310
304
775
76
0
1042
0
0
25
525
221
46
0
9
1
0
0
0
1
0
0
0
0
150
9
0
11010
0
12
161
778
1085
16
50
159
746
16
23
0
0
0
186
65
10
15
137
0
1203
2
738
4389
1060
8
782
0
164
2773
26
106
122
13
622
818
1
81
25
0
2347
0
25
0
4
2
12421
51
21
1
3966
152
6245
7
15
0
8704
769
2056
1
42264
3
4
0
0
2
0
397
29
292
6109
223
1966
433
408
620
1
0
14099
8079
87
0
1234
259
0
192527
0
924
10
5
2378
15916
35
86
676
37
31
0
38
1
0
29
0
3503
4
473
37
0
102
4
55
0
402
0
0
0
3312
0
0
0
0
1017
167
4
0
37
80
3
277
16
1859
49
0
25
933
7
0
0
2
18
2
3
0
324
0
0
0
0
20
126
155
0
1
0
0
513
0
65
623
289
2
0
1518
471
1531
303
51260
11
11
0
0
3
6476
42817
4
0
4
404
3450
1389
0
2427
229
2
76
4
0
106
5012
0
19
184
2228
0
35
1159
0
0
25
0
763
0
3970
1
11994
10
22717
4
684
1300
0
0
7
129
2
4966
301
828
650
420
5301
4
6027
24
25
35
26
5855
0
1066
0
2076
275
637
56
50
4
4
522
4780
210
0
0
0
358
3833
606
210
44
1147
0
0
0
0
0
0
0
0
117
0
0
154
402
63
138
5
0
71
181
1806
3012
40
249
1404
26
1188
131
261
259
359
86
18
806
22896
2798
36
711
5
1
1
1053
35
12746
59
710
62
746
21
0
100
2
969
3430
0
154
0
5519
26
0
63
16
3149
370
8
116
416
17
1
1198
9197
1
31
1
2
0
0
1
1685
2
962
0
15
1130
14
2
18
1264
1127
18
108
5
9998
27
0
0
0
3033
859
110
155
0
503
2
169
311
13
0
247
7
0
0
46581
1
1716
39
1
0
17
0
4292
0
28
3464
1
14
1177
898
675
140
177
899
0
3204
4
0
3
0
581
24
20
8657
146
0
584
531
51
356
51
3
33
0
344
7
23
11
0
115
0
54
0
27
533
4
25
191
7459
259
268
1281
581
374
11
453
352
54
0
4
0
39
26
569
5
9
64
38
10
2423
2874
4627
1093
0
6
64
26
281884
3
47
18
41
0
5395
4733
2969
7793
2043
80637
104
46
0
0
3
78
3102
25
1080
40670
1
3197
0
58
0
141
69
3429
3
64
1
3248
1566
28
633
0
21
0
77
0
46
0
0
44
434
4
0
53
1332
39
14
1
611
75
439
6
1
21
67
1
1
547
4
5
0
36
6
0
354
44
8
554
4
0
5
41
81
54
0
65
130
0
33390
51
0
103
0
10
21
260
159
0
68
0
80
864
0
1102
0
0
0
0
55
35
8
51
1607
904
130
399
137
12519
10
824
12
58
124
1886
6862
100
546
662
62
436
4
309
261
0
477
6
315
88
0
749
112
255
0
13173
12227
172
714
6
47696
1
0
666
0
15
1
0
0
0
0
0
0
0
0
49
28
57
6941
195
136
2994
0
145
36
0
928
8
153
58
0
25
922
2862
2421
51
344
83316
0
0
21
0
0
17
211
394
2
0
2
20
287
8
36
21
2
0
434
2
17
0
0
0
0
0
0
0
0
694
0
20
2
0
25
5
0
0
7
0
7289
5504
4398
777
300
34
0
2
0
243
594
149
15
0
0
153
802
0
0
523
3
0
1099
1407
87
1
218
0
150
197
16875
432
0
1
1
485
0
7
0
2
0
0
0
0
231
17070
129
0
0
0
567
0
2
2
48
32
3
78
282
24
176
0
0
0
0
0
0
0
0
0
0
0
0
0
0
0
0
0
0
0
0
0
0
0
0
0
0
0
0
0
0
0
0
0
0
0
0
2593
302
41
9
9836
56
87
0
0
6
140
367
377
1651
43
0
178
0
91
141
11
125
83
853
415
254
4
5814
0
3550
781
1001
0
0
0
0
403
23
232
0
25
6
7
1118
0
14
3
8
0
1
4
0
0
0
68
0
0
0
0
0
13
2
120
4
0
0
0
108
49
20
0
10
4
0
0
85
234
67
351
20
3811
5419
1915
27112
65
0
0
0
0
0
165
16
162
33
12
177
48
9
20578
437
5
1903
1293
0
395
248
48
104
0
0
46
388
57
28
142
314
173
21
50
0
1
1
0
5187
41594
19
1893
38564
4655
60
0
0
25467
526
1
57
4998
536
225
13
4609
5
0
19
1031
4835
6
721
1013
101
290
212
3178
0
1
743
51
95
1
119
50
228
0
59
192
125
41444
164
58
482
464
0
0
2575
0
14
14
123
15915
4140
121
2
8
70
291
4
317
5717
1
0
0
6
4
4
0
315
14
155
10
0
0
11
3
0
64
93
542
4
2
955
2904
488
0
1942
591
256
177
105833
38999
0
7
360
185
21601
3472
0
0
459
1542
0
2699
8
90
5
29
75
37
0
335
58
0
1128
2848
38
0
0
0
0
0
76
2214
10
1769
23572
101
6926
0
5559
16
422
46
431
640
0
0
1
0
0
0
0
0
0
0
0
0
0
0
0
0
0
0
1
0
0
0
0
0
0
0
0
0
0
0
0
0
255
0
0
0
1
1
0
9
0
0
0
1
0
0
2
0
0
0
0
0
0
0
0
0
0
0
0
2
0
0
0
0
1
0
0
0
0
0
0
0
0
0
0
0
0
0
0
0
0
0
0
0
0
0
0
0
0
0
0
1
0
0
0
0
0
0
0
0
0
0
0
0
0
0
1
0
0
0
0
1
0
0
0
0
0
0
0
0
0
0
0
0
0
0
1
0
0
0
0
0
0
0
0
0
0
0
0
5
0
0
0
0
0
0
5
0
0
0
0
0
0
0
0
0
0
0
0
0
0
2
0
0
0
0
0
0
0
0
0
0
0
0
0
0
0
0
3
0
0
0
0
0
0
0
0
2
1
0
0
0
0
0
0
0
0
0
0
1
0
0
0
0
0
0
0
1
0
0
0
0
0
0
0
0
0
0
0
0
0
0
0
0
0
0
1
0
0
0
0
0
0
0
0
0
0
0
0
10
0
0
0
0
0
0
0
0
0
0
0
0
0
0
0
0
0
0
0
0
0
0
0
0
0
0
0
4
0
0
0
0
0
0
1
0
0
0
12
0
0
0
0
0
0
0
0
0
0
0
45
4
0
0
0
0
0
0
0
0
0
0
0
0
0
0
0
0
0
14
0
0
0
0
0
0
0
1
0
0
0
0
0
0
9
0
1
0
0
0
0
0
3
0
0
0
0
30
0
0
0
24
0
0
0
0
0
0
0
0
0
0
1
0
0
0
0
0
0
0
0
4
0
0
0
0
0
0
25
1
185
0
0
0
0
0
0
0
1
0
0
4
2
0
0
0
0
0
0
33
13
0
0
0
0
0
4
0
0
1
0
0
1
52
39
0
9
86
8
0
0
0
0
0
0
0
0
0
2
0
0
0
0
0
284
0
0
0
7
0
435
0
0
0
0
0
26
0
1
0
31
0
0
0
0
0
157
7656
102
0
198
2
0
0
0
0
7
22
0
31
0
0
0
0
1
0
33
67
0
91
34
6633
0
29770
0
0
22
0
0
1
1047
0
0
1
0
161
8
0
0
0
0
0
0
6
0
0
20
0
0
0
21
0
0
0
1
0
0
55
471
0
0
45
0
0
0
1
0
0
0
4
0
0
0
0
0
0
0
2
0
0
0
0
0
9
702
0
0
0
0
0
0
1
0
0
0
0
0
3
95
0
0
1
0
0
0
0
0
229
0
0
2
0
3
0
0
0
0
0
2
0
0
0
4
0
0
0
0
0
0
0
0
0
0
1
0
0
0
0
0
1
1174
0
0
7
2
6
43
0
0
0
0
3
0
0
0
0
0
0
8
0
15
40
75
14
0
0
1
622
1263
85
124
206
266
53
289
4
2088
2415
172
6846
0
7968
79151
156
22
4
4541
272
0
12
2
0
857
308
225
0
2685
41
176
53
61
93
415
27328
30
2119
0
0
614
2554
0
236
1269
0
408
54
0
4
3991
716
4
703
1756
22
54
0
1434
94
719
1825
313
1
0
0
210
0
33
10
3535
5343
2388
289
1264
0
3
70
0
0
4
6059
603
2098
479
0
40
187
615
3
491
13085
0
0
48463
109
0
0
0
0
227
8
33
0
1356
56
60
26
60
27
10
1106
7
23
487
2030
5
1
1029
194
2004
8
391
5218
21272
0
70
384
0
978
29882
321
732
1191
177
0
0
9
792
334
18
155323
48
3626
0
0
57
0
631
11641
71
9631
0
0
155
582
0
5890
17
2
37
839
48
3
127
2203
35
240
167
479
692
327
213
260
84
323
1228
190
0
4336
707
36
174
148
551
9
479
133
598
146
203
3319
154
231
1
2792
0
0
334
8673
905
90
515
1
54
120781
715
104
0
95
61
8
68
2881
0
1
193
0
0
254
681
0
5
8
1
103
580
149
0
151
696
10029
830
69
730
0
1
4370
7440
0
1
202
43648
448
0
0
1
0
1716
67
1548
113
888
0
32550
1940
3
5145
0
8
8
8430
1
18
187
121536
130
68
0
513
351
229
54
35
8
0
1
0
0
1420
362
250
3674
0
379
11
881
0
0
1
25
1514
43
317
173
0
321
27
270
4194
66
59
8
0
0
149
2231
68
0
0
0
0
0
0
0
0
0
1
0
0
0
0
0
0
887
48
87
40
43
67
1
4188
0
0
0
0
0
1
1656
0
0
1
3769
10
1621
1781
711
12
35
1
1
10
61
7705
3
133
0
0
0
0
0
0
3
16
0
0
167
454
10
546
0
1698
1
480
8017
1243
2
10
9905
33
26
32
4363
78
7
3836
86
25
2
84
249
45
703
104
370
64
4
84
12
2232
28
6
2
56
260
4179
0
96
4
317
1851
0
2226
5
929
0
0
5
275
0
877
38
70
568
6
27
224
12
970
0
3070
232
408
205
157
553
240
20927
545
289
886
0
251
55
78
491
45
33
744
143
410
1716
841
39
358
195
26253
18
22
1
706
3565
125
1
601
0
19
0
0
1055
26
0
637
260
3
0
56
7
0
88
10450
18
1
2749
133
6674
588
33
30
8671
423
0
67
7
0
12
4
104
6
0
23
1008
1482
17
267
1
624
569
2680
11
0
19
23
2473
108
0
29
181
2975
41
298
0
86
0
46
20
1271
0
0
1110
987
3
1544
1
0
1
0
1913
152
10
41
0
990
64
13205
8978
0
0
0
0
0
0
0
0
0
0
0
0
0
0
0
0
0
0
0
23
6
1
246661
75
17
42
138
109
424
1375
202
15
5
1
50
869
1558
0
0
992
0
0
11
48
0
0
0
0
7
254
0
514
473
0
0
15
0
0
31373
4331
14070
4
6418
1138
1950
1082
253
31
3
2
790
247
94
913
0
1045
1146
0
584
168
343
0
1
0
0
0
0
0
0
0
0
0
0
0
0
43
0
0
0
0
0
0
0
0
0
0
0
0
0
0
0
0
0
0
0
0
0
0
0
0
0
2
0
0
0
0
1
0
0
0
0
0
0
0
5
13
0
0
0
0
0
2
0
0
121
4
0
0
0
0
1
0
0
0
0
29
0
1
0
0
0
0
0
0
0
0
9
0
0
26
55
0
61
63
2
0
1
0
0
0
0
0
1
0
0
0
0
0
0
0
3
7
0
0
0
0
0
0
2
5
0
0
0
0
1
0
0
0
0
0
0
0
0
0
0
0
0
0
0
0
1
1
0
0
2
0
0
0
0
0
2
0
0
0
0
0
0
0
0
0
0
0
0
1
1
0
5
0
14
0
0
0
0
0
0
0
1
0
0
0
1
0
1
0
0
0
0
0
0
0
0
9
0
0
0
3
0
0
0
0
0
0
2
0
0
0
4
0
0
0
0
0
1
0
2
0
0
0
23
0
0
0
0
0
0
0
0
0
0
0
0
0
0
0
0
0
1
0
1
0
0
0
0
0
0
0
1
0
0
0
0
0
0
0
0
3
0
0
0
0
0
0
0
0
0
0
0
2634
7
3
0
28
0
0
0
0
3
0
0
0
0
0
0
0
0
0
0
0
0
0
0
0
0
0
0
0
0
0
2
0
0
0
0
0
0
0
0
0
0
0
1
0
0
0
0
0
0
0
0
1
0
1
0
0
0
0
0
0
0
0
0
0
0
0
1
5
0
0
0
0
0
0
0
0
34
0
0
1
0
0
0
0
0
0
36
0
0
0
4
0
0
0
0
2
0
1
0
0
0
0
0
0
0
0
0
0
0
0
0
0
1
0
0
0
0
1
0
0
0
0
0
0
0
2
0
0
0
0
0
0
0
0
1
0
7
0
0
0
0
31
0
0
0
0
0
0
0
0
0
0
0
0
0
0
0
0
0
0
0
0
0
0
0
0
0
0
7
0
0
0
0
0
0
0
0
0
1
0
0
0
0
0
1
1
0
233
0
0
0
0
1037
0
0
32
0
0
0
0
0
0
0
1
0
0
0
0
0
0
0
0
635
0
0
77
0
0
0
97
871
1
0
0
1
2
0
0
0
0
0
420
0
44
5
0
411
0
486
49
0
18
0
1
0
119
154
0
0
1
0
2977
2
1
0
0
2
83
0
0
0
0
286
0
0
0
0
0
0
0
1
0
1
0
0
0
0
0
0
0
7
0
0
0
0
0
0
12
0
0
0
1
0
0
0
0
2
0
0
0
3
0
0
90
0
69
3
153
0
12020
2
14
11
3674
0
0
324
0
136
1
0
23
296
2972
1172
45
0
17
0
3
945
1
3
0
0
0
0
1
229
98
0
0
0
0
0
0
0
0
0
0
0
0
0
0
0
4291
0
0
0
0
0
0
0
0
0
0
0
0
0
0
3289
0
8
0
0
11
0
0
0
0
0
0
0
0
0
0
235
0
0
71
20452
208
1664
5
28
0
25
340
1255
1205
27
4
2
1
0
0
0
0
0
0
0
923
0
0
0
0
3
177
0
326
1969
3
687
263
0
3096
919
0
0
0
0
1919
48
4
1
35575
19
0
4139
0
198
0
1
6
29241
99
398
1196
0
0
157
730
0
457
0
2
285
369
11
2534
1
38
3
3
1372
1776
3288
1
25
642
2339
0
414
6743
530
213
0
0
1515
561
293
3606
126
214
49
7
1294
368
1
7
124
2
295
11
28
0
2653
0
2
8
0
0
5070
2
0
31
0
98
0
1053
0
0
0
0
0
4458
0
71
6
65
204
0
0
260
0
0
2625
70
0
0
770
0
5659
642
0
36
49
0
1
0
0
19
133
0
1
0
37
0
58
2572
719
212
7
766
1
0
71
55
0
0
1001
1
2
894
85
734
4418
0
940
1738
423
627
4
81
133
1
98
0
4
8
0
1324
25
5
1
11
0
0
0
252
0
0
408
154
396
15
1758
2
19
245
0
4
0
6
4588
1
92
4608
2888
696
4
1724
3958
226
177
605
849
0
289
0
145
0
78
51
505
82
243
673
85
303
834
221
997
3901
0
10284
462
60
3501
12
2893
0
3205
526
1979
1
1
2
110
1339
0
2807
78
0
14
10577
59
627
223
0
0
0
208
2730
40
0
0
0
1
117
6397
5
7
46
332
310
4
44
45
640
0
0
95
0
350
2101
28
0
548
168
2
542
14852
37
117
679
194
898
9
0
1200
557
0
43
2699
1248
0
1307
14
0
266
4649
6
347
0
0
34
0
59
14
75
259
83
86
296
7415
6271
4
378
461
34
57
6228
9
125
560
167
5059
94605
6255
3957
2348
0
0
931
1
2
158
190
0
0
2
2225
106
0
0
289
840
26600
3065
479
550
167
868
35
67
446
1582
4
222493
148
8059
7495
176
1581
1979
0
0
20
236
37597
1
1199
17
0
27
1957
3550
5
6
968
0
653
245
298
0
2
19
145
611
0
43
52
317
14
88
24
13
1
0
241
1295
5
55
4683
159
24
2776
920
5
51
704
2418
0
651
0
0
61
14
123
215
9
1814
47
37223
0
0
0
257
0
140
74
278
5
88
5
3201
708
0
0
0
10
3255
621
0
299
23
6829
67
0
11817
1032
748
32150
6
349
86
69
35
406
0
0
851
21682
18
87
2403
150
0
837
0
0
0
0
0
0
3
20
108
4
2
46
27
88
272
1
0
25
438
14
46
1385
21
0
240
1651
0
0
0
0
12
0
0
0
222
0
0
1
0
0
0
0
0
0
0
26
0
0
0
0
0
0
0
0
0
0
0
0
0
0
0
0
0
0
0
20
678
0
0
0
0
0
0
0
0
0
0
0
0
0
0
1
0
0
4529
0
0
0
0
1046
255
0
0
143
789
50
10
0
70
478
4949
2
32
0
0
0
754
3
61
293
290
85
332
0
0
0
0
0
0
0
0
65763
0
0
0
36177
5
1995
145
22
3
5
0
9
36
3
30
0
0
0
0
1
2897
365
3311
0
0
1208
488
21
138
1
4
4
25
6
18
32
6
1
165
54
26
39
125
69
14
20
14
0
0
0
0
1150
5695
1284
0
0
0
0
0
286
2623
0
44
114
1
35
34
159
15
0
0
0
65
99
6
71
0
0
0
0
181
0
1154
0
0
0
0
0
0
0
2
0
94
18
469
49
2
3595
3743
1418
116
394
0
78
696
8492
0
0
0
0
0
45
0
0
0
0
48
0
775
142
11880
0
0
0
0
0
0
0
0
0
1
9
0
0
0
0
0
0
1
0
0
0
0
0
0
0
0
0
0
0
0
0
0
0
0
0
0
0
0
0
0
0
1
0
0
1
0
0
0
0
0
1
0
0
0
3
10
43
0
2
0
60
15
0
0
0
0
0
0
0
0
0
0
0
0
0
0
0
0
0
0
0
0
0
0
0
0
0
0
0
0
2
0
0
4
0
0
0
0
0
0
0
0
0
0
0
0
0
0
0
0
0
0
0
1
0
0
3
0
0
0
0
0
0
1
0
0
0
0
0
0
1
0
0
0
0
0
0
0
0
0
0
0
0
0
0
0
0
0
0
0
0
0
0
3
161
0
0
0
0
0
0
0
0
0
0
0
0
0
0
0
0
0
0
0
0
9
0
0
0
0
0
0
0
0
0
0
0
0
0
0
0
0
0
0
0
0
0
0
0
0
0
0
0
0
0
53
0
21
0
1
10
0
0
0
0
0
0
0
0
0
0
0
0
0
0
0
0
0
0
0
0
0
0
1
0
0
0
0
0
0
0
0
0
0
37
258
0
0
0
0
0
0
0
0
0
0
0
1
0
0
0
0
0
0
0
0
0
0
2
0
0
0
0
0
0
0
3
0
0
0
0
0
0
0
0
0
0
0
0
0
1
0
0
0
0
0
0
0
0
0
2
0
0
0
0
1
0
0
2
0
3
0
0
0
0
0
1
0
0
0
0
0
0
0
0
0
0
1
0
0
0
2
0
0
0
0
0
0
0
0
0
0
0
0
0
0
0
0
0
0
0
0
0
0
0
0
0
0
0
0
0
0
1
1
0
0
0
2
0
0
0
12
0
0
0
0
0
0
0
0
1
0
0
0
0
0
0
0
0
0
0
0
0
0
0
0
0
0
2
0
0
0
0
0
0
0
0
0
0
0
0
0
0
0
0
0
0
1
0
0
0
0
0
0
0
0
1
0
0
0
0
0
6
1
0
0
0
0
0
0
0
0
0
0
0
0
0
0
2
1
0
0
0
1
35
0
5
0
0
0
0
0
0
0
0
0
0
0
0
0
0
0
0
0
0
0
1
0
0
0
0
0
7
0
17
0
0
0
0
0
0
0
0
0
0
0
0
0
0
0
2
0
0
0
6
11
0
0
1
0
0
0
1
335
0
1
7
296
0
0
1791
5
0
0
15
0
0
2
1
0
0
0
1
406
1
89
0
32
0
0
0
0
0
11
45
0
30
0
150
0
0
0
0
0
2
0
1
0
22
0
48
5
179
685
0
0
0
1139
0
0
145
6
0
52
0
0
0
0
0
0
20
0
0
0
0
0
0
0
0
0
0
0
0
190
0
1
0
0
0
0
0
0
0
0
14
0
0
0
0
1
0
0
1
0
0
0
0
6
0
1
0
0
3
0
0
76
0
39
0
0
0
0
0
0
11
0
53
0
2
0
0
0
0
0
0
0
0
0
10
0
0
1
0
0
0
0
0
2
0
0
0
76
0
0
0
0
7
0
0
0
0
0
0
2213
719
993
155
48
1282
183
110
613
1232
3
429
5607
195
44
0
169
0
8
114
32
607
169
353
429
27
1497
1114
22341
6
536
0
0
833
4
0
3
0
44
36
133
438
690
2
384
0
2767
108
181
377
59
1229
0
16
34
0
161
1
420
0
1806
1372
0
5748
591
0
564
68
0
0
344
10
2638
3644
326
36
1222
791
1685
17
0
0
0
8
3
5386
5
0
186
0
34
12
0
321
970
102
96
0
1
51
0
8
0
4
356
89
79
0
0
471
954
0
3
0
5815
0
5
16
2216
0
98
39
119
1963
1
4
0
0
1
1
0
0
474
864
2665
537
482
4
0
68
266
18
133
48
403
1386
943
17
522
127
409
0
388
0
1
184
314
3701
4
3032
0
0
16
0
13
467
621
2287
209
0
54
1253
740
0
8
24
0
23693
1567
2541
1185
272
3
13
2
588
6
252
750
842
48
0
0
61
13
28
97
1
4
0
0
36
0
0
0
0
0
35
567
2337
59
24
305
4
51
4
0
98
512
3
7
39
223
1
26
7
0
0
1489
2
120
137
4
3
31
540
7
4
1534
34
11288
148
1530
7
0
4028
50
1
37
107
5
1397
501
0
70
106
16
0
1
7
1713
416
0
0
0
0
0
0
0
0
0
0
0
0
0
0
0
0
0
0
0
0
0
0
0
66
17408
1156
92
3626
0
0
0
1014
0
87
0
0
2
0
307
0
0
9970
2962
26426
4713
702
0
99
1
281
10
148
1350
9303
212
65
1
0
1
6932
4
0
0
25
136
17
369794
1964
0
1090
68
2031
28
1494
48
883
771
2
13
14
2033
119
926
6132
245
69
0
0
11
92
1
0
344
457
529
116
26
218
2
11857
0
744
170
376
37
74
0
0
0
820
882
892
0
0
8696
335
255
12192
13308
390
19
5
93
3
20
10
375
2
1008
972
32
2784
3
11601
39
0
538
0
14
1588
273
4768
644
255
9
1826
280
320
1994
3
0
0
0
0
0
0
305
0
394
50
0
0
0
203
1501
0
0
0
0
0
17
1
95
1
0
2843
1
1577
2
0
23252
631
0
45
0
0
2
0
0
1834
0
11
0
37476
1
127
0
84
1564
0
22
2
170
0
10
0
1104
40
0
0
2123
0
0
0
0
0
3870
105
10
111
1765
8
0
0
4717
32
3
0
124
89
10
188
0
0
1623
323
23
137
0
486
9669
25
37
192
3727
219
0
16823
485
626
10276
1370
169
641
720
190
30
300
653
1462
0
45
90
37
1
2005
11078
122
393
0
1282
566
325
0
0
0
122
17
36
30
0
16
39
0
0
0
0
0
0
0
12
0
0
0
0
0
0
0
0
14
859
47
7319
275
213
237
7718
51
12
19
9689
244
8
0
0
1626
0
185
0
0
23059
132
15109
0
0
41
0
1
0
5
1014
631
34
111
0
0
178
25
0
0
0
6
19
0
54
0
0
0
0
0
0
0
0
0
2
11
41
0
0
0
0
0
0
0
15
1
33
38
23
3
913
73
0
13
850
252
343
365351
0
0
0
0
0
0
516
0
3259
118
0
9271
1447
215
13
1
0
0
0
0
0
154
1745
10
158
0
0
1
0
0
286
437
0
0
0
0
0
0
0
0
0
0
0
0
0
0
94
1
0
41
8894
0
50
13130
3
1
0
17
5
88
16
77
1
909
242
26
0
188
9
202
1
0
0
0
2
0
0
2
1
0
0
0
0
0
0
20
13
552
73
16
0
33722
557
3
3202
96
117
1676
0
0
0
0
0
0
0
0
0
0
0
0
0
15
42
44
29
0
0
0
6
0
0
0
0
0
0
8
13
0
0
0
0
0
0
0
0
0
0
59
0
20
21
0
0
0
0
0
0
0
0
0
0
0
0
0
0
0
0
0
31
19
0
0
0
0
0
0
0
0
0
0
0
100
947
14
14
6
2
0
0
7
0
0
0
0
25
0
0
0
0
1
0
0
6
1
0
0
0
0
0
0
0
0
0
0
0
0
0
0
0
0
0
0
0
0
0
20
0
0
0
0
0
1
0
26
0
0
0
0
0
0
0
0
0
0
0
0
0
0
0
0
0
0
0
0
0
1
1
0
4
0
7
0
0
0
0
0
0
0
0
1
1
0
0
0
0
0
2
2
0
0
3
0
0
1
0
0
0
0
0
0
0
0
0
0
0
0
0
0
0
0
0
0
12
0
0
0
0
0
0
5
0
3
0
0
2
0
0
0
1
0
0
0
0
0
0
0
0
0
0
0
0
0
0
0
0
0
0
1
0
5
0
0
0
0
0
0
0
0
0
0
0
0
0
0
0
0
0
0
0
0
0
0
0
0
0
0
0
0
0
0
0
0
0
0
0
1
0
0
0
0
27
0
0
0
0
0
0
0
0
0
0
2
0
0
0
6
0
4
1
10
0
0
0
0
0
0
0
0
0
0
0
0
0
0
0
1
0
1
0
0
0
0
0
0
0
3
0
0
0
0
0
0
0
0
0
0
0
0
0
0
0
2
0
0
0
0
0
0
0
0
0
0
0
0
0
0
0
0
0
0
36
4
0
0
0
0
0
0
0
0
0
0
0
0
0
0
0
0
0
0
0
0
0
0
0
0
0
0
0
0
0
0
2
0
0
0
0
0
0
0
0
1
0
0
0
0
0
0
2
0
0
0
0
0
0
0
0
0
0
0
0
0
0
0
0
0
0
0
0
0
0
0
0
0
0
0
0
0
0
0
0
0
0
0
0
22
0
0
0
0
0
0
0
2
0
0
0
0
0
0
0
229
0
0
0
0
0
1
0
0
3
43
0
2
0
124
0
0
0
2
0
50
2
0
5
2
0
3
0
0
0
6
0
14
29
0
0
5
0
0
0
33
0
0
0
0
0
105
0
2
0
11
0
0
0
0
0
0
0
0
0
0
0
0
0
0
0
2
0
0
0
0
0
0
0
0
0
0
0
0
0
0
0
0
0
0
1
0
0
0
0
0
1
0
0
0
0
0
0
0
0
0
2
3
0
0
0
0
1
0
0
0
0
0
0
0
0
5
0
0
0
0
0
0
0
0
88
45
0
7662
0
0
300078
138
254
292
4
1
421
0
29
17955
0
0
0
318
39
20
358
291
0
103
255
11
901
0
36
0
33697
1
22030
0
43
0
3
0
0
98
0
6
6
44
0
2744
46849
0
272
8218
0
57
2301
453
233
493
487
3460
12
6
0
24
1
0
46
21
212
442
0
135
91
1
0
455
0
0
8
146
0
1964
954
840
14
21
45
115
581
1706
8366
187
1596
366
59
141
0
27
6555
27
3
21
0
12
39
7
6
141
42
19
16
2718
147
26995
0
99
1
2
0
19
0
0
36
3337
43
727
614
626
143
0
156
238
696
0
413
0
1
100
19
202
0
0
29
37
2
0
13
863
3251
12
23
20
24107
1562
25
6249
1
4289
47
103
0
4
203
0
53
87
182
116
94
198
0
95
3630
66
888
116
5
19
72
28
214
55
338
352
0
1152
17
317
1066
1810
145
1
1628
77
3391
5
13
208
337
254
280
0
0
16
49
1017
2094
1
0
9
0
0
2
16
0
1306
1383
222
11
1842
35
6
46
0
144
2
66
0
1015
384
10
50
0
392
40454
323
0
27
0
0
183
216
19
0
174
0
3
4
0
36
1
3
0
10089
17
0
0
14
0
0
0
0
0
0
16
1
15783
96749
0
82
218
0
39
752
0
0
12
0
0
0
0
431
0
297
6
47
373
817
101036
3
0
79
18006
0
124
151
342
141
191
207
0
105
8171
606
26692
5624
8059
350
36
1058
79
104
23
825
4
2500
1
3764
0
6
302
2599
1839
2688
862
1758
5737
5
1
1
3514
14
698
0
1
114
0
142
13
38
238
0
220
237
43910
2284
3
1
134
0
64
1
89
596
0
0
0
0
0
51
42251
884
2521
22
0
536
1918
365
72
193
17
7
0
4
3
123
221
1076
798
3
28
10943
2575
13
1244
0
994
60
5072
54
2
123
0
0
1
1373
861
350
0
1493
608
522
0
0
11747
0
340
0
0
0
0
0
0
0
0
0
0
0
0
599
348
120
15928
4
8689
3
4
0
0
0
0
0
0
0
0
2
0
72
93
0
4
0
0
1
0
0
1
1
1
4
3328
16
279
9
0
730
155
274
7
74
179
0
669
0
0
60
16622
115
88
26637
3
1088
0
0
1
33
0
22
29039
0
4
2601
21
251
642
597
0
4
24
0
150
2388
4
0
1
0
1834
157
221
73
0
146
3264
17
0
47476
677
516
1231
1755
202
58
22
204
1557
75
94
866
0
834
253
1170
0
51
198
447
12547
0
7
0
4
138
78
0
0
1174
31
0
0
31
0
198
18245
0
58
2559
7
7
0
16
0
7
571
1324
96
0
72
173
1
93
0
23
392
583
1789
16161
2433
205
16
43
0
0
3444
12
189
1359
37
58
0
0
165
1949
42
24
51
57
0
0
0
0
0
0
0
0
0
1
3
131
144
547
0
0
0
0
0
0
0
0
42
0
2
1
0
0
0
2
4
0
90
755
345
33
0
0
0
0
0
1
1
0
0
877
34
104
168
33
0
20
19
16
9
12
206919
664
80
588
17483
5
283
0
749
937
36
57
317
3
0
4222
22
2420
2654
6
16576
256
30
0
40
163
249
71
23
10
3
130
203
2
188686
85
640
65
30
6
2
352
357
117
0
380
1331
20
18
260
136
0
0
0
114
390
99
0
81
211
0
2040
8
32
615
0
0
12
2
15
3
36
9
4
5
129
0
15
36
2556
281
0
0
0
0
0
0
56
153
20
579
91
34
1
6
8
0
0
61
0
0
0
181
119
12
7
43
0
0
1
0
0
0
6
102
7572
14
717
161
0
0
0
2
112
66524
4306
1446
0
71
1
169
4707
300
0
109
42
3
47
54588
7946
0
1
1
0
0
0
0
21
0
0
0
0
0
0
0
0
0
0
62
0
0
0
20
0
0
0
0
0
0
0
0
0
0
0
0
0
0
0
0
0
10
2
0
59
0
1
0
0
0
0
111
0
0
0
0
0
0
0
0
0
0
0
0
0
0
0
0
0
0
0
0
0
0
0
0
0
0
0
3
0
0
0
0
0
0
0
0
0
0
0
0
0
0
1
0
0
0
0
0
10
0
2
0
0
0
0
0
0
7
1
0
0
0
12
0
2
0
0
1
11
0
0
0
0
14
0
0
0
0
0
0
0
0
1
0
0
0
0
0
0
0
0
0
0
0
0
0
0
0
0
0
0
0
0
0
0
0
0
0
0
0
0
0
0
0
1
0
0
0
0
0
0
0
0
0
0
0
0
6
5
0
0
0
0
0
0
0
4
0
0
0
0
0
0
0
0
0
0
0
0
0
0
0
0
3
0
0
0
0
0
0
8
0
0
0
0
0
0
0
0
1
0
0
0
0
2
0
0
0
0
0
0
0
0
0
0
0
0
0
0
0
0
0
0
0
2
0
0
1
3
0
6
1
0
0
0
0
0
0
1
0
0
0
0
0
0
0
0
0
0
0
0
0
0
0
0
0
0
0
0
0
1989
0
0
0
0
1
0
0
0
0
0
0
2
0
0
0
0
0
0
0
0
0
1
0
0
0
0
76
0
0
0
1
0
0
0
1
0
0
0
15
0
0
28
59
0
0
0
0
0
0
11
0
0
0
0
0
0
0
0
0
0
2
0
0
41
203
0
0
0
0
0
0
0
0
0
2
0
0
127
0
0
0
0
0
0
0
0
0
0
0
0
0
0
0
0
0
0
0
0
0
0
0
13
0
0
0
0
0
0
0
0
0
0
0
0
0
0
0
0
0
63
23
0
0
0
0
0
0
0
0
0
0
0
0
24
0
2
0
0
0
0
0
2
0
0
0
2
0
0
0
0
0
0
5
0
2
0
0
0
0
0
3
1
0
0
0
0
2
0
0
0
1088
71
2
6115
559
466
20
475
19
11122
149
493
11423
260
588
53
0
108
1
111
3
4602
29
1627
15145
21
572
488
731
1406
1
847
0
359
0
2429
1
190
155
8
625
1020
6
335
1421
124
110
23
279
1742
845
670
1002
1
443
25
23497
62
1014
0
48
41
1
3
367
0
70
25
0
0
361
0
56
3137
38
163
7434
1897
0
1209
0
1
0
0
0
19
1332
142
184
11
0
0
515
0
3
0
2
0
0
0
0
1441
3836
9140
620
13
0
1712
2
398
0
392
0
8
19
2947
304
2455
2528
854
0
0
0
13
0
3866
505
1249
0
78
29
34
14
420
156327
277
357
917
55
74
1
0
4
1
2344
34
0
0
55
125
0
222
0
490
8
4
0
22
2
424
0
2
1
0
1930
1259
513
1
2113
5
0
66627
106
48
388
168
0
0
10
134
0
147
0
0
0
0
0
0
0
0
0
0
0
0
0
0
0
0
0
0
0
0
0
0
0
0
0
0
0
0
0
56
56
5
111
74
66
3142
44
1
5407
129
66
1829
0
56
81
0
0
0
0
0
0
791
0
0
0
121
107
0
2224
37
64
1
0
206
8
0
381
574
1040
0
2556
154
27
3
921
43
357
0
0
3
5389
0
0
0
2041
1105
165
1689
3822
0
236
41
157
50
485
0
329
436
225
7
1295
55
84
39
1395
27
0
410
0
8
38
8018
16
28
27
1919
1095
42
3235
36515
0
351
83
0
0
0
0
0
0
0
0
0
0
0
0
0
0
0
0
0
0
0
0
0
0
0
0
0
0
0
0
0
0
0
0
0
0
0
0
127
0
6
42
95
6
109
2557
8
184
1
3903
2578
20
5772
6
43
44
1984
73
42
967
0
102
2
13
0
189
12
3502
6006
45
0
42
325
34
397
0
0
129
1481
466
28
5
6667
0
0
82
28
8
112
41
0
515
929
182
4081
0
2538
3696
71
350
3
260
243
0
451
0
33
691
4118
0
90
0
1
1
2
0
109
5
1671
80
0
0
9
1549
6451
0
82
0
439
3
267
330
8
177
900
5817
0
5724
0
6
9
0
0
274
10
297
35
182
1
0
0
133
668
343
2219
8906
615
3
67
532
20
9
0
2163
10
0
0
0
517
313
1550
0
20
1216
1038
159
212
435
0
23
0
1249
360
8761
9256
202
0
0
245
36
0
2088
462
0
2079
402
0
0
1551
1570
0
170
1
40
618
1303
1
173
74
1682
24
129
250
67
229
45
12
11
32
624
0
10989
2586
0
0
3
0
4
1
0
0
0
0
0
41
0
426
64
1689
5023
12
0
60
244
61
27897
0
240
136
31
140
1345
150
837
39
0
0
0
120
1150
11
75
214123
54
73
1247
2
3
8
0
0
0
0
115
0
0
300
2
0
1238
1
0
4648
789
74434
192
3728
1
2
14069
0
9
86
1
148
826
465
0
17
0
96
0
7
0
3
0
1667
0
591
57971
249
0
14
0
73
58
57
0
0
1
0
0
0
0
8
66
24
0
88
63
6
1893
160
1677
3322
612
39
0
224
2505
0
1
78
2453
0
541
82
16
450
36
0
0
0
0
1
0
0
0
0
0
0
0
0
0
2
0
0
0
0
0
0
0
0
0
0
0
0
0
17
23
0
0
0
0
0
0
0
1
0
0
0
0
0
0
1
0
0
0
0
0
2
0
0
0
23
0
0
2
0
2
0
0
0
0
0
0
0
0
0
0
0
0
2
0
1
0
0
3
0
0
0
0
0
0
0
0
0
0
0
0
0
0
0
0
0
0
0
0
0
0
0
0
0
0
0
0
0
0
0
0
0
0
0
0
0
0
0
0
0
0
0
0
0
0
0
0
0
0
0
0
0
0
0
71
0
0
0
0
0
0
11
0
664
0
0
0
1
0
0
0
0
0
0
0
0
0
0
131
10
0
0
0
0
0
0
0
44
0
1
0
0
0
0
0
0
0
0
0
0
0
1
0
0
0
0
1
0
2
0
0
0
0
0
0
0
0
0
0
0
0
0
0
0
0
0
0
0
0
0
0
0
0
0
0
1
37
0
0
0
0
0
0
0
0
0
0
0
0
0
0
0
235
0
0
0
0
0
2
0
0
2
0
0
0
0
6
0
0
0
0
88
0
0
0
2
10
0
1
0
0
1
0
1
0
0
0
0
0
2
0
7
0
0
0
9
6
0
0
0
3645
0
0
0
78
0
11
0
0
0
0
0
0
1
0
0
1
1
12
0
153
0
0
0
0
0
0
0
0
0
2
0
0
0
0
0
0
3
10
0
0
0
0
0
0
0
0
0
0
0
0
0
0
0
0
0
0
0
0
1097
109
40
18
73
114
300
48
230
0
0
562
0
1752
1719
0
19
716
502
0
19
0
0
0
182
0
0
0
0
0
9
0
0
7
0
7774
0
0
516
0
1994
91
556
130
9
0
183
2
4
903
39
14
0
21
0
0
0
3541
2
1898
24448
94963
34
0
0
0
0
101
1
42
0
0
37
0
29
135
0
0
0
0
2494
426
168
130
127
171
274
2003
24
518
0
1576
140
274
834
0
0
0
51
366
0
67
57
6
18
77
197
33
6200
9
165
28
96
15857
2
118
405
5103
6345
187
223
0
0
0
0
6
7440
49
0
387
19
1515
86
35
0
0
16
0
1
153
11
76
1283
1
13
341
31
1
15
11
279
257
35
0
0
13
3
178
223
40
108
5
182
37
303
0
10
10
174
0
9
6695
2
2928
0
6775
3
169
571
0
277
4
15
7
95
11
0
0
6
0
22
99
1432
4638
130
699
2064
958
5177
55
27
0
0
47
23
12
482
2123
711
59
0
3
2758
0
113
85
5200
155
2531
33219
380
116
790
0
59
0
67
825
355
2
628
105
1
240
58
0
25
253
1455
25
0
215
2
36
0
6
597
157
3101
8
30
487
1
1396
1
0
15
104
97
681
45
3914
1103
1969
885
2658
9
1448
109
7
3
622
1
0
1
134
592
0
0
0
5946
0
0
0
1
0
0
2
0
0
410
0
594
6441
1316
307
13
64
18
0
2043
0
0
917
140
6
688
803
35
0
0
33
3735
0
98
20
15
17
265
2
0
1210
0
279
2
3475
0
1
279
2351
0
0
185
8778
135
0
585
15211
1
922
0
0
0
546
3902
0
227
3
0
0
0
4798
0
27
7
0
0
0
0
960
4
3
23
0
0
325
0
0
0
1
0
0
0
0
0
0
2555
0
0
6
0
0
0
117
613
0
0
1
0
0
95
0
668
6
0
0
0
0
0
632
0
0
0
39
235
0
0
0
0
33
0
288
0
0
0
748
0
0
0
32251
0
0
0
86
0
61
0
45
15004
107
928
5657
0
30
165
350
2
0
2987
376
34
1
1
1
1
56
612
3002
1033
142
362
300
0
317
0
48
26
12
57
117
0
587
0
0
0
0
28
0
0
0
0
0
0
6
259
30806
0
0
1
0
67
0
93
0
0
0
0
50
0
105
0
3
79
0
0
5
0
0
0
5
0
0
0
0
0
0
0
214
813
0
39
0
295
215
0
0
0
0
2
6
6
1740
54
44
2620
17
13
290
8859
65
47
48
0
15394
4
1207
6
47
891
2
241734
111081
16
675
1
459
1280
6711
38
140
30
241
59
211
17
2637
155
1238
0
2
49
1349
2
6
108
136
162
11
35
1017
2067
2056
12
58
1
67
38
188
0
599
140179
2301
2845
307
21
1361
610
0
6
65
1089
242
3
531
0
0
100
0
279
24
8640
963
1
3
6
473
512
355
45
64
119
5068
129
0
508
19
74
131
1749
278
27
739
18
0
0
104
0
0
0
1526
34
0
0
401
1512
2261
7854
646
0
674
35
4278
7
4492
0
234
5
166
2556
314
5
311
5
1054
1785
22
0
0
26
9
7
0
0
0
104
8
832
58
21211
244
39
23874
0
189
7
1185
20
1
4572
2349
1540
147
10
0
0
13
115
0
0
0
159
43
251
45
0
153
22
100
74
24
0
0
0
0
111
0
130
175
65
0
0
90
4
196
324
0
3
0
0
1
60
50
49
13
17
8
634
1
11
13
0
404
0
1
0
0
0
11048
8389
1
1
322
0
822
0
0
0
0
0
0
0
0
0
1
34
190
5
5952
0
1079
1
47
6145
339
0
1
0
806
2819
20
1
117
18068
840
0
214854
129
16
290
559
54
97
6
7
3573
249
12
0
0
4
0
0
0
0
0
0
0
38
0
23
117
0
3
0
2565
4292
1
0
0
0
0
0
66
0
1
1
0
0
3
0
2
0
0
0
0
0
63
16
2332
6
2948
0
283225
33668
1
101
0
0
19
5702
439
13
0
0
0
0
478
81
0
0
0
30
290
0
0
0
0
0
0
218
2127
122
0
0
0
0
0
0
0
0
3719
221
3
3297
6514
1556
159
60
6
0
3699
0
0
41
45
12
823
116
357
144
93
16
13
0
14
1174
3514
4
1111
12
0
0
41
0
0
0
320
5147
0
345
105
1450
32962
0
0
9
3
46
1840
1
1
16648
200
8
22
16279
7877
450
864
0
1
0
29
15
36744
30
1916
1
17
81
60
56
54
110
46
441
47
0
0
0
0
0
0
0
0
66
1052
6
446
11
0
3
60
999
1
192
23
25
425
125
4055
6
2
15
40
376
3457
0
51
34
0
0
149
15
2
4580
1498
265
16
20
1621
1192
1424
43
1830
7459
28
1093
0
797
95
7348
49
0
0
3870
0
3437
52
781
6
1087
168992
42170
137
0
1310
21
0
8958
0
0
0
1
0
0
0
0
61
11
1096
0
1575
197
2376
0
0
2230
5425
19100
133709
2731
4
272
1
33491
2
1498
0
4
0
0
0
0
0
0
4
0
0
0
0
0
0
0
19
0
0
0
0
0
0
0
0
0
0
1
0
0
0
0
0
0
0
0
0
0
0
0
0
0
0
0
0
0
0
0
0
0
0
11
0
0
0
0
16
0
0
0
0
0
0
0
0
0
0
0
0
0
0
0
0
0
72
0
0
0
0
0
0
0
0
0
4
0
0
0
7
0
0
0
0
11
0
0
1
0
0
0
0
0
0
0
0
0
0
2
1
0
0
0
0
0
0
4
0
0
0
0
0
0
0
0
0
1
0
0
0
0
0
1
0
0
0
0
0
6
0
0
0
0
0
0
0
0
0
0
0
0
0
0
0
1
0
0
0
0
0
0
0
0
0
0
0
0
0
0
102
0
0
0
0
9
4
0
0
0
0
0
0
0
0
0
0
0
0
0
0
0
0
0
1
0
0
0
0
0
0
0
12
0
4
0
48
0
0
2
14
0
0
0
0
0
0
0
0
0
0
0
0
0
0
0
0
0
0
0
0
0
0
0
0
0
0
0
0
0
9
67
0
0
15
0
0
0
0
0
0
0
0
2
0
0
6
0
1
1
0
0
0
0
0
0
0
0
3
25
0
0
0
0
0
0
0
0
0
0
0
0
0
0
0
0
0
0
0
0
0
0
1
0
0
0
0
0
0
1
0
0
0
0
0
0
0
0
0
0
0
0
2
0
0
0
1
0
1
0
0
0
0
0
0
0
8
0
0
2
0
0
0
10
0
1
12
0
0
7
2
0
10
0
0
0
0
0
16
1
39
5
0
0
0
5
0
15
30
0
0
0
51
0
0
0
0
0
2
0
163
0
0
49
0
0
0
7
0
0
31
1
426
39
0
0
0
0
0
1
18
0
0
0
0
87
129
0
0
0
1
0
0
317
0
0
0
0
0
0
0
0
0
6644
0
10
260
0
0
0
0
0
661
4
0
12
0
0
0
13
0
0
0
0
0
0
0
0
0
0
0
10
0
0
0
15614
0
1
0
0
0
0
0
0
0
0
3
0
0
0
0
0
0
14
0
0
0
1
1
0
0
1
0
0
1
86
0
21
0
0
1
283
0
340
51
0
2
0
0
20
1
0
0
1
362
0
0
0
0
0
0
0
20
3243
347
2800
16
1051
67
2
1
0
1
0
2490
0
5669
0
5963
4
0
26
19
216
63
25
492
2
2224
0
23
109
0
15
63
36
3
675
5
0
0
0
1930
0
0
438
623
1103
0
0
67
170397
207
0
487
551
55
589
54
1752
0
515
138
614
36
0
0
48
22
153
6
625
0
898
7
301
3457
424
14
9
22
70
79
59
2
0
2551
0
0
2
0
0
3
2512
57
0
339
242
2899
411
1
4
27
1067
99
31
6485
304
46
2887
7808
12695
20284
3
1421
0
278
3
237
329
55
3938
90
204
788
4209
21
842
284
8
1436
4560
1138
22
57
3
4
0
63
6831
0
2133
11
0
1212
68
40
0
0
537
32842
3001
0
9450
79
0
3022
331
10691
34
2
16
29
33
0
19
22
0
22
0
1
58
14
22
177
49
1
11
84
0
0
0
0
0
0
0
0
0
8471
0
0
0
0
0
0
0
0
790
0
0
0
0
0
0
0
383
0
13
13
11
8
12
13
9
14
5
3
3454
6
4
30
5
1
0
18
5
6
22
0
18
120
145
0
9
15
8
0
2
392
10
337
1911
88
1374
3560
169
1193
325
240
370
22
46
0
13
8
172
0
739
110
4050
264
0
283
13
434
0
1
0
4263
3504
0
7683
0
8632
24
59239
0
1985
0
0
0
0
0
848
33
979
179
88
76
1339
751
107
1515
834
0
0
214
0
203
0
3
1039
1
1334
0
0
3
0
676
1
0
0
0
698
0
1515
76
70
0
56652
7
11
12
61
318
937
102
2003
10
808
416
21
15
766
242
130003
513
484
199
4
975
0
324
44
1
0
109
0
363
1017
11
381
7
2
14
377
6
30
1
149
0
0
4025
4
316
178
6
0
390
120
0
263
1959
55
1061
24
147
2071
1949
183
43
1
465
6
1602
445
0
12
172
7
7
554
4
21
2049
20449
12
0
109
1041
5
0
29
622
23
298
17339
1463
0
1743
7
0
401
1695
0
0
348
0
19
2228
2500
5420
5
198
41861
4
338
1
8
13094
307
2929
1
227
0
67
15
229
0
91
635
5
85
2
6
903
0
2
875
1
0
49
0
0
0
0
0
0
0
0
0
11975
1081
138
897
4
3
2376
7075
0
0
0
0
598
797
0
313
1
1446
1961
86
0
253
283
51
0
0
1048
114
176
130
72
32
60
806
415
2896
724
6
850
27
94
88
4025
6
16
0
123
2
0
0
0
0
3
0
0
0
0
0
0
1
3
3
0
0
0
0
0
0
1
0
1
0
0
4
0
2
0
0
0
0
0
0
0
0
0
2
3
0
0
13
0
0
0
8
0
0
0
0
0
0
0
0
0
3
0
0
0
0
0
0
0
0
1
0
0
0
0
0
0
0
0
0
0
0
0
0
0
0
0
0
0
0
0
0
0
0
0
0
0
0
29
0
0
0
13
0
0
0
0
0
7
0
0
0
0
0
0
0
2
0
0
0
0
0
5
0
0
0
0
0
0
0
0
0
1
0
0
0
1
1
0
0
0
0
0
70
0
0
0
0
0
0
1
0
0
0
0
0
0
0
0
0
0
0
7
0
0
0
2
0
1
0
0
0
0
0
0
0
0
0
0
0
0
0
0
0
0
0
0
0
0
0
2
0
0
0
0
0
0
0
0
0
0
0
0
0
0
0
0
0
0
0
0
0
0
0
0
15
0
0
0
0
0
2
0
0
0
0
0
0
0
0
6
0
0
1
0
0
0
0
2
1
0
1
0
0
0
0
0
0
0
0
0
92
7
0
0
0
0
0
8
0
118
31
2
0
0
0
5761
0
157
0
1
0
0
32
0
0
2
0
0
0
0
0
0
0
6
0
0
0
0
0
0
0
483
0
0
0
0
0
23
0
0
0
16
18
0
0
0
21
0
0
6
0
0
1
0
0
1
0
3
0
0
51
7
2
0
0
5
0
0
0
41
0
0
2
0
0
0
0
0
1
0
0
12
0
0
0
0
0
0
0
25
0
0
1856
10
29
73
66
32
112
2230
61
0
0
5
0
0
10
766
15
13
23
0
0
13
219
0
2029
210
26093
19
0
90
12
308
2427
0
4798
1
35285
10
0
1
115
12410
160
631
2839
2169
467
0
0
1
13597
7465
0
335
77
192
0
4468
486
335
1
258
364
298
131
41
0
47
5
58
22
0
57
7
0
118
14
522
6
2
6639
3
0
4188
21
10
310
556
0
472
2220
0
67
7
1
236
48
272
0
14190
33
0
82
256
683
0
306
192
0
0
108
475
2196
63
0
2
98
0
0
9
87
0
809
0
32
0
0
0
0
0
0
0
0
180
43
8
0
114
4
0
0
0
0
0
0
0
4
135
792
54
76
6
1582
2
2197
1
71
72
65
11956
84
549
2
147
40
760
544
68
19
962
7
327
0
0
1609
1359
259
10
0
270
0
29
3
2874
46
2
215
931
1392
1975
0
0
0
0
0
0
0
0
0
416
0
10
0
0
1342
26880
0
97
0
11
295
1424
267
64
3
133
3
0
265
4546
54
56
69
1
137
369
46
312
13
0
0
0
1
0
2
0
3269
0
0
3
6
623
0
36
134
81
0
0
183
141
998
86
239
5
18
8
0
175
143
31
0
512
153
0
23
3
1642
71866
15
165
0
28
4
178
0
330
146
29
1104
139
256
46
4
32645
0
39
0
1
20
0
205
2688
127
119
0
494
0
8
22
227
380
45
165
0
10
39
944
0
0
24
2
0
0
0
20
148
6
979
21
3144
587
0
14
0
2
4862
2109
0
1
0
32
0
4
0
2
0
0
0
0
0
0
111
20
165
0
44
0
0
0
0
344
728
0
0
0
0
0
0
0
0
0
0
470
0
0
0
0
0
0
0
1
0
0
111
657
398
0
0
0
0
0
0
0
26
1628
0
1
0
0
0
0
0
0
0
0
0
0
0
0
0
0
0
0
0
0
1119
0
0
0
0
0
0
0
0
0
0
0
0
0
0
0
0
0
72
699
207
310
227
904
1364
12
24454
41
0
1407
1380
0
10
109
64
0
253
18277
175
39
301
0
2817
48
410
103
7
1628
68
6
47
650
1233
1752
1130
70213
988
0
0
0
20
6
3
0
1
43
3847
166
6
229
134
545
1032
0
8068
15
631
27
0
7
180
79
0
249
645
2
0
16246
2
2643
107
3498
497
0
112
0
2
385
176
448
360
301
260
11970
0
0
0
13
0
5
5
176
15731
6103
1
0
0
49
36
2479
1111
0
0
368
0
318
0
0
1508
71
0
0
165
6
191
981
827
20
1
3
271
2
104
0
7
56
1204
263638
0
761
516
4
0
205
15
0
11
47
455
0
0
21304
14757
24
19
0
54
579
159
62753
9720
1625
2228
1215
1103
9
2212
10
28
895
352
1289
710
349
250
0
47
0
0
0
0
0
0
0
0
0
0
0
0
65
29
0
11446
1
91
2053
0
1113
3636
0
31175
624
3
0
3
229
160
28
0
1996
5
19
228
503
85
118
18
18
8
48
1
5
0
14
524
1
43
5
1
39
33796
141
153
0
0
0
1
0
0
0
0
0
0
0
22
851
3902
3
861
8275
0
0
279
0
20
67
41
17
18
2131
0
119
6
3
29
101
16
12079
18
18
0
1
2
0
0
47
3926
618
194
238
0
1
281
6213
9
104
1201
1374
490
34
721
17
52538
16
0
1580
436
0
69
2131
1
214
141
5
0
0
0
0
0
0
0
0
0
1
0
0
0
0
0
0
0
0
1
5
11
0
0
0
0
0
0
0
0
0
0
2
0
0
0
0
0
0
0
0
0
0
0
0
0
0
0
0
1
1
0
0
0
0
0
0
15
0
0
7
3
884
0
0
0
0
0
0
0
0
0
1
12
0
0
0
1
0
0
12
0
0
0
0
0
0
0
4
0
0
0
0
0
0
0
0
0
0
0
0
0
0
1
0
0
0
0
0
0
0
0
0
0
0
0
0
0
0
0
0
0
1
0
0
0
0
0
0
0
0
0
0
0
3
0
0
0
0
0
0
0
0
0
0
0
0
0
0
0
0
0
0
31
0
5
0
0
0
2
0
0
0
0
0
0
0
0
0
0
0
0
0
0
0
0
0
0
0
0
0
0
2
3
0
0
11
0
0
0
0
14
0
0
75
0
0
0
0
0
0
0
45
0
0
0
0
173
0
0
0
28
7
0
0
0
223
0
0
0
5
0
1
0
0
0
0
0
1
192
10
0
0
0
0
0
0
0
0
2
0
0
0
1
0
0
2
0
0
158
1
0
7
0
0
0
0
0
0
0
0
44
0
1
0
0
0
0
0
0
0
0
0
138
0
0
0
0
0
0
0
0
0
0
0
0
249
0
0
0
0
0
0
0
0
0
14376
0
0
0
0
0
4
0
0
0
0
0
0
0
0
0
254
90090
0
0
0
0
0
14867
0
24
0
122
0
297
0
0
0
0
0
0
102
0
1
0
0
68
0
1
0
16
1
48
0
474
642
0
363
0
0
35
0
0
0
0
0
0
1
0
0
16715
0
0
0
55
0
42
0
0
0
12
157
0
0
0
0
214
0
0
0
1
8
0
0
0
0
21
0
0
31
0
0
0
0
12
0
0
3
0
78
0
0
0
0
4
0
0
0
153
0
343
0
0
0
0
7
0
572
0
0
0
0
0
0
61
0
5561
0
0
595
2
0
0
0
0
0
0
0
0
281
0
138
97
769
0
119
456
68
901
0
36
76
6
0
6
0
3700
0
0
163
142
241
1222
60539
118
70
2
1646
387
228
4
1414
22
1
366
2458
0
585
302
9
45
21
408
6
577
4977
0
5
1
6
7
2
0
1
1
11
10
106
201
79
105
3
7
0
74
0
3
126
1
246
12748
0
185
0
0
0
713
695
1
0
210
258
668
2
3109
160
811
32
8
21
90
111
0
1
45
226
1447
0
0
1476
770
0
272
231
39
17083
465
6
572
4
96
0
0
1912
8
0
0
2524
0
0
0
0
1
1
0
10
0
0
0
0
0
63
0
1
3
106
146
0
0
1294
32
6
12877
461
55
45
284
335
1
57
29173
2
0
22
2161
50
198
22
2276
4025
907
2
0
79
126
1104
11025
437
146
27
387
2005
192
182
471
11
178
329
16929
0
8873
0
0
1
33
160
16977
253
22
18
402
15
8351
1
28
223
1508
27564
1
1181
122
34
500
156
220
48
954
0
177
116
363
115
7309
0
149
52
2
21043
3208
10409
66
21
54
72
486
104
5
508
6
0
39
59
54
45
1809
2938
2366
22742
3379
417
54
554
1496
5066
47
3
5019
324
128
24
2546
5
0
3439
0
0
0
787
738
65
4118
58
2
160
0
1245
1727
822
781
13
0
0
237
632
0
27
0
58
89
0
0
2
13
0
0
91
335
6051
24
0
8
0
194
5971
0
1706
1
704
20
102
400
312
1971
61
155
650
376
0
903
59
0
103
54
0
1272
79
90
18
411
169
197
1355
8
26430
2109
12
94
903
0
0
0
70
0
0
0
1
0
226
0
0
4
0
835
1112
247
0
6381
10
0
28
11035
71
134
1674
68
1
39
9
390
0
2
0
0
1
89
2
1
100
833
1227
356
0
2511
5
2
782
724
17
408
282
55
1
3494
44
83
19
6
0
1853
58
1939
52
0
42
0
0
260
41485
11
0
412
67
0
1
2046
449
6
106
0
0
10
3
341
35
343
96
429
746
0
602
6
389
19
378
0
567
221
0
34
0
315
150
53
1
17
1027
2610
20
894
0
0
3
217
0
0
157
21
0
22
36
120
52
38
270
2539
0
0
17
1836
7106
1467
0
0
1
231
939
1843
0
0
1
210
0
0
0
1402
0
0
0
224
0
0
493
1
34
1522
299
2
87
113
75
904
0
16
24
1885
158
1
0
94
69
4
244
1504
0
167
3262
0
0
149
0
46
2
0
0
0
0
0
0
0
0
0
0
0
0
105
0
11
2446
23
2
1666
156
3292
620
7
57
43
18305
322
0
1302
3
0
5
0
310
0
370
16
6
35
7152
318
383
76
256
692
2450
446
116
137
105
565
45
18
116
0
12612
91
3975
1
0
23
0
243
0
0
700
981
3
0
0
0
217
2
0
103
0
1585
8
146
102
4434
710
1
4
0
128
261
60
0
0
120
0
0
0
0
158
84
0
6
131
0
0
0
0
0
1369
166
321
13
0
0
25
0
175
13
0
143
57
922
5
0
14
0
1
13
165
95
1609
834
1663
0
33
2049
187
4
189
72
22909
335
173
709
4
0
57
152
163
532
258
775
183
14
51
3
980
3037
0
3571
83
146
0
74
8
98
6851
0
66
51
89240
7
14
801
698
909
0
8565
613
50
63
45
11394
3
120
58
752
523
0
38
7
5
561
768
353
768
0
28
3
4
3
14597
6
1
0
0
782
0
2
25
0
688
0
88
0
1
844
77
0
0
0
0
0
0
0
84
0
0
0
0
44
0
0
2084
161
526
20
0
117
27
23
0
3337
195
362
0
7
83
6807
470
1
0
1244
255
0
2
0
0
120
1476
0
0
64
0
0
0
82
1604
0
0
0
2299
0
4614
0
4
0
0
333
0
0
0
72
0
0
0
11
0
0
0
0
592
0
0
0
0
0
0
0
0
0
0
1
0
0
0
0
0
2
0
2
3687
0
0
0
0
0
0
0
1966
32
0
0
0
0
0
0
0
0
0
0
0
0
0
0
0
0
0
0
0
6
0
0
88
0
2495
0
0
0
0
0
0
0
0
0
0
0
0
0
0
0
0
0
0
0
0
0
0
0
0
0
0
0
381
0
0
0
0
0
0
0
0
0
0
0
0
0
0
0
0
562
0
0
720
12
305
42
0
0
229
9
5581
20
525
48
73
2
0
0
674
0
0
9
17
160
2635
0
175
762
5
4028
201
870
727
207
21
60
9250
1
31
2
1579
280
1958
0
1578
107
101
1233
0
3025
78
0
9
13710
103
43
194
32
111
151
30
1543
168
804
3
0
239
391
29
3
0
1773
0
0
0
0
26
0
0
0
0
0
0
2
0
0
217
0
37
0
0
0
0
0
2145
0
0
0
0
0
333
0
0
0
94
0
0
0
0
10
0
100192
0
293
716
5146
1314
1799
236
112
3
721
455
2004
528
0
13392
0
0
0
0
0
0
36
15
4439
49
126
0
0
0
1
0
0
1
0
24829
0
6399
0
1
5
317
19
0
134
6
313
839
310
131
67
505
191
17978
0
3238
0
0
141
0
2
0
14
10
17
8
0
2512
6
8505
0
0
121278
1329
770
7
6
4
164
0
21
60
188
1724
664
1678
441
375
128
22
530
2966
642
906
684
2437
29505
73
245
1290
0
18
265
17
1158
1146
1129
207
803
2532
13119
122
0
51
41
347
1223
0
54
0
6
242
71
1102
9
134
44
5220
4004
56
56
1
0
494
227
5177
328
57
15
38
517
1
29
2
15509
54
887
925
37
9
6
347
840
0
18373
0
8949
1443
6874
17381
6
0
14
31
239
445
2
221
1698
995
225
0
133
0
42
391
0
2
28
78
1
0
194
0
0
413
10
15585
0
253
5
0
2
236
29128
0
0
0
0
0
0
0
0
0
0
0
0
0
0
60773
2571
2
647
0
0
0
0
0
0
0
0
0
5
0
116
1
0
0
0
0
0
0
0
0
0
0
0
0
0
0
0
0
0
0
0
0
0
0
0
0
0
0
0
0
0
0
0
0
0
0
0
0
0
0
0
0
0
0
0
0
0
0
0
0
0
0
0
0
0
0
0
0
0
0
0
0
0
0
139
50
0
0
0
489
0
304
35
222530
115
0
0
9237
0
0
363
965
71
8
72
0
149
0
23
0
1954
0
4
48
155
734
85
599
14
110
0
47
95
3
15
15
646
43
13
74
37
0
23
6
10
1029
0
189
0
2482
0
0
35538
117
8511
91
31
62
12
0
416
19
12
34
0
0
0
67
336
146
24
6
7
0
1074
44
104
94
368
0
5
335
126
111
0
0
60
3050
6122
271
19
1
16
0
8
20
660
90
3
0
285
0
41
46
83
35
0
9
4
157
13
1
5
45
5
0
0
0
1
12
120
8
135
65
122
14
17
0
0
89
46
0
56
0
3471
0
0
0
0
0
0
0
0
0
0
0
0
0
0
0
0
0
0
0
0
0
0
57
0
3424
0
1
40
202
327
7
0
0
59
0
680
8
628
1
38
81
79
20
756
48
1
139
6
48
135
93
10107
240
200
0
0
8
185
12
0
3850
0
272
8725
0
0
286
44
0
9
7
26
33
6
197
225
1
1
52
296
1
27
48
0
8
121
1159
0
0
0
76
0
0
0
0
2
0
104
0
0
0
9
129
4300
513
0
47
15
0
10962
262
10
261
31
1400
3
6076
1084
1
0
212
0
0
4
122
3485
350
31
34488
82
4348
0
3307
0
75
1
0
0
0
0
0
0
0
0
0
0
0
0
0
10
1096
1440
25
4
0
140
1
0
7323
165
19
1858
5488
638
290
0
150
0
32
0
1
0
1220
17114
75
9
22
725
521
537
430
127
0
50
0
435
0
1038
26
199
39
26
0
27158
465
6
611
1
3088
35
251
5
2
163
7
393
5750
1
2735
255
0
433
3831
6
126
170
126
52
22
141
1412
51
226
1
0
0
0
271
18
235
1531
1242
1312
85
1
2
52
3
0
24
4503
44
10
4
1118
960
5316
184
18178
6
6
154
0
0
0
0
3
2
0
0
0
0
0
0
1
0
0
0
0
0
0
0
0
0
0
0
0
0
0
3
0
0
0
0
0
0
1
0
0
0
0
0
0
0
0
0
0
0
0
0
0
1
0
0
0
7
0
0
235
0
2
0
0
0
10
1
0
1
0
0
0
0
2
0
89
0
0
0
0
0
1
0
1
1
0
0
0
0
0
0
0
0
0
0
0
0
0
0
0
0
0
0
2
0
0
3
0
0
0
0
0
0
59
0
0
3
0
0
0
0
0
1
0
0
2
0
4
0
0
0
0
0
0
0
0
0
0
0
0
0
5
0
0
0
0
3
0
0
0
0
0
0
0
0
0
0
0
198
0
0
0
0
0
0
0
0
0
5
0
6
0
0
0
0
1
0
0
0
0
0
0
1
0
0
0
0
0
0
0
0
0
0
0
0
0
0
0
0
0
0
0
0
0
0
0
6
0
0
0
4
0
0
0
0
0
0
0
0
14
0
0
0
0
0
0
0
0
0
0
0
0
0
0
1
0
0
0
0
0
0
0
0
0
64
0
0
0
0
0
0
0
0
0
0
0
0
0
0
0
0
0
0
0
0
0
0
0
5
0
0
0
0
0
1
0
0
0
0
0
0
0
0
0
0
0
0
0
0
0
0
0
0
0
7
0
7
0
0
0
0
0
0
0
0
0
0
0
0
0
0
0
0
0
0
0
0
0
0
0
1
5
29
0
0
0
0
0
0
0
35
0
0
0
0
0
20
0
0
112
0
0
0
0
0
0
1
0
0
0
0
0
0
0
9
0
0
1
0
0
0
1
1
0
0
0
0
0
0
0
10
0
327
0
0
0
60
0
0
0
23
0
1
0
0
0
0
0
0
0
0
0
0
0
1
0
0
2
2
0
0
5
0
0
0
0
0
1
0
1
0
0
0
0
0
0
0
2
0
0
121
0
23
5
0
0
0
0
0
0
0
0
0
0
0
0
0
0
50
0
0
0
0
0
2
0
0
0
0
54
0
0
0
15
3
0
0
0
2
0
0
14
0
1
0
0
2
0
5
0
0
1
0
0
1
3
0
0
1
0
1
0
1646
2
0
0
684
2
46
88
7
1084
1
2
55
1005
0
0
0
0
0
0
0
0
0
0
0
0
0
0
0
0
0
10
0
5
2
30
0
4
0
24
0
39
0
0
0
1
18
1
0
1
0
0
0
434
0
0
1
6
306
0
115
0
3
8
0
94
104
0
1
1
0
575
3
0
3
0
0
0
129
0
0
399
1
112
8
0
10943
0
0
0
0
0
0
0
0
0
0
0
0
95
0
0
0
0
1
0
0
0
0
0
0
0
21
0
0
0
0
22
2
2
0
0
0
0
0
0
0
2
0
16
0
0
0
0
0
1
0
0
0
0
0
0
0
0
0
0
1
0
0
10
0
0
0
0
0
2
0
0
0
0
1
0
0
0
0
0
1
0
0
69
0
0
0
1
0
0
0
0
0
0
2351
0
0
1
0
0
0
0
0
0
0
0
0
0
0
0
0
0
0
0
0
13
0
0
0
0
0
0
0
0
0
0
21
0
0
0
0
1
3
0
0
0
0
0
0
0
0
0
1
0
0
0
0
7
0
0
14
0
0
0
1
0
0
2474
157
33312
84
3
0
0
246
33
22
96
214
500
0
9090
187
123
1764
0
85
6
2406
42
0
0
1611
23
0
4
2
88
0
1
1862
22
1820
0
1924
16154
16
736
371
103
326
78
654
0
60
126
2546
6275
3868
297
1
10414
714
1
0
313
7
14
0
63
537
459
11195
788
140
1082
27
0
10
1253
4
24
1
2
1536
159
1
1362
0
8
637
4332
24
3250
1393
3438
6722
0
55
20
1
0
0
361
0
114
34
288
1
14080
33
4265
2
0
1
112
283
60
1
357
1
30
840
1757
0
462
83
320
780
20
40
87
0
1
205
79
0
96
1141
0
4
6
6
0
310
29
17
0
15
18
1529
5
0
1229
0
0
14
71
1
6
158
6
14
14
2
1170
538
5
0
197
0
58
247241
94
15252
0
84
0
20
335
1192
180
212
212
220
95
0
716
260
1237
11917
0
1
458
636
47
315
34
73
95
1400
1105
5656
514
4353
10
1484
182
0
185
133
22
91
5
546
30
142
1
176
2
0
0
0
0
0
0
929
17
210
0
2
0
0
41
0
0
0
0
30
1
4
32
66
102
4
1
3
53
3410
0
41904
35
3581
148
70
7
1
190
0
1855
167
437
0
224852
0
801
0
572
0
39
327
536
71
312
111
29
0
3041
0
9
0
634
1
2179
0
18594
409
695
4
1
320
17
112
0
0
16
51
169
15838
44
8256
133
0
0
0
106
0
0
0
0
5244
0
0
0
219
0
0
68
0
3
0
23
854
116
1
4
8
43
4085
1141
89
58
152
2
483
152
6
79
1184
221
71
0
0
230
7
960
606
0
0
119179
172
25
1
3904
40
1
2258
204
5
1264
1
1306
19
30
53
3
23322
128
3
83
326
474
4014
34
68
1
106
137711
1
0
0
0
20
124
44
0
0
889
0
8
0
0
3459
145
4
1280
1863
2
410
37
3801
0
687
0
663
92
0
99
161
0
9947
0
0
766
3
977
1831
0
278
3
78
834
330
0
2
19589
27441
3
2409
472
319
0
14
8
6
16
70
0
1
4
1964
979
0
0
3240
3
3022
0
59
1009
797
251
84
0
238
0
0
3
0
0
0
0
0
208
324
6
0
0
141
0
0
0
1576
0
58
2328
14
77
15
5
0
758
0
6
91
738
47
15083
5
93
76
0
857
1114
217
46
0
5
1
0
45
354
20
0
2
313
264
146
0
36
899
67
9
96
4
20
2954
1395
2131
89
88
353
71
343
950
382
6
5507
7
293
0
0
71
25663
5005
6741
0
22
861
471
1
3
3
18
0
15
0
0
0
0
19
0
50
1
1550
0
964
114
2
2672
145
3
32
12
0
0
0
0
408
901
1
22
0
4067
1
0
65
341
1458
160
608
1325
0
3202
384
88
367
65
0
8799
33
542
212
5
0
5
8
50
101
36
0
339
163
33
0
0
992
27
160
29374
85
4162
0
0
0
0
1
14005
92
12
0
2
2181
55
23
1367
4232
1
61
55
37127
0
0
101
2526
1
75
0
1521
15
1094
27904
11
3
125
14
61
34
1622
1102
210
0
103
190
77
0
2184
220
0
3162
10
6
96
65
0
28
15
321
0
498
1699
492
13
19
1964
0
0
0
0
1829
0
87
0
0
0
0
0
0
0
1795
0
0
0
0
0
0
0
0
0
0
0
0
0
0
0
0
0
0
0
0
0
0
0
0
0
0
0
0
738
0
0
0
0
11
0
3
631
1
108
598
6
462
3193
2975
5373
1204
8692
5
84
0
1099
0
0
0
1
0
541
8
0
1
0
449
4
180
840
212
2250
8298
2503
0
806
12
22945
213
3447
3
88
406
13
6301
0
0
1492
9001
74
98
0
0
0
0
0
0
0
0
0
308
1
0
0
0
20070
0
0
0
0
0
0
0
0
0
0
0
0
0
0
47
3
0
0
4116
2
237
35
627
251
23
1226
0
314
3
434
0
232
1464
0
159
599
442
875
108
15
198
29
2
37
227
0
0
0
0
0
0
1
1023
0
1702
0
3
0
5
0
701
10
24
0
112
0
6
0
342
1
1297
0
566
19294
298
182
2
1798
0
0
0
4
16504
27
13
82
0
34
1379
5
4
43
4480
8249
167
3
1
2121
10
6930
212
578
38
10
16
22
0
0
0
0
0
1446
0
53
710
472
0
868
182
26928
0
31
543
283
22
765
766
85
2
371
750
82
0
53
335
638
0
10651
161
0
0
267
1166
39
396
6
0
1170
1149
0
0
0
190
7
19
1788
120
18
4918
0
0
41
40704
122
21
84
21
17667
553
279
1
11
0
0
0
517
7671
479
64
8
42
145
0
1888
757
237
1
9558
45
607
215
945
0
4
0
0
0
31
0
853
0
24
0
0
0
0
0
0
0
0
0
0
0
0
0
2
0
0
0
0
0
0
0
0
1
5
0
0
0
0
0
0
0
3
0
0
0
0
0
0
0
0
0
10
0
0
0
0
0
0
2
0
2
0
0
6
0
0
1
0
0
0
0
1
0
0
0
0
0
0
0
0
0
0
0
0
0
0
0
0
0
0
0
0
0
0
1
0
0
0
0
0
0
1
0
0
0
0
0
0
0
0
5
0
0
0
0
1
0
0
0
0
0
1
0
1
9
0
0
0
6
0
0
0
55
0
0
0
0
0
0
0
0
0
0
0
0
0
0
0
0
0
0
0
0
0
3
0
0
0
0
0
0
0
0
3
0
0
0
0
0
0
0
0
0
0
0
0
10
0
0
0
0
1
0
0
0
0
0
0
0
0
0
0
0
1
0
0
0
1
454
0
0
0
5
0
2
0
0
1
0
0
0
0
0
0
0
0
45
0
0
0
0
0
0
0
0
0
0
0
0
0
0
0
0
0
0
0
0
0
0
0
0
2
0
0
0
0
0
0
0
53
0
0
0
0
0
0
0
0
0
0
0
21
0
5
0
0
0
0
0
0
0
0
0
0
0
0
0
1
0
0
2
0
0
0
0
0
0
0
0
89
0
0
0
0
0
0
0
0
0
0
0
0
0
0
0
0
0
0
0
0
0
0
0
0
0
0
0
0
0
0
0
0
0
0
0
0
0
0
0
0
59
10
0
0
0
0
0
0
0
0
0
2
0
0
0
0
0
0
0
0
0
0
0
0
0
0
25
0
0
0
0
0
2
0
0
0
0
0
0
0
0
0
0
0
0
0
0
0
0
0
0
0
0
0
0
0
0
0
0
0
97
2
0
0
0
0
0
0
0
0
0
0
0
0
0
0
0
0
0
0
0
0
0
0
0
0
0
0
0
3
0
0
0
0
0
8
0
0
0
0
0
0
5
0
0
0
0
0
190
0
1
0
0
0
0
0
0
0
215
0
185
0
0
3
0
31
0
0
226
0
212
4
0
3
69
0
0
0
0
0
0
0
0
24
1
0
0
0
63
3
0
0
0
0
0
47
0
6
0
761
0
0
0
0
0
0
0
0
64
380
638
177
0
0
38
0
0
6578
0
0
0
0
0
61
0
0
0
2
241
1
233
9267
0
11
23
3
0
0
0
0
0
0
0
0
0
205
1
0
0
1250
0
0
0
1
4
5
0
0
0
0
0
0
0
0
0
0
0
0
0
0
215
0
0
0
0
0
0
0
0
0
77
0
0
0
0
0
0
0
0
5
0
0
3
0
0
67
0
0
0
0
0
0
0
0
0
0
0
0
0
0
0
0
0
0
3
5
0
1
0
0
0
0
0
0
0
0
0
0
9
0
8
1
6
2
0
2
0
31
87
4100
1782
0
323
4
339
60
0
19
7
0
3551
13
2966
6
0
33466
102
561
11
27
696
1531
42
168
2812
10694
804
103
213
389
2968
5588
0
43
27
1993
33
2071
3
7
0
350
0
313
977
0
275
2802
5420
5523
18
0
4551
146
114
1
0
5
0
0
0
0
0
0
145
0
0
0
0
0
0
0
0
0
2366
0
0
293
170
4
2
251
23
12
332
39
165
23
232
0
0
2
205
561
3662
8579
16209
604
531
8854
3703
9
752
0
12
79
36
0
9
1353
907
16
0
2261
997
117
894
1
0
29
1
0
2
40
91
0
205
37
86
833
806
0
39
185
5
6
0
0
0
35
4997
3
3
0
0
4323
0
2411
144
9464
773
1
27
12
0
114
3465
2310
217
0
1575
0
5596
409
172
946
0
229
70
0
279
0
6800
1256
501
2564
32
0
11
721
86
4
0
0
1
5
0
0
95450
0
311
486
710
2405
10005
0
2
372
0
15
3456
5
109
3
0
66
0
332
315
1166
3
0
71
1368
4019
1544
0
0
0
26
967
88
4
1973
0
88868
2
230
0
0
2484
0
31
0
47
10785
86
0
0
0
0
0
21
0
15
0
0
0
22879
0
15
0
157
0
41
36
9
0
0
0
16
114
264
337
123
598
359
89
0
0
5
0
0
0
0
0
0
0
0
2
11
132
87
3046
73
539
623
0
10
61
3
0
364
78
2
215
0
0
0
0
19
30
42
89
0
27
10
66881
203
2389
55
6880
69
297
0
173
0
0
0
1731
0
4
0
73
0
6
1
3147
0
0
3
3
87
7
32553
137
3
6
2803
223
1
0
534
85
37455
9
32
5762
409
25
433
4434
2403
0
237
0
1709
76
156
255
5804
77
12641
403
85
0
88
212
0
0
203
348
4
44
0
139
24301
0
44749
0
0
38
3
178
8220
0
65
40145
6
431
10283
12
138
0
3699
64
6824
120
175
227
79
4489
55
309
0
398
347
143
278361
118
6
2918
21
38
128
96
3519
2
0
13250
0
0
0
0
52
37
319682
1143
0
3
337
0
9
7209
440
0
1
0
627
4643
0
193
268
9
4
19
5
40
29
1
18479
0
1
0
45
258
529
1
0
0
75
0
0
47
19
0
0
322
828
199
141
0
804
95
3323
1715
17
5757
286
0
0
0
52
0
0
1461
20
0
14868
0
0
0
0
0
0
0
0
0
2952
0
0
0
0
0
1
80
6
73
2
0
2427
0
0
347
10615
8
2729
3
2
1107
385
2
0
16
463
1
33
11
127093
0
9
1
8
21871
7944
2748
1
4298
23
2448
2032
2950
0
33
291
11
1
35
34
81
223
35
861
286
0
0
71
0
24
0
23
310
0
754
164
2363
127
34
0
12
0
209
0
0
1524
15
39
7
3644
12
777
0
202
0
0
0
0
175
99
812
82
111
208
3244
516
0
0
0
1795
0
8
0
0
0
0
1
25869
1762
1
0
1830
0
0
1267
225
568
2770
17
89
0
610
176
0
47
9293
65
4
2
1
14
0
0
0
0
396
2971
12
0
1
230
0
829
122
0
0
0
0
0
0
0
29
376
1
0
0
0
0
0
0
0
106
0
21
0
0
13
0
6
9970
335
1
1496
301
0
5785
5
8223
92
27
182
59
26
1
2363
19
5
3891
10
362
1390
0
27
3
9949
534
13
90
7
40
3950
1496
167
0
46
567
168
870
395
509
0
35150
0
3
0
0
0
0
2
221
0
18
0
569
10
211
725
90
1
388
157
784
23
9513
316
286
35
0
175
74
400
25
596
504
30
2
0
13
4
1902
232
2
88
35157
33
0
2
400
0
6
0
431
195
0
857
2949
1366
3338
0
0
0
563
5
130
4686
250
46
1697
269212
0
16
580
0
5712
0
0
99
0
30
1780
0
99
5
353
1044
55
108
350
36
12
0
159
92
0
0
0
2367
0
447
0
0
2800
169
2099
11
15180
725
2247
24
0
273
216
659
0
3
0
162
41
0
325
69
22
1134
18935
327
0
1198
0
197
6463
211
2515
5805
61
12
0
483
21393
1994
1901
909
0
0
264
186
1705
0
3271
1480
793
213
11
290
31
0
30
33
47
1
410
240
0
5
87
245
22
29
566
79
108
1
71
7
123
122
1187
883
63
34
239
0
0
1
677
2032
0
0
0
0
0
0
0
460
232
10
95
1
63
10
0
3728
18
0
486
1714
286
94
0
294
29
5746
4
13
0
0
0
0
45
42
0
4363
51
344
362
1
1964
691
4
144
70
383
1
603
692
52
42
112
1
58947
2
4
75
7
333
1431
6011
0
41
1
7478
4569
1
39
0
252
73
2
15
1111
108
631
1966
59
1121
282
1628
4
475
0
2
0
16
90
0
2
3761
16
0
0
7184
0
0
382
346
4265
126
0
17
1107
110
0
0
30
24
0
488
25
106
57
0
0
0
0
0
1
0
0
132
32
20224
0
30
12927
647
0
275
39
515
520
0
183
2
0
4677
1799
65
15
137
9
0
10705
1701
0
0
144
150
81
1317
18
551
0
76
246
1443
303
139
0
20
22751
0
0
0
0
0
87
0
0
0
0
0
0
11
9
0
0
0
0
0
0
207
128
80
0
1342
2129
0
0
0
0
0
0
0
0
6
0
0
0
0
0
0
0
0
0
0
0
0
0
0
0
0
0
0
0
0
0
0
0
0
3
0
3
0
0
65
92
0
7501
26
75
8159
50
0
3374
68
57
10
0
852
150
0
0
2804
134
1
22
20091
0
0
9
144
56
24927
0
0
0
0
0
0
0
0
9
304
663
155
0
0
0
42
147
54
7277
56
820
0
7015
11
555
8
0
6331
1933
14569
20
91
5
6
3717
1723
210
329
377
0
530
60
0
0
0
595
3905
0
1
1
213
13188
7
2081
0
778
0
0
0
257
0
0
8
2171
0
0
1
13
24
7
3541
1261
14
108
238
156
121
0
23
5222
3
0
4
24
152
0
0
0
0
0
0
0
0
0
0
0
0
0
0
0
0
0
0
0
0
0
0
0
0
0
0
0
0
0
0
0
0
0
0
2110
71
212
0
82
0
0
15
0
9
834
0
1
7
29
4672
100
0
78
11
75
290
11
0
2358
2831
165
0
22
0
2
0
0
0
0
0
0
0
0
0
0
2
1
0
0
0
0
0
0
13
0
0
0
0
0
0
0
0
0
2
0
0
0
1
0
0
0
0
0
1
0
0
0
0
0
0
0
0
0
0
0
0
0
0
0
0
0
0
0
0
0
1404
0
0
2
0
0
0
0
0
0
0
0
0
0
0
0
0
0
0
0
0
0
0
0
1
0
3
0
0
0
3
0
0
0
0
1
0
0
0
0
0
0
0
0
0
0
0
0
0
0
0
0
0
0
0
0
2
0
0
0
0
0
0
0
0
0
0
4
0
0
0
0
0
0
0
0
0
0
0
1
0
0
0
0
1
0
0
2
0
0
0
7
0
0
0
0
0
0
0
0
0
0
0
0
0
1
0
0
0
0
0
0
0
0
2
0
0
0
0
0
0
0
0
0
0
0
0
6
0
0
0
0
0
0
0
1
0
0
0
0
16
0
7
0
0
0
0
0
0
0
0
2
0
0
0
0
0
1
0
0
0
0
0
0
0
0
2
1
0
0
0
0
0
0
0
0
0
0
0
13
1
0
0
13
0
0
0
0
0
0
0
0
0
0
0
0
0
0
0
0
0
0
0
0
0
0
0
0
0
0
3
1
6
0
0
0
0
0
0
0
0
0
0
0
0
0
2
0
0
0
0
0
0
0
0
0
125
2
0
0
0
0
0
0
0
0
0
0
0
0
0
0
0
0
0
6
0
0
0
0
0
0
0
0
0
0
0
0
0
0
0
0
0
0
0
0
0
8
0
0
0
0
0
0
0
0
0
0
0
0
0
0
0
0
0
0
0
7
0
0
0
2
0
0
0
0
4
0
0
0
2
4
0
0
6
0
1
2
0
0
0
0
0
0
0
5
1
0
0
7
0
0
0
0
0
0
0
0
0
0
0
2
5
4
0
0
1
41
1
0
0
0
58
2
0
61
0
0
0
0
0
0
18
0
0
1
6
0
0
0
0
0
6667
0
0
0
0
0
0
3
0
0
3
0
13
0
0
12
774
0
0
0
0
0
0
0
0
1
0
0
1899
1
0
2
0
0
0
0
0
0
0
0
0
5
0
0
0
0
0
0
0
2
0
0
308
0
30
0
0
1
0
0
0
2
0
0
0
37
0
0
1
0
0
5
0
0
0
0
0
0
5
0
1
0
0
0
0
75
0
0
0
0
0
0
0
0
5
0
0
0
5
48
84
33
5424
2304
92
24951
545
433
586
6
1
8
150
932
220
1243
1277
2469
0
3
2163
18489
4376
24
0
0
4298
3
97
14
942
847
61
9
8
167
0
0
94
4
0
151
89
10
0
2778
0
24
10
21
374
25
0
155
0
0
0
159
282
34
319
14
12
30
1562
5
0
0
0
0
20
0
1
4768
10
138
10
5
0
9
0
0
0
117
0
883
31
341
0
0
17
82
7026
143
0
657
0
0
0
5589
250
15932
1641
682
30208
8855
68
2096
317
1032
15
4
127
68136
15
25
191
0
1
48
26
50
0
0
0
5
2093
0
0
959
10
0
22
5
3437
0
0
0
0
9
160
25
15
34
13
899
111
115
32
3
1111
497
2220
349
0
0
0
462
624
0
0
1504
156
688
4165
12
4736
0
1835
58187
46
75
0
69
135
382
2
0
53
0
3
67
160
0
0
3274
4
0
248
351
37
0
3898
548
952
88
0
0
3024
60
0
757
0
43687
51
0
510
362
416
11
188
4429
154
0
0
0
0
80
1
2299
144
188
413
281
1
937
11
17
335
2340
368
36
358
0
2
265
0
21838
27
5
0
61
12
194
1
0
848
0
1042
0
132
0
9
539
0
2
96
0
1828
272
1103
0
0
0
0
68
127
6
749
86484
2513
0
9650
3
32
0
41
2025
13
14
1072
402
0
0
0
0
0
0
0
0
0
0
16
459
1
201
1179
18
528
18
484
42
159
319
5
0
144
26
0
286
59
415
0
13
283
137
2556
3493
503
42
0
128
25
0
878
179
2
153
66
1657
2567
221
1553
2
575
1263
694
0
53
0
21
25
0
0
356
0
0
91
192
0
307
643
723
4628
73
84
72
161
8
643
521
0
434
256
17
0
1
0
3601
2167
91
79
258
0
0
39
0
58
1108
1061
106
207
390
338
0
360
2274
0
28
376
441
141
14
130
42
562
50
1340
187
1
16
4
0
39
85
4
4
699
0
0
6
0
0
0
680
0
173
0
0
0
497
10981
0
62
0
8
6
11647
221
0
3875
14151
0
68
0
0
4412
0
0
0
0
0
261
0
15
0
0
41
405
0
0
46
1
145
0
6638
0
23
0
836
781
50
2
0
2
64
0
2
17667
110
11957
0
146
811
0
0
229
152
18
0
0
513
0
36356
0
243
2
0
0
455
0
1709
16
62
486
0
17
23
519
0
65
5539
136
3
3970
1020
193
272
486
139
111
7
0
559
212
309
219
1167
515
4499
72
282
16
2446
459
0
3
47
0
36
1157
993
1218
6
691
0
0
78
12135
2845
1321
304
264
12816
2511
3
41
90
758
1151
83
775
0
45
3329
100
0
276648
0
3
0
924
0
271
97
0
0
0
72
118
0
0
213
0
1
1691
308
0
0
0
8
6
2
19
10
96
0
0
0
147
0
216
0
0
0
0
0
0
0
0
0
43
206
1164
0
24
5
541
0
77
186
0
154
126
0
7949
0
4
65
7
1577
1195
0
12632
0
1165
250
1832
11
0
2076
72
2
16
165
128
0
291
4535
465
2
34
234
1
962
3849
1448
0
1
0
1110
9
953
129
77
0
16
0
888
343
0
2422
108
6
168
1
88
229
545
90
58
691
261
18
13
202
0
1
0
165
1
572
262
6
55
681
0
69
294
20
107
12
235
127
165
0
0
16
36
243
3
743
1
3649
0
22
0
259
20080
3372
1015
1
487
321
7
0
0
2
9880
18
0
1362
356
23736
19963
3392
9
37
158952
43
2399
0
778
292
2386
287
1
0
0
0
32
0
64
4558
0
358
3493
1192
1625
500
75
26
1151
10
11
682
410
34
991
1865
0
4013
562
0
0
259
43
21
1281
10383
63
537
0
309
1049
35
1
777
90
3
868
38
0
6
24
0
0
3438
132
374
0
58
2
31
353
2314
0
1
0
578
259
826
0
2
24
729
1340
1
19912
2346
195
608
1
5
30
0
1
9
20437
2029
0
6
1246
27
5686
1
0
2673
139
208
15067
3987
153
180
260
0
0
4264
68
0
0
144
64
156
0
230
85
54
0
1371
666
24
135
492
60
70
0
186
3
0
4
19
0
1
264
125
2
101
1113
0
4
14
21
395
255
7
5
105
1
40
49
23
34
0
272
746
173
3330
15
399424
477
308
1374
144
5804
2412
54
20
178
714
1689
79
133
62
1729
108
20
0
861
219
1233
102
0
161106
168
233
21
42
1187
931
184
866
2
78
1
199
12326
292
9
27
105
4
1758
1415
4864
17
6103
1205
0
2
0
11262
3669
14
361
15120
0
11171
223
0
178
4
0
0
1
0
72
0
6681
648
13
25
4
0
13
275
2131
15520
1
216
103
2
83
81
14055
2
143
7
96
0
889
197
7
22995
606
1
0
9305
456
0
0
9504
278
116
71
0
0
48
275
0
63
668
21
624
60
2358
7
0
106
1306
4691
5622
162
905
0
0
0
140
276
0
0
0
3
4
18
2229
187
136
247
0
331
1
0
0
0
0
0
0
91
34
0
84
5
54
514
702
1528
219
72
208046
7260
0
0
48
11
0
83
3703
3084
4
320
0
828
0
0
0
0
0
0
0
0
0
0
0
0
0
0
0
0
0
0
0
0
0
0
2413
3
9
0
16
3449
27
3853
1828
215
9
99919
29
78
6611
27
655
1161
0
916
531
764
53
356
9131
0
256
0
7
1
0
0
349
297
5043
26
207
21
0
5
0
4
0
0
0
18
0
296
96
0
921
0
0
0
79
217
40
2353
0
75
150
12
99
6294
4
2
6622
0
176
72
63
3
4
0
4233
1711
100
0
69
301
0
1
1561
299
1
3
590
1186
159
69
143
360
651
0
0
3876
0
5762
6
1927
235
0
89
0
232
1381
0
25
0
0
0
0
0
0
0
0
0
0
0
533
58
185
58
19
62
95
0
0
0
0
0
0
0
0
0
0
0
0
371
6
0
0
1
615
0
1928
2
9
303
134
4
4
0
0
12
1741
2198
0
0
0
0
0
0
0
0
0
0
0
0
0
0
1
0
0
0
0
0
0
0
0
5
0
1
0
0
0
0
0
0
0
0
0
0
0
0
0
0
0
0
7
0
0
0
0
0
0
0
0
0
0
0
0
0
0
0
0
0
0
0
10
34
0
0
0
0
219
0
0
0
0
0
0
0
0
2
3
0
0
0
0
0
0
1
0
0
0
0
0
0
0
0
0
1
0
0
0
0
0
0
0
0
0
0
0
0
0
0
0
0
0
0
0
0
0
0
6
0
0
0
0
0
0
0
0
0
4
0
0
0
0
0
0
0
0
0
0
0
0
0
0
0
0
0
0
0
0
0
0
0
0
2
0
0
0
0
6
4
6
0
0
0
0
0
0
0
48
0
0
1
0
0
1
0
0
0
0
0
0
0
0
0
0
0
0
0
0
0
9
0
0
0
2
2
0
0
0
0
0
0
0
0
0
0
0
0
0
0
0
0
0
0
0
0
0
0
0
0
0
0
1
0
1
0
0
0
24
0
0
0
2
0
0
0
0
0
0
1
0
0
0
0
0
0
0
0
0
0
0
0
0
0
0
0
0
0
0
0
0
0
0
0
0
0
3
0
0
11
0
0
0
0
0
0
0
0
6
0
0
0
0
5
0
0
0
0
0
0
0
0
0
0
0
0
0
0
0
0
0
0
0
0
0
0
0
0
2
0
0
1
0
0
31
0
0
0
0
0
0
1
0
0
0
0
0
0
0
0
0
0
0
3
2
0
0
0
0
0
0
0
0
0
0
0
0
0
0
0
0
0
0
0
0
0
0
0
32
0
0
0
0
0
0
0
30
0
0
0
0
0
0
6
2
0
0
0
2
0
0
0
0
0
10
3
1
1
0
0
0
0
0
0
0
0
0
0
0
1
0
0
0
0
3
0
0
0
0
0
0
0
0
0
0
0
0
1
0
0
0
0
0
0
0
0
0
0
0
0
0
0
0
0
0
1
0
0
0
0
0
0
0
0
0
5
0
2
0
0
0
0
0
0
0
0
0
0
0
0
0
0
0
10
0
0
0
0
0
0
0
0
1
0
0
0
0
0
0
0
0
0
0
0
0
28
0
0
0
0
0
3
0
0
0
0
0
0
26
1
0
0
0
1
0
1
18
0
0
0
0
0
4
0
0
189
8
0
0
0
0
97
0
4
0
0
0
0
0
42
1
0
68
0
1
0
152
126
121
0
0
9
0
0
0
0
1
0
0
0
0
3
1
42
0
0
16
8
0
357
0
0
0
32
0
0
0
0
24
0
0
2
0
0
0
0
6681
0
0
1
24
0
1
0
0
0
40
10
77
0
1
376
0
0
2
0
1
0
0
743
0
0
0
0
0
0
0
15
0
0
0
0
0
1
0
0
0
0
0
0
0
0
0
0
0
0
0
0
0
0
0
0
0
0
0
0
0
0
0
0
0
0
0
0
3
0
0
0
0
0
43
0
0
1
0
1
0
0
0
0
1
0
0
0
0
0
0
0
0
4
0
0
0
17
0
47
0
0
0
0
0
0
0
0
0
0
0
42
12
0
0
0
74
0
0
7
5
24
4
1
0
0
0
0
0
0
0
0
0
0
0
0
0
0
0
0
0
0
2
0
0
0
0
1621
2
0
1
0
0
0
0
0
1
0
0
0
0
0
0
663
0
760
265
290
181
0
1
9066
20
6
0
7
0
40
46
58
1
135
205
66
0
376
4386
0
0
0
189
0
0
0
0
0
0
0
0
173
0
0
0
2
7
26
7
0
0
2235
0
0
1
3
0
0
0
0
20
0
0
0
0
0
0
0
0
0
0
380
0
0
0
0
0
3
252
0
0
187
0
43
0
557
26
0
6057
102
146
1
743
108
2147
2497
2
1570
19
6560
134
26
246
0
0
243
0
0
148
15789
1515
11514
68
64
141
4131
41
259
0
0
0
0
20
0
31
774
0
0
150
0
0
305
0
0
0
284
0
0
0
380
0
0
0
604
1
0
119
41
184
1
2189
1112
871
285
2
0
65
8
2
133
327
2
263
260
49
0
2
153
72
0
1
16
105
23
2
1
42
7
7734
4
56
7
4
0
0
129
0
13
2
27
1
2
21
38
3
18
31
32
37
595
346527
698
2399
2117
450
7
1129
0
2
0
0
13591
0
0
235
19
6045
92781
1465
4423
688
798
0
19
21
1223
1414
5
44
8
0
2
250
3112
12091
0
0
1
198
99
1213
0
0
845
215
0
0
24
221
16
0
71
383
221
145
42
22
20
1
0
0
0
834
19
9236
77
305
0
0
1746
133
0
7
4
28
529
0
58
10651
578
11
366
4
12
15
33
137
11
30
147
35
2464
0
9
23037
92
0
0
0
14
45
35
8061
8508
0
2398
7772
1
712
428
131
784
250
0
1
42
0
18
50
8914
488
187
3
127
65
1411
88
230
10640
185
26
93
16
0
90
5224
36
63
7
0
0
54
93
1
0
5614
1626
13
4
0
2181
880
0
0
0
0
83
12691
1
0
162
308
0
4
3689
728
26
122
5425
32
0
762
1319
556
7101
971
8
2
534
295
8208
81
0
0
0
0
0
0
14
119
0
0
1
6106
366
11
0
0
688
0
327
2
3801
431
3
553
0
15833
4
0
73
1171
0
5
3885
1
44
4
64
0
0
0
0
153
54
0
0
6385
0
0
0
105
7387
41
2704
0
0
0
0
0
0
0
0
0
109
0
0
0
0
15570
0
0
0
0
0
0
0
0
430
0
0
0
0
0
375
0
0
0
60
0
0
0
61
0
28
0
637
4
0
0
0
0
0
56
0
0
0
0
0
0
0
0
0
0
0
0
0
358
2357
144
4
29
80
21
222
602
8
421
15
92
0
2
0
0
0
0
0
15
11
0
0
78
0
4677
0
0
0
0
0
0
0
18
31595
81
0
0
1355
704
4463
0
0
0
0
0
0
694
0
3
1306
223
36
227
161
45
1
21
252
1834
24
320
0
1
193
4
6
99
3541
883
0
22
0
524
0
525
147
99
0
421
17166
81
8
43
17
0
0
0
0
10
2696
0
423
0
50
4
0
0
0
0
0
0
2
7
28
2503
0
528
0
1
0
19
0
0
14
19
405
23
76
0
0
2562
3
23
111
0
0
2229
0
646
0
0
0
4247
0
0
0
672
118
1
7
234
2854
45
550
684
171
127
0
3624
9
226
0
0
927
0
0
0
34
1
969
1933
15
61
21
312
298
4
0
3
6
25
0
778
2899
783
548
369
1964
1741
0
402
0
721
112
0
346
1
569
1
166
1
116
286687
26
189
380
1046
285
674
0
4
0
0
45
253
1261
71
0
453
2458
2418
97
1096
498
1
0
0
0
0
42
0
0
107
81
2
390
182
0
1
321
205
108
559
3276
0
17
26
94
0
5
4
1065
71
82
328
0
1
2065
2143
898
158
0
0
499
1
47879
350
134
0
1851
0
0
1
127
47
26
69
2841
4204
4235
0
31
364
39
14
400
195
0
1590
279
206
4
28906
267
7385
32
197
184
1
14970
0
0
0
0
0
1
0
2
0
350
1095
0
2
925
5
0
1531
191
2002
0
1
278
3292
12
0
19
596
5
1094
42
14
1168
19
0
5
14
0
395
146
0
0
13
782
0
1
1153
7
655
21
318
140
11
1216
0
1784
1
174
72
4150
0
0
0
0
0
0
0
0
735
5
58
85
23
40
53
945
0
0
0
0
1
5
4
784
0
0
0
865
1124
587
1616
22
1767
0
33
108
2
4
696
63827
67
8
706
201
600
3594
43
0
85
1440
34
1404
83
0
0
103
5728
321
115
2642
0
913
0
8
2152
124
5
5
913
844
0
19
140
455
0
0
172
103
0
0
0
0
0
0
10
159
0
0
0
3
0
0
0
0
1
0
0
0
48
0
2
4
0
4
0
1
90
1341
1004
122
839
186
0
67
0
0
0
0
0
0
0
0
151
36
408
2073
6778
15
2
0
0
12
1
14
0
464
0
109
300
0
8711
1018
57
0
0
19
422
714
4
12
245
1
194
0
19
130
382
3436
266
1353
8
100
0
3
0
1
4
608
103
41
0
2
8
563
90343
88
1
0
0
0
0
0
0
0
2096
1
253
0
457
9643
8069
152
5321
0
102
116
23
4
3432
94
510
517
2274
0
79
62
0
276
15140
519
739
37
79
11962
29
0
0
1
112
986
1917
11
2
65
0
0
0
0
0
0
0
0
0
0
0
0
84
52
36644
0
0
0
938
0
0
0
4
0
0
0
0
0
0
0
0
0
0
0
0
0
2
0
0
0
0
0
0
0
0
0
2
0
0
0
0
0
0
0
0
0
0
0
0
1
0
1
0
0
0
0
0
0
0
0
0
0
0
0
0
0
0
0
0
0
40
0
0
44
0
0
0
0
44
0
0
0
0
0
0
0
0
0
0
0
0
0
1
0
0
0
0
0
0
0
0
0
2
0
0
0
0
0
0
0
3
0
0
0
0
0
0
1
0
0
0
0
0
0
0
3
0
0
0
0
0
0
0
0
1
0
3
0
0
0
0
0
0
0
0
0
0
0
1
0
0
0
0
0
0
15
0
0
0
0
0
0
0
0
0
0
4
0
0
0
0
0
0
3
0
1
0
0
0
0
0
0
1
0
0
0
0
0
0
0
1
0
0
0
0
0
0
0
22
0
0
10
0
0
0
0
2
0
0
1
0
0
0
0
0
0
0
0
0
0
0
0
0
0
0
0
0
0
0
0
0
2
1
0
0
0
0
0
0
0
0
0
0
0
0
375
0
0
0
0
4
0
0
0
0
0
26
0
1
0
0
0
38
0
0
0
0
1
2
0
0
0
0
0
0
0
0
0
0
0
0
0
1
0
0
0
4
0
0
0
0
0
0
0
0
1
0
0
0
0
0
0
0
0
23
0
0
0
0
0
0
0
0
0
0
0
0
59
0
0
0
0
0
0
0
0
0
0
0
0
0
1
0
0
0
0
0
0
0
0
0
0
0
0
0
0
0
0
0
0
0
0
0
0
0
0
0
0
0
0
0
0
0
0
0
0
0
0
0
0
0
0
0
0
0
0
0
0
0
0
0
0
0
0
0
0
0
0
0
0
1
95
0
0
0
1
3
0
4
0
0
0
0
1
0
0
0
15
2
0
0
0
0
0
7
1
0
122
78
4
0
0
0
0
6
0
0
0
0
0
35
368
150
0
0
0
0
12
0
0
2
0
0
2193
1
0
0
14
10
20
0
0
0
0
62
0
25
0
0
0
0
17
0
1
0
0
0
0
2
16
0
18
11
0
36
0
0
11
0
0
70
0
0
0
0
0
0
0
0
0
0
0
0
0
0
0
0
0
0
0
0
1
0
7
0
0
9
0
0
0
1
0
1
5
456
0
0
0
0
0
0
0
301
0
9
0
0
0
0
0
0
2
0
0
38
0
0
0
0
0
0
138
1
3746
0
0
0
0
0
0
5
0
0
7
0
0
0
0
0
0
0
31
2
0
0
3
12
99
0
0
0
41
0
0
22
77
1
3107
31
0
102
231
1
0
244
0
2
716
638
43
29
0
32803
0
0
26
1
165
100
757
1585
0
1111
1680
0
525
0
133
20
82
66
405
0
112
44
413
0
0
0
0
0
0
0
112
0
0
0
0
0
0
0
0
0
981
0
16
245
0
0
0
21
0
8875
0
0
257
0
2
0
0
21
4
577
0
0
767
38
0
0
0
0
79
0
0
101
0
33
0
0
0
21
0
0
447
0
0
3
13
0
0
0
1
0
3
0
2
0
675
0
0
0
0
1362
26017
477
0
0
0
29
0
13
0
0
0
0
0
0
1
0
51
0
0
13
0
25
0
46
0
2300
0
1695
0
0
0
3116
0
0
0
9
0
2
1
0
0
0
0
0
0
483
0
1
217
0
0
0
63
243
986
3528
4185
109
0
0
0
0
1
11
0
0
0
0
0
461
1220
25
2
0
380
0
24
9
41
0
0
0
31
0
0
0
0
0
0
142
0
0
51
0
0
0
14
37
8
0
0
145
3455
0
4915
339
68
48
392
2
7
593
1
32
0
1083
335
18
429
3524
813
0
20508
48
1722
205
139
0
0
10
11
948
3606
0
89
18
3
381
167
0
0
0
0
0
411
0
177
0
0
0
0
0
161
0
0
5
58
106
3
317
110
5511
0
0
0
49
0
0
0
0
20
10
130
1046
17
53
3
0
0
14660
738
703
0
458
1600
20
47
640
70
126
130
108
62
0
147
0
0
0
0
0
0
75
25
53
0
3031
0
0
22
0
0
0
0
0
0
0
0
0
0
0
0
0
0
0
0
0
0
0
0
38
0
0
0
0
2
0
0
0
0
0
0
0
0
0
0
0
0
0
0
0
0
0
0
59678
1857
0
0
11
3763
11
502
1
250
1210
0
122
1534
217
1023
0
152
0
25
5
663
13
0
0
13
11
59
6
51
13
129
18
2656
304
0
17
239
1
208316
111
0
0
5
740
43
10
8
0
22
285
22
152
7
0
0
18
22
43723
2110
0
48
234
0
29
9
147
0
2
1521
0
56768
24981
112
0
14
408
3
3371
23
39
548
348
1256
656
0
541
14
16
2183
169
9354
31
0
2
586
0
124
660
72
5841
1314
10
1136
745
67
241
4
6
6501
86
5
16
53
415
65
141
0
188
28
156
276
3
218
559
291
1735
198270
20
9
103
3
1
1716
165
3
213
2
0
0
0
124
192
8413
191
350
0
193
0
21
3896
0
312
0
3
146
4
30
30
1706
0
172
291
11
1
10
48782
17363
0
233
0
4119
0
0
2
152
404
768
15
3882
15640
31
1304
49
6
252
0
0
0
145
119
47
329
373
3004
20
49
36
0
0
5
11
332
5
3
1
104
65
0
9
7
136
71
4
243
0
0
4
14
0
0
30
6
0
0
160
11
0
0
4701
14
0
572
0
61
0
0
0
0
0
0
0
0
0
0
0
0
0
0
0
0
0
0
0
0
74
0
0
2684
3
44
42
0
0
0
0
0
26
0
3
0
0
0
0
39
0
215
32
62958
261
24
1
0
0
0
0
0
0
0
0
0
0
0
0
233
0
0
516
0
0
0
0
0
0
0
0
0
0
0
0
0
68
0
0
0
0
0
0
32
1184
0
0
0
0
0
99
0
0
0
6890
0
616
0
3913
0
1823
3
3291
113
62
1501
5
362
391
0
122
0
1
226
0
0
0
0
614
59
0
0
711
0
0
5
0
0
642
0
0
0
0
0
1739
0
0
302
0
75
49
8
81
3
566
15
2
941
0
42
3
0
166
64
98
4878
5
0
5822
0
49
309
57
0
16
342
0
4
0
97
443
736
0
0
235305
39
755
967
1
24
27
1471
256
0
11
10
647
1
4137
148
14
931
2906
31
0
72
0
147
12
0
86
44
12
0
282
0
73
106
0
0
2788
49
50
0
17
0
0
0
6
46
0
0
0
0
1088
240254
39
1
129
0
1875
97161
0
0
0
0
0
0
0
0
0
0
0
0
0
1615
67
2139
75
0
0
0
0
934
51
162
15
30
0
17
340
114
7
0
0
0
0
0
142
0
0
167
656
0
170328
44
110351
120
0
31
1
134
214
14
0
0
2
0
0
716
0
0
0
0
1529
7757
16317
44
0
0
0
0
0
311550
6
3706
0
0
0
16145
13551
0
539
0
1322
6
0
0
0
0
0
216
0
2
0
334
0
195
0
1298
11
0
0
2828
0
0
13
0
0
0
0
6434
462
127
0
0
0
0
0
347
0
0
0
739
0
0
0
149
0
0
0
151
0
1091
4
24
1
146
2
5435
0
0
1290
0
0
198
0
74
0
21
1
177
306303
1380
0
27
126
304
664
0
0
45
3
0
7040
0
20
53
211
31
12
0
175
0
0
18
0
6
336
2
29
303
2
354
12
0
1955
20
2206
4
7
0
501
185
4
0
0
0
4
0
0
18153
1
51
0
0
110
105
11
154
1424
50
0
0
0
267
403
0
484
0
1228
7
1
3
94
13
507
1
0
496
200
0
439
0
0
0
234
27
46
0
415
9
0
0
0
0
0
0
0
34
11
0
0
0
0
0
0
0
0
0
0
232
0
0
3519
94
0
682
1202
0
207
101
0
3
820
6
0
22183
24
1
209
246
1
14
18
21
669
0
5
0
32285
159
37
0
7
2695
622
433
2
0
0
0
736
0
0
0
0
142
704
0
0
0
0
0
0
0
962
0
0
0
0
104
0
0
194
0
0
0
0
50
0
51
6
2
0
0
755
0
0
2
0
0
24
24
593
0
0
940
38
4355
0
0
52
1589
314
91
371
572
25495
576
37
0
5
0
20
204
123
16
0
498
0
253
0
2223
121
94
0
2
91
518
17
1686
105
2
10
97
792
328
410
402
0
1
0
2
0
0
0
0
308
9
22
555
0
198
4383
3
80
0
394
0
0
4
0
0
0
0
467
98
0
13
19430
0
0
0
0
0
226
0
0
0
0
104
0
0
35
0
0
0
0
0
11
10666
0
0
0
0
0
0
0
0
228
0
11085
0
3
0
59
0
0
0
0
0
0
12130
1656
6
0
0
0
21
1197
237
3948
77
8381
18
22
118
1171
112
0
44
67
373
195
1
34155
72
22
0
0
73
1303
27
132
0
0
0
0
0
0
0
0
0
0
0
0
0
0
1
0
93
1
35
34
0
31
18980
4
0
6076
2078
0
31
0
71
0
0
95
141
0
62
10
143368
41
7
252
5566
27
812
523
0
0
114
4
1
241
0
0
0
4
0
0
88
0
5
5
3670
1177
0
3203
1
638
2136
232
80
6
0
0
0
5
316
216
31
19
0
219
1
4
5
5453
7
20743
894
10
0
0
4
0
3981
0
7
45
359
577
0
0
0
518
28
556
143
0
3
62
0
836
0
11488
199
0
268
4
70
15
14
0
0
0
0
0
0
0
0
0
0
0
0
0
0
0
0
0
0
0
0
0
0
35
0
0
0
0
0
0
0
0
0
0
0
8310
0
0
0
250
60
1
3441
547
4
3255
6415
67
770
178
247
0
0
0
1923
100
10
171951
0
0
61
507
1
35
1
1763
11
14
391
3
1
194
0
21621
30133
0
133
0
651
18
4
0
0
0
128
4
0
0
0
0
0
0
0
0
0
0
0
0
0
0
0
0
0
0
0
0
0
0
0
0
0
0
0
0
0
0
0
0
0
0
0
0
0
0
0
0
0
24
0
1
10
0
0
99
60
1
745
5555
29
11
56
96
138
415
0
87
1798
1
0
3
1
182
0
2
13
371
0
1
23
13281
2
0
3
0
0
0
61960
7951
5
80
0
196
280
87
944
3370
60
6802
0
65
1
7
0
147
164
688
13
270
23
931
183
1006
1782
3313
11
99
0
0
587
0
67
589
65
357
23007
1
6
16646
71
0
0
7
1415
4736
2538
0
0
0
6
0
13
1
0
2113
61
129
1154
4
0
17
0
0
2247
145
1004
0
337
0
32
0
0
0
0
34
61
23
0
0
0
0
0
0
0
0
0
13
0
0
0
0
0
0
0
0
0
0
0
0
273697
977733
0
5
44
0
0
0
0
0
0
0
0
0
0
0
0
0
0
0
0
0
2
0
6
0
32
0
26
9
0
0
7
23
16218
5887
778
89
843
2
706
12628
89
4
1
16
81
987
571
2074
115
424
2705
12
111
53
2
0
6
307
2983
0
0
0
0
1436
80
200
220
3542
10
0
12402
9
109
37
0
0
134
9
308
367
4818
0
0
0
0
11096
81
105961
28206
0
9
20
211
77
5
0
124
0
0
3
94
3
0
0
0
0
0
0
0
0
0
0
0
37
0
7
3
0
0
0
9
30
0
0
2
86
0
5
801
391
0
0
0
0
0
0
0
202
505
82
14
418
342
2
923
53257
1180
1623
644
227
950
10
1595
126
259
268250
2637
0
17
543
6397
10
2
0
32
33386
20146
0
87
1451
671
70
0
7
1320
24
3
4216
0
1
0
0
231
49
2
3717
14073
582
7
1
144
0
1
75184
1198
0
0
0
0
0
0
0
0
0
0
0
0
0
0
0
0
0
0
0
0
0
0
0
0
0
0
0
0
0
0
0
0
0
0
0
0
0
0
0
0
0
0
0
2
0
0
8
334
112
6
4
207641
53
0
2193
581
78
225
16
0
0
0
0
44
0
1
413
2
135
2
6328
29
6
1
318
371
0
1
0
1011
0
0
1
0
0
0
0
0
1280
66
832
16
5
7847
33
0
3959
21
80
1689
1314
0
0
0
3
0
0
0
0
0
0
0
0
0
0
0
0
17
49
59
0
0
0
0
0
0
0
0
0
0
0
0
0
0
0
0
0
13
0
0
0
0
1
0
0
10
0
0
0
0
0
0
0
0
0
0
1
0
0
0
0
0
0
1
32
0
0
0
0
0
0
1
0
0
1
0
0
0
0
1
0
0
0
0
0
0
3
0
0
0
0
0
5
0
0
0
0
0
0
0
0
0
0
1
2
0
0
0
0
0
0
0
0
0
1
0
0
0
0
0
0
0
0
0
0
0
0
0
0
0
0
2
0
0
0
0
0
0
0
1
3
0
0
0
0
1
0
0
0
0
0
0
0
0
0
0
0
0
0
0
0
0
0
1
0
0
0
0
0
0
0
0
0
0
0
0
0
0
0
10
0
0
0
0
0
0
0
0
0
0
0
0
0
0
52
272
0
0
5
0
0
0
0
0
0
118
0
0
0
7
0
0
0
1
0
0
0
0
0
35
3
0
0
0
0
0
0
0
0
0
0
0
0
0
0
1
0
0
0
0
0
0
0
0
0
2
0
0
0
0
0
0
0
0
0
0
0
0
0
0
0
0
0
0
0
0
0
0
0
24
0
0
0
0
0
0
0
15
13
0
0
12
0
0
7
0
1
0
0
0
0
0
3
0
0
0
0
0
0
0
0
0
0
0
0
0
0
0
0
0
2350
0
0
0
4
0
0
0
0
0
0
0
0
0
0
0
0
6
0
0
0
0
0
0
0
0
0
1
0
0
0
0
0
0
0
0
0
0
0
0
0
0
0
0
0
0
0
0
0
0
0
0
0
0
3
0
0
0
0
0
0
0
0
0
0
0
0
0
0
1
1
0
0
0
0
0
1
0
0
0
0
0
0
0
0
0
0
0
2
1
0
5
16
0
0
0
0
0
0
0
0
0
0
0
5
0
25
0
0
6
0
0
0
0
0
578
0
0
0
0
0
0
0
243
1
0
0
0
0
0
0
0
0
0
0
0
0
0
0
0
0
0
1
0
0
0
0
0
0
0
0
0
0
0
0
0
0
1
0
0
0
0
2
0
637
0
0
4
0
0
15
17
0
0
707
0
0
0
0
0
0
0
0
2
11
12
0
0
14
103
0
0
1
2
0
0
0
0
11
3934
3
0
0
137
2
18
0
13
28
0
4
23
35
0
141
0
9
0
0
214
0
40
0
1
17
0
0
0
27
0
0
0
0
0
0
2
0
0
0
8
1078
1
0
13
0
4
0
0
0
0
0
0
1
0
0
0
0
0
0
0
0
0
0
0
0
0
0
10
0
64
0
0
0
0
0
0
0
4
0
0
0
1
0
0
0
0
0
0
0
0
0
2
0
0
0
0
0
0
0
0
0
2
0
0
166
0
0
310
0
0
0
0
0
1
0
0
0
0
0
0
229
0
0
0
1
0
0
0
1
0
0
0
0
0
0
0
0
0
0
0
1
0
0
2
0
0
0
0
0
0
0
165
0
0
4
0
1
7
0
0
0
0
0
0
0
3
1
2
2
0
0
0
0
3
34
70
2
0
0
1
0
0
0
6
17
1
0
0
0
0
0
0
3
531
0
194
0
0
0
20
0
0
11
0
7
390
759
1
0
36
0
0
0
0
35
243
2168
15
1457
10512
6389
260
14
9870
199
0
311
0
47
0
730
0
0
144
0
0
0
429
1
12
1035
0
0
0
20
1002
120
83
0
0
0
0
7
90
146
18032
2
3
71
126
2493
3
136
1
805
5
589
14
260
0
0
2594
588
15
198
0
1
59
0
0
9240
125
113
174
0
6
235
266
3676
74
110
511
0
2
0
1205
50
13
1
250
25
504
10
1788
279
97
0
1302
57
110
161
249
0
225
0
32385
317
80
44125
468
132
132
736
1
201
1
4
0
285
164
0
0
4016
1427
1895
164
394
0
2396
487
33
1547
2
7978
1
554
14
1852
0
78
10
198
183
34335
0
123
20
89
60
471
0
1
6
249
57
0
727
0
522
320
102
35
4
743
1059
2342
0
2
389
798
982
314
1
8
2574
469
124
622
13
1550
51
29
126
0
65
414
570
0
185
1898
141
1453
1
86
640
657
43
0
0
693
201
489
38
267
362
0
4
13
46
310
143
301
232
1
2385
333
0
0
0
0
0
0
448
0
2997
0
0
0
0
0
0
2
86
0
80
0
87
0
0
0
0
1399
0
2
0
0
0
0
98
0
0
0
0
0
0
0
0
1669
0
0
0
0
0
0
68
0
0
0
0
0
0
0
0
12
0
0
0
0
0
0
0
0
1
0
0
0
0
0
8
34
0
44
0
15
0
4
52
10009
125
307
8510
0
1152
4
179
0
26
11336
3
2
0
32
16
4980
0
2100
664
59
21
4134
2893
0
3315
0
3501
304
7796
84648
0
88
12
9
253
135
259
54
1222
45
0
244
0
2771
2692
301
70
31
162
68
11
835
1263
43
171
187
34
175
58
2
5705
0
1116
2575
2532
707
8
30
0
0
0
10954
4084
17
0
1998
0
622
22
1635
22787
6
13
10
2704
1150
0
111
395
2577
30
0
248
1728
1831
318
617
0
0
0
628
443
0
0
47
803
0
0
0
422
0
45
0
1295
159
55
110
1
542
89
61
72
192
441
1
1581
0
373
40080
0
50
0
999
0
316
2252
2
0
464
375
66
1294
421
8
2153
0
7
22
1
335
730
28
502
1625
14
66
7
0
1652
4
0
88
4037
0
265
154
20
2
3
912
613
8
212
18
15
0
0
12
71
61
69
0
0
0
0
0
2
0
1
0
0
0
827
0
2
1891
226
9778
76
122
0
25178
3539
6947
1619
0
41
0
0
2
0
0
108
802
118
1255
0
1884
525
2
0
3
16
177
52
1128
415
150
0
97
91
0
72
77
18
2878
25
71
0
1015
368
0
67
364
320
606
108
32
196
76
147
1
4
275
1
0
273
128
0
559
366
7030
73
2
62
5
93
150
6
592
67
38
124
34
11
50
3542
25
30
2120
193
107
3
0
15
30
1846
34
68
1146
924
0
382
23
35
2034
685
75
2065
4034
0
49
18
2386
139
1087
0
25
90
48
16619
0
202
0
484
31
2
158
0
0
16
1773
0
39
400
75
0
617
264
291
21
33
86
2847
37
3
248
420
488
135
4074
335
642
0
0
761
232
0
335
469
8
0
22
491
322
116
0
2
1
0
2741
140
677
0
1059
0
0
151
0
0
0
0
67
78
12
101
0
16
0
246
53
5
78
358
205
93
14
10
6659
62
33
2
0
3
6
109
0
302
306
2126
19324
16
0
1423
2
85
1
42
1532
16545
26228
136
1066
83
2478
4438
17
0
20
2928
0
0
0
790
251
84
0
7
20
1798
0
268671
47
365
6679
454
33
15
1551
70
66
213
301
192
37
4
0
889
3494
0
0
50
24272
31
105
644
69
0
0
1909
4733
0
1904
24
31
507
341
473
92
137
504
432
1977
0
0
107
5
4529
91
0
0
16
660
410
4
122
3977
8897
0
919
2
4
526
12
0
0
0
0
0
2083
68
98
0
0
0
0
0
0
0
0
55
2
34
1
0
72
0
33
592
6
1131
3
15
159
6
140
25
81
9
613
87000
13
0
250
0
0
1
147
1417
60
557
81
34
985
0
159
0
846
0
1200
82
0
20
4124
21
16
3000
7
14664
3
64
53
1
1168
919
377351
2
9
0
78
110
89
0
113
82
153
431
8984
0
1013
95
3047
17
343
156
28
1692
20
17
41
199
420
0
1168
2932
21843
127
0
198
1253
66
89
1
1
13
763
3
0
5
55
14
0
0
0
1101
2019
0
0
213
375
0
5
757
13
38
178
39
23
446
21
310
123
309
3295
140
0
52
80
86
235
8
122
2
6
1
0
0
0
46
170
0
147
13
66
314
0
14
19
406
18
9
0
3831
1
0
135
0
92
3214
91689
0
2
2445
2027
9567
1171
3584
95
2
29
198
0
0
171
15
0
0
187
0
135
2
27
14
9
0
44
0
0
0
54
0
2
475
172
56
1084
1
0
0
0
16
36
2820
2
9609
0
554
152
3
7481
0
0
1
16329
0
6
0
0
0
1
0
252
0
1930
0
0
0
0
0
0
0
0
0
0
0
1
0
0
0
0
0
0
3
0
0
0
0
0
11
0
0
0
0
0
0
0
0
0
1
0
0
1
0
0
0
0
0
0
0
0
0
0
0
0
0
0
0
0
0
0
0
0
0
0
0
0
0
0
0
0
0
0
0
0
0
0
0
0
11
0
0
0
1
0
0
0
0
0
0
0
0
0
0
0
0
0
13
0
0
1
0
0
6
0
0
0
0
0
0
0
0
0
2
17
0
3
0
0
0
0
0
0
0
0
0
0
0
0
0
0
0
0
0
0
0
3
0
0
0
0
0
0
0
0
0
0
0
0
0
0
0
0
0
0
0
0
0
1
0
0
2
0
0
0
0
0
0
0
0
1
5
0
0
0
0
0
0
0
0
0
0
0
0
0
0
0
0
0
0
0
0
0
0
0
0
0
0
0
0
0
0
0
0
0
1
4
0
0
0
0
0
0
0
0
0
0
0
1
0
0
0
0
0
0
0
2
0
0
0
0
0
0
0
0
0
0
0
0
0
0
0
0
0
0
1
0
0
0
0
0
0
0
104
0
1
0
0
0
0
0
0
0
0
0
0
0
0
1
0
0
0
1
0
0
0
0
0
0
0
0
0
0
0
0
0
0
0
0
0
0
1
0
0
0
0
0
0
3
7
0
0
34
0
0
0
0
0
0
0
0
0
92
0
0
0
0
0
0
0
0
0
0
0
0
0
0
0
0
0
0
0
4
0
0
0
0
1
14
0
0
0
0
0
0
0
2
0
0
0
0
0
2
0
0
0
0
0
0
0
0
1
0
0
0
10
0
0
0
0
12
0
0
18
0
0
0
0
0
0
0
1
0
0
0
0
0
0
0
10
2
0
0
4
0
0
0
0
0
0
2
3
1
0
0
1
0
4
0
0
0
0
0
0
0
2
0
0
0
0
0
3
0
0
0
1
1
0
0
0
0
0
13
0
0
0
0
0
0
0
0
1
11
0
2
0
0
1
0
7
3
0
0
0
0
0
547
2
0
8
0
2
1
0
0
0
1
0
0
0
3
0
1
87
0
0
0
0
0
0
0
5
30
0
0
164
0
0
0
0
3
0
0
0
0
19
0
0
0
4
24
1
0
0
0
0
0
0
0
0
0
0
0
0
0
0
0
0
0
17
0
0
3
0
0
0
0
550
0
0
0
1
0
11
0
0
0
0
0
0
0
0
0
0
0
0
0
893
2
0
409
0
0
0
498
0
0
3
1
0
4
0
0
0
0
0
0
0
0
1
0
0
0
0
0
0
0
0
0
0
0
136
0
12
1
1
2
0
1
0
0
0
0
0
0
0
0
2
0
0
0
0
0
67
0
0
0
1
0
0
0
0
0
0
0
0
0
0
0
0
0
0
0
0
0
0
0
0
0
1
0
0
146
0
0
0
0
90
2677
49
0
42
4
1
77
0
0
3
6
0
0
627
1
0
829
292
21
1
33
0
94
239
0
76
0
1902
59
0
70
597
38
4009
0
4556
0
0
375
1929
52
6
305
0
1156
39
1797
2329
288
0
0
0
0
2212
5
0
2
152
1216
0
38
477
8
12
167
466
1
0
53925
28
276
47
214
1259
1
0
266
1771
52
87
167
64
77581
1224
51
46
326
65
349
4
793
1513
1012
183
1
9540
40
216
380
67
1
11
1
0
3
236
0
5
14
0
108
14
337
232
2372
13290
95
0
1506
1
51
9
0
1175
753
305
430
10329
0
0
1
308
17
6
2945
3317
0
0
9
8233
233
14356
1085
546
902
24
76
0
5201
141
20
414
461
39
5
52
1247
41
5694
189
516
13
9
1259
26
9
0
3813
551
18
0
28
17558
39
5
857
24
9
0
1
4
1
1849
18
77
1211
0
229
0
10
803
3
13
299
4886
229
1
20
0
21
209
5075
48
1061
1421
4217
0
3
0
0
8
0
0
0
0
6481
0
1202
0
0
97
0
0
0
0
0
0
540
248
577
714
0
1
0
0
0
0
0
47
0
0
1325
0
0
0
4
0
0
0
0
592
276
38
0
0
0
0
0
0
0
112
0
0
0
302
0
0
0
0
4
0
0
0
0
1025
39
108
174
0
0
19
0
0
8
0
0
0
0
0
0
753
0
0
0
0
29
277
6092
1498
132
16
43
8480
6452
344
0
785
0
0
0
106
65
57
128
0
352
82205
838
7
16
0
3456
225
9
1207
2107
0
2
20
148
0
0
96
76
5
355
0
0
6
11
0
16
0
0
9523
320
26
0
483
40
0
295
45
0
18
1539
97
60
1982
154
409
5500
0
4
0
40
226
0
65
16
4115
92
152
2
51
1282
19
81
0
0
17
0
0
25
739
0
60
28
0
0
14
0
16
1
169
8
89
1204
16
0
53
4
47
60
0
269
0
73
11
0
3226
129
0
24
0
0
17564
209
0
0
0
81
0
0
50
0
0
0
0
0
54
841
23
0
0
70
0
0
0
9
37
0
0
0
0
0
92
0
0
115
0
0
0
0
0
0
320
0
0
0
0
0
0
0
0
0
542
0
2557
102
575
0
8
0
389
180
1
962
29
1534
15
46
23
1146
56844
1670
371
33
80
582
2
2762
39
5
54
0
10
47
1977
0
1282
16297
640
83
96
2328
3200
695
285
2
447
885
384
27
2175
7442
4268
95391
18
0
5
9
2654
3
310
0
2
4
845
12
3
0
10
6
5257
10
1205
3
0
0
0
7217
5284
0
0
0
0
626
0
61
2124
0
666
2
0
4988
23
329
1520
0
18
17
2949
0
73
813
3
0
1527
21
0
408
165
0
0
2
1201
46
181
3
537
9
109
0
0
1341
26459
8
2719
2372
113
66912
0
287
1
30
0
353
0
1101
13
0
0
94
0
0
0
0
1
0
3
0
0
0
7
0
0
16
0
828
0
0
11737
0
2
58
1
1
0
496
554
148
281
163676
1888
347
1368
12
1
3194
69
0
185
214
28314
260
1216
4
46
30
4409
8
758
18
1626
41
376
1604
0
89
426
5497
1913
3818
63
0
49
1
2
216
1247
13
41
396
0
1
1694
36
1503
701
132
68
0
371
5
1
667
380
2
48
387
8639
142
1
277
0
0
30
95
0
3811
101
218
756
0
133
89
0
304
1494
250
11
0
0
124
132
2594
0
167
0
25
237
861
771
17
1955
712
106
4
61
429
74
75
6
0
44
56
831
0
1943
4
12
0
1
0
2986
166
0
1508
9
40
305
0
0
11
13
0
0
0
0
0
4
3
36
9
591
1
1
0
172
0
152
0
0
9
1
0
1
451
5
1284
39
10909
418
3169
2186
136
40
801
16885
38
8
0
370
123
8
7
4449
3
3408
0
62
4
426
33691
1450
3118
465
1376
1641
3957
385
1
0
24
39
0
0
0
2211
1658
30
7
443
66
24
0
791
1209
0
0
880
123
254
808
0
1669
12273
0
96
80
23
223
2335
667
3804
244
473
817
12435
20
420
1276
1130
11
0
3
222
6
96
6
3692
126
1
0
4
2239
1436
1
15
4
1
0
0
33
289917
2251
0
1306
1715
1191
599
994
20748
397
952
12
0
12
1991
3623
28
26
20
0
1
11
2
12574
5
0
223
4
2
10592
146
2105
198
219
0
81
0
185
4781
836
934
22
1470
6744
5880
2
0
5
0
98
205
0
1
0
0
1
3
25
108
636
53
145
1015
1
732
0
2
0
1581
0
0
1
0
0
0
0
210
458
35
131
0
19021
123
64
464
1225
203
1851
659
2860
715
58
12
0
3
0
2195
6769
0
0
0
0
3
371
1051
9893
1903
41
136
40
2
181
5241
1961
1060
19
131
3
13433
41
1777
7
2
1
18
7266
27
1
0
0
86
550
0
234
18
27
945
43
732
0
5
0
40
7
533
3971
608
12726
6469
5143
25
53
206
119
649
0
64
0
0
0
0
0
0
0
0
0
0
0
0
0
0
0
0
0
0
0
0
0
0
0
91
0
0
0
0
0
0
0
0
0
0
0
0
0
0
32
0
0
0
0
0
0
0
0
0
0
0
0
0
0
0
42
189
3
7
0
0
1
792
2
3188
0
3
37
14
0
125
17
905
3
0
234
38
17
9
4575
750
7
534
0
8
4195
0
0
0
0
0
2
1746
0
0
2867
2
2643
2
306
147
99
19380
5
5
42676
5443
0
0
0
195
43691
201
45
0
1029
291
0
732
187793
0
0
0
1026
20
3
252
230
2
6
0
89
0
0
0
0
0
0
3410
376
83
13
0
0
0
0
0
0
0
0
0
0
97
1
33
22
29
301
10503
13
0
0
0
0
0
1
191
2
944
9
10044
333
0
0
1
0
2
0
0
0
0
0
0
1
0
0
0
3
0
0
0
0
0
0
0
0
0
0
0
0
0
0
0
0
0
0
0
0
0
0
0
0
0
0
0
0
0
0
0
0
0
0
0
0
0
0
0
0
0
0
0
0
0
0
0
0
0
0
0
0
8
0
0
0
0
0
0
1
0
0
0
0
0
0
1
0
0
0
0
0
0
0
0
0
0
0
0
0
0
0
0
0
0
0
0
0
0
3
0
0
2
2
0
0
0
0
0
0
0
0
0
0
0
0
0
0
0
0
0
0
10
0
0
0
0
0
0
31
0
0
0
0
0
0
0
0
0
0
0
6
0
0
0
0
1
0
0
0
0
0
0
1
5
0
0
15
1
0
0
0
0
0
0
0
0
0
0
0
0
0
0
0
0
0
0
0
0
0
0
2
0
1
1
5
328
0
0
1
7
0
0
0
0
0
0
0
0
0
0
0
5
0
0
7
4
0
0
0
0
0
1
0
0
0
1
0
0
0
1
0
0
0
0
0
0
0
0
0
0
0
0
0
0
16
0
4
0
0
0
0
0
0
0
0
0
0
0
0
0
0
0
0
0
0
0
0
0
0
0
0
0
0
0
0
0
0
0
1
0
0
0
0
0
0
0
0
0
0
0
0
0
0
0
0
0
0
0
0
0
0
0
0
0
0
0
0
0
0
0
0
0
0
0
0
0
0
0
0
0
0
0
0
0
7
0
0
0
0
0
0
0
0
0
0
0
0
0
0
0
2
2
0
28
0
3
0
0
0
0
0
0
0
0
0
0
0
0
0
1
1
0
0
0
2
0
0
0
0
0
1
0
0
2
1
0
2
2
0
0
0
0
24
0
0
0
0
0
0
1
0
1
0
0
0
0
0
0
0
0
0
1
3
0
46
0
4
0
0
0
0
0
0
24
0
0
3
0
0
0
0
0
0
0
0
0
0
0
0
0
0
0
0
0
9
0
0
0
4
1
0
0
3
0
0
0
1
0
3
0
0
0
0
0
256
0
0
0
0
0
0
0
0
0
0
0
14
0
19
0
0
0
0
1
3
1
0
0
0
0
0
0
0
1
0
0
0
0
0
0
0
0
0
0
0
0
0
0
0
0
0
0
0
0
0
18
0
0
1
0
0
0
0
0
0
8
0
0
0
0
0
0
0
1
0
0
1
1
0
0
2
0
0
0
0
0
0
7
0
0
0
0
17
0
0
0
0
0
0
0
0
0
28
0
0
3
0
0
0
38
0
0
0
0
0
109
0
0
0
591
1
1
0
0
0
1
0
3
0
0
0
1505
55
0
0
0
0
0
0
0
0
2
0
4
0
1
0
0
0
1
0
0
1
0
2
0
274
0
0
0
0
0
0
0
0
0
0
0
0
0
0
1
0
4
0
0
0
0
0
0
0
0
0
0
1
3
0
1
0
0
0
0
0
0
425
0
0
0
0
0
23
140
2
0
1
1
8
9
0
0
0
0
0
0
0
0
0
0
0
0
0
0
0
0
0
4
0
0
0
263
11
0
0
0
0
0
0
0
0
0
0
0
0
0
0
30
0
1142
0
4
305
22
0
37
143
0
1
1
0
0
359
0
0
90
6
0
0
0
0
26
0
0
0
0
0
0
0
60
0
1
0
2682
2435
1793
262
0
0
0
0
0
625
0
0
0
0
0
0
0
10325
816
533
34937
167
0
1975
0
197
0
13
0
1
879
0
39
18
3305
238931
0
10546
4820
0
22845
0
46
0
0
0
0
2
0
0
0
0
0
0
0
24
0
0
0
0
0
0
2267
116
0
0
0
0
0
1171
0
0
0
0
0
0
1
0
0
100
0
0
0
0
15676
533
1402
1687
3303
3365
2
0
128
0
0
119
1158
213
483
818
333
8
0
0
8940
17273
152
1294
1216
11278
0
4
1
0
742
0
346
319
747
571
83
10176
561
17
0
0
0
0
0
0
0
14
26
0
0
2018
0
1
584
6360
24
62
0
0
164
0
44
1
0
0
8058
1
1756
1672
5
251
228
6
714
0
0
795
0
115
0
0
0
3298
0
89
18
1
5713
108
4
25
31
0
0
0
0
0
0
0
0
0
2693
36
235
134
1819
8621
0
1
0
10
0
0
0
0
0
0
0
0
266
0
9387
0
0
0
11
0
28
0
0
401
123
177
0
14
0
0
9
15458
333
0
59
3502
0
1
103
175
1093
89
0
874
117
6
393
101
138
67
11633
170
0
0
0
968
272
955
0
0
0
0
881
6
0
0
0
13
1
378
5
559
101
1
0
2142
169
0
298
0
1140
12
1
0
6
243
804
221
412
189
224
8
480
1
497
495
5
0
0
50
0
136
0
8
0
267
181
0
69
5
0
1209
6383
96
12
45
143
2752
2429
1
148
154
38
7
0
75
40
0
2
70
30
142
0
216
0
0
0
0
368
0
2
0
8
0
8
23
143
15
3551
27
776
0
83
57
0
469
0
34
19
1324
316
3
40
10
112
2696
101
567
0
950
0
18
1117
1
0
0
1257
0
509
0
10
0
0
118
174
0
0
0
778
228
0
0
0
0
0
0
0
0
18
0
71
2975
0
62
0
0
0
597
0
341
4316
18
6
8
0
80
9
656
0
0
43
43
201
1
105
0
17
110
3
1534
23
92
0
1980
0
0
0
0
0
0
29
44
70
0
1707
0
2
0
0
0
0
0
0
0
183
82
0
0
0
0
7
103
919
152
10
0
520
1
0
497
180
0
1141
137
156
280
1438
9561
131
0
1
89
1440
5799
1616
92
19
35
44861
44
8
0
0
66023
0
0
4
125
104
0
0
37
8
20
673
15
5
76
1280
991
16
2
3
0
108
13
0
0
0
0
0
0
0
0
0
0
124
1820
1374
0
0
388
529
496
5
1
464
0
8
0
3041
678
1798
0
256
20
73
48
5
55
0
0
1600
432
0
7
0
0
0
0
240
0
29
635
3
17
804
426
0
18
351
742
0
0
10
1
25
0
0
55
206
0
0
0
0
0
0
0
0
0
0
0
2009
0
0
832
0
0
0
2
7
0
3
0
1
12860
2
250487
2
153
59
0
0
0
0
0
0
2
0
0
0
0
260
20
0
0
0
0
0
0
0
0
16
0
0
2
0
0
1151
86
0
0
0
0
0
0
25
0
0
0
1
0
0
0
32
723
332
2
2653
6014
393
40
1737
0
557
405
129
7
0
1847
3632
7
17
0
0
0
0
18
3395
385
0
0
0
0
205
0
0
0
0
0
0
0
0
0
0
0
8
29
158
78
148
472
37
0
0
0
0
0
0
178
125
0
0
0
4
39
0
316
0
106
2
30936
2961
8264
2157
1015
147
0
0
0
0
0
0
0
0
0
0
0
0
0
2129
0
0
1235
0
0
74
81
0
5
0
22
3
35
0
0
2357
4
0
1797
0
101
0
0
34
0
0
10
0
0
183
0
7467
187
17260
38
263
614
16
320
0
0
0
0
2
0
0
0
0
6
1
0
0
0
0
0
54
0
0
0
3
5
235
3
0
20
276
24
0
206
3238
6
541
2118
8539
0
245
0
8
1588
0
0
0
0
0
0
0
0
0
44
0
125
0
0
0
0
0
0
0
0
0
0
0
0
0
0
317
22
692
0
0
1960
85
0
0
0
0
0
0
0
0
0
0
0
0
0
0
0
0
11
0
466
46
0
0
0
28
0
384
103
95
346
84
2756
31
3
16
0
0
143
278
0
82
31
41
3975
2
241
7
0
0
0
0
0
0
0
0
0
0
0
2
0
0
1
0
0
0
0
0
0
0
0
0
0
1
190
3
0
2
0
0
1
2
1
0
0
0
0
0
0
0
0
0
1
0
0
0
0
0
0
1
0
2
0
0
0
0
0
0
3
0
0
1
0
0
0
3
0
0
0
0
0
0
0
0
13
0
0
49
7
0
0
0
0
0
0
0
0
0
0
0
0
0
0
0
0
397
0
0
6
5
0
0
164
0
0
0
0
3
1
117
0
0
3
0
425
35
101
172
10
12
48
4
2
0
0
0
0
1
0
0
2
280
8
0
38
3
695
6
0
0
0
0
81
0
0
0
0
0
0
0
0
0
0
0
0
0
0
0
0
0
6
0
0
0
0
0
0
0
0
0
0
0
0
0
0
0
0
0
0
0
0
17
0
0
0
0
0
1
0
0
0
0
0
0
3
0
0
0
1
0
0
0
28
0
213
0
0
0
0
0
0
0
0
0
0
0
0
0
0
0
0
0
0
0
0
0
0
0
0
0
0
0
0
0
0
0
0
0
0
0
0
0
0
0
0
0
0
0
0
0
0
0
0
0
0
0
0
1
14
1077
4779
366
852
0
0
0
0
0
0
0
0
0
0
0
0
0
0
0
0
0
0
0
0
0
0
2
0
0
0
0
0
0
0
0
0
0
0
0
0
0
0
0
0
0
0
0
0
0
0
0
0
3
0
0
0
0
0
0
0
0
0
0
0
0
0
0
0
0
0
0
0
0
0
0
0
0
0
0
0
0
0
0
0
0
0
0
0
0
0
0
0
0
0
0
0
0
0
0
0
0
0
0
0
0
0
0
0
0
0
0
0
0
0
0
0
0
0
0
0
0
0
0
0
0
0
0
0
0
0
0
0
0
0
0
0
0
0
0
0
0
0
0
0
0
0
0
0
0
0
0
0
0
0
0
0
0
0
0
0
0
0
0
0
0
0
0
0
0
0
0
0
0
0
0
0
0
0
0
0
0
0
0
0
0
0
0
0
0
0
0
0
0
0
0
0
0
0
0
0
0
0
0
0
0
0
0
0
0
0
0
0
0
0
0
0
0
0
0
0
0
0
0
0
0
0
0
0
0
0
0
0
0
0
0
0
0
0
0
0
0
0
0
0
0
0
0
0
0
0
0
0
0
0
0
0
0
0
0
0
0
0
0
0
0
0
0
0
0
0
0
0
0
0
0
0
0
0
0
0
0
0
0
0
0
0
0
0
0
0
0
0
0
0
0
0
0
0
0
0
0
0
0
0
0
0
0
0
0
0
0
0
0
0
0
0
0
0
0
0
0
0
0
0
0
0
0
0
0
0
0
0
0
0
0
0
0
0
0
0
0
0
0
0
0
0
0
0
0
0
0
0
0
0
0
0
0
0
0
0
0
0
0
0
0
0
0
0
0
0
0
0
0
0
0
0
0
0
0
0
0
0
0
0
0
0
0
0
0
0
0
0
0
0
0
0
0
0
0
0
0
0
0
0
0
0
0
0
0
0
0
0
0
0
0
0
0
0
0
0
0
0
0
0
0
0
0
0
0
0
0
0
0
0
0
0
0
0
0
0
0
0
0
0
0
0
0
0
0
0
0
0
0
0
0
0
0
0
0
0
0
0
0
0
0
0
0
0
0
0
0
0
0
0
0
0
0
0
0
0
0
0
0
0
0
0
0
0
0
0
0
0
0
0
0
0
0
0
0
0
0
0
0
0
0
0
0
0
0
0
0
0
0
0
0
0
0
2
0
0
0
0
0
0
0
0
0
0
0
0
0
0
0
0
0
0
0
0
0
0
0
0
0
0
0
0
0
0
0
0
0
0
0
0
0
0
0
0
0
0
0
0
0
0
0
0
0
0
0
0
0
0
0
0
0
0
0
0
0
0
0
0
0
0
0
0
0
0
0
0
0
0
0
0
0
0
0
0
0
0
0
0
0
0
0
0
0
0
0
0
0
0
0
0
0
0
0
0
0
0
0
0
0
0
0
0
0
0
0
0
0
0
0
0
0
0
0
10
42608
0
0
0
0
0
0
0
0
0
0
0
0
0
0
0
0
0
0
0
0
0
0
0
0
0
0
0
0
0
0
0
0
0
0
0
0
0
0
0
0
0
0
0
0
0
0
0
0
0
0
0
0
0
0
0
0
0
0
0
0
0
0
0
0
0
0
0
0
0
0
0
0
0
0
0
0
0
0
0
0
0
0
0
0
0
0
0
0
0
0
32
9114
183
