0
0
0
0
15960
0
0
0
0
0
0
0
0
0
0
0
4
0
0
0
0
0
1228
0
0
0
0
0
0
0
28610
0
0
0
0
0
0
618
0
21
0
0
12230
0
0
0
0
0
0
0
0
61
0
0
11851
4714
0
1654
0
0
0
0
0
0
0
2
0
0
0
28678
0
0
0
0
0
44086
0
0
0
0
0
0
0
0
0
0
0
40269
0
0
0
0
0
0
0
6355
0
0
0
53
0
0
0
0
0
0
0
9539
0
808
0
0
0
0
0
0
0
0
0
0
25973
0
2
0
0
0
0
0
0
0
0
0
0
0
0
0
0
0
0
0
0
0
0
0
0
0
0
14
2372
0
0
0
0
0
0
0
0
1
0
0
0
0
3415
0
0
22523
0
0
0
0
0
0
0
0
0
0
0
0
0
10
0
0
0
0
0
0
0
0
0
1049
0
0
0
0
0
0
0
0
0
0
17975
0
1
3365
9520
0
0
0
0
0
0
0
4
0
0
20320
0
0
0
0
13
0
0
0
0
0
0
0
0
5766
0
0
0
0
0
0
0
0
8331
1056
0
0
0
0
0
0
0
0
0
0
17358
0
0
0
0
0
0
0
6
0
0
0
0
0
0
0
0
0
0
0
0
0
0
0
0
0
0
0
0
0
0
0
0
0
0
0
148
0
0
0
545
0
0
0
0
0
0
0
0
6
0
0
0
0
0
0
0
0
0
0
0
0
0
0
0
0
0
0
0
0
0
0
0
0
0
0
2888
0
0
0
0
0
1545
0
0
0
0
0
0
0
0
255
0
0
0
0
0
20221
0
0
27922
0
0
0
0
0
0
0
0
5218
0
39850
7
0
0
0
0
0
0
0
0
0
0
0
0
0
0
0
0
0
0
0
0
0
0
0
0
4
0
0
0
27589
0
0
0
0
0
0
0
0
0
15832
0
0
26
0
0
771
28095
0
0
0
0
0
0
0
0
0
0
0
0
0
0
0
0
0
0
0
0
0
0
0
0
0
0
0
0
0
0
0
0
0
0
0
53574
0
0
0
0
0
0
0
17571
0
0
0
0
0
0
0
0
0
0
0
0
0
9
0
0
0
0
0
0
0
0
0
0
0
0
0
0
0
0
4
0
0
0
0
0
0
0
0
0
0
0
0
0
0
0
0
0
0
0
0
0
70725
2711
0
0
0
0
0
0
0
0
0
0
0
0
0
0
0
0
290
0
0
0
0
0
0
0
0
0
0
0
0
0
0
12017
122
0
68879
0
6580
0
0
0
0
3
0
0
0
0
0
0
0
0
0
0
0
0
15
0
0
0
0
0
0
0
0
0
0
0
0
0
0
0
0
0
0
180
362
20
0
0
0
0
0
0
0
0
0
0
0
0
0
0
0
0
0
0
0
0
0
0
516
0
0
0
0
0
0
0
0
0
0
6451
0
9661
0
0
0
0
0
7116
1739
0
0
0
47460
10929
0
0
0
0
0
0
0
0
0
0
0
0
0
0
0
0
0
0
0
0
0
0
0
0
0
0
0
23
0
0
0
0
0
0
0
0
0
0
0
0
0
0
5416
19852
0
0
0
0
0
0
0
0
0
1
0
0
974
0
0
0
0
0
1
0
0
0
0
0
0
2
0
0
12360
0
0
0
0
7964
0
0
11234
0
0
0
0
8635
0
0
0
0
0
2661
0
0
0
0
0
0
0
12
0
0
8
0
0
0
0
0
0
0
0
0
0
0
0
0
0
2
0
0
0
0
0
0
0
0
0
0
0
0
0
0
0
4
0
0
0
0
0
0
0
0
0
0
12904
0
0
3
0
0
0
0
0
0
0
0
860
0
1
0
0
0
0
0
0
0
47253
0
0
0
0
0
29738
0
0
0
0
0
124
0
0
0
0
0
0
0
0
0
0
0
0
0
0
0
0
0
0
0
0
0
0
0
0
0
0
0
0
0
2
0
0
0
0
0
0
0
0
0
0
0
0
0
0
0
26
0
0
0
0
0
0
0
0
0
1473
0
0
0
0
0
0
27144
0
0
0
0
1015
7
0
0
0
0
0
0
0
0
0
16679
0
0
0
0
0
0
0
0
0
0
0
37597
0
0
0
6
0
0
0
0
0
0
0
6
0
0
0
0
0
0
0
0
0
0
0
0
0
0
5162
0
0
0
0
0
0
0
0
0
0
0
0
0
0
0
0
0
0
0
0
0
10839
0
0
0
0
224
27
0
7
0
0
0
0
0
0
0
446
0
0
0
0
0
0
0
0
0
0
0
0
0
0
0
0
0
60848
0
0
1
0
0
4
133526
0
0
0
2663
0
0
0
0
0
0
0
0
0
0
0
0
0
0
5
0
0
0
0
0
0
0
0
398
0
0
0
0
314
0
0
0
8102
0
0
874
0
0
0
0
0
0
0
18
0
44924
0
0
0
0
0
0
0
0
0
0
0
0
0
0
0
693
0
0
0
0
1358
0
0
0
0
0
281
0
0
0
0
0
0
0
19770
0
0
0
0
0
0
354
0
0
0
0
0
0
0
0
0
0
0
7
0
0
0
0
0
0
90741
0
0
0
0
0
0
0
0
0
0
0
0
0
0
0
0
0
10548
0
0
0
0
0
0
6
0
0
0
0
0
0
0
0
0
0
0
0
0
0
0
0
0
0
0
0
0
0
0
0
0
0
0
0
0
4327
0
40090
0
0
1716
2012
0
314
0
0
0
13898
0
0
0
0
0
0
0
0
0
0
0
0
0
354075
0
147705
0
0
0
12315
15071
394
0
0
0
0
0
320
0
0
0
0
0
0
0
0
0
0
0
0
0
0
0
0
0
0
0
0
0
0
0
0
0
0
0
0
0
0
0
0
0
0
0
0
0
0
0
0
0
0
0
0
0
0
0
0
0
0
0
0
0
0
0
0
0
0
0
0
0
0
0
0
0
0
0
0
0
0
0
0
0
0
0
0
0
0
0
0
0
0
0
0
0
0
0
0
0
0
0
0
0
0
0
0
0
0
0
0
0
0
0
0
0
0
0
0
0
0
0
0
0
0
0
0
0
0
0
0
0
0
0
0
0
0
0
0
0
0
0
40
0
0
0
0
0
0
0
0
0
0
0
0
0
0
0
0
0
0
0
0
0
0
0
0
0
0
0
0
0
0
0
0
0
0
0
0
0
0
0
0
0
0
0
0
0
0
0
0
0
0
0
0
0
0
0
0
0
0
0
0
0
0
0
0
0
0
0
0
0
0
0
0
0
0
0
0
0
0
0
0
0
0
0
0
0
0
0
0
0
0
0
0
0
0
0
0
0
0
0
0
0
0
0
0
0
0
0
0
0
0
0
0
0
0
0
0
0
0
0
0
0
0
0
0
0
0
0
0
0
0
0
0
0
0
0
0
0
0
0
0
0
0
0
0
0
0
0
0
0
0
0
0
0
0
0
0
0
0
0
0
0
0
0
0
0
0
0
0
0
0
0
0
0
0
0
0
0
0
0
0
0
0
0
0
0
0
0
0
0
0
0
0
0
0
0
0
0
0
0
0
0
0
0
0
0
0
0
0
0
0
0
0
0
0
0
0
0
0
0
0
0
0
0
0
0
0
0
0
0
0
0
0
0
0
0
0
0
0
0
0
0
0
0
0
0
0
0
0
0
0
0
0
0
0
0
0
0
0
0
0
0
0
0
0
0
0
0
0
0
0
0
0
0
0
0
0
0
0
0
0
0
0
0
0
0
0
0
0
0
0
0
0
0
0
0
0
0
0
0
0
0
0
0
0
0
0
0
0
0
0
0
0
0
0
0
0
0
0
0
0
0
0
0
0
0
0
0
0
0
0
0
0
0
0
0
0
0
0
0
0
0
0
0
0
0
0
0
0
0
0
0
0
0
0
0
0
0
0
0
0
0
0
0
0
0
0
0
0
0
0
0
0
0
0
0
0
0
0
0
0
0
0
0
0
0
0
0
0
0
0
0
0
0
0
0
0
0
0
0
0
0
0
0
0
0
0
0
0
0
0
0
0
0
0
0
0
0
0
0
0
0
0
0
0
0
0
0
0
0
0
0
0
0
0
0
0
0
0
0
0
0
0
0
0
0
0
0
0
0
0
0
0
0
0
0
0
0
0
0
0
0
0
0
0
0
0
0
0
0
0
0
0
0
0
0
0
0
0
0
0
0
0
0
0
0
0
0
0
0
0
0
0
0
0
0
0
0
0
0
0
0
0
0
0
0
0
0
0
0
0
0
0
0
0
0
0
0
0
0
0
0
0
0
0
0
0
0
0
0
0
0
0
0
0
0
0
0
0
0
0
0
0
0
0
0
0
0
0
0
0
0
0
0
0
0
0
0
0
0
0
0
0
0
0
0
0
0
0
0
0
0
0
0
0
0
0
0
0
0
0
0
0
0
0
0
0
0
0
84
0
0
2
0
0
11997
0
0
0
0
0
0
0
464
0
0
8057
0
0
0
0
0
0
0
0
0
0
0
0
0
0
1
0
0
0
1385
0
0
0
29216
0
0
0
0
0
0
8404
0
0
30555
8811
71
12
0
0
0
14
0
0
0
0
0
0
0
6315
0
0
0
0
0
0
9314
0
0
0
0
0
0
0
0
0
0
0
95
0
324
0
0
0
0
0
0
0
12840
0
0
0
31
0
0
0
0
14276
0
0
0
0
0
0
0
0
0
0
0
0
0
1
0
0
0
0
0
3
0
0
0
0
0
0
85425
247
0
0
0
0
66618
0
31
0
4457
0
0
0
0
0
0
4757
0
0
0
0
0
0
951
0
8177
0
0
0
0
0
0
0
3672
0
0
0
0
0
0
0
0
0
0
0
0
0
4304
0
0
0
0
1322
0
0
0
0
0
0
12
30
8
79016
0
0
0
0
0
0
0
0
11669
0
0
0
0
0
0
0
0
0
0
0
0
0
0
5
0
0
0
0
0
0
0
0
179
0
28557
0
0
0
0
0
0
0
0
0
0
0
10
0
0
0
0
0
0
0
0
0
0
12
0
0
0
0
0
0
0
174
0
0
0
0
0
0
0
0
0
0
0
0
0
11
1
0
0
0
0
0
0
0
0
0
0
0
0
0
0
0
0
0
0
0
0
0
1
0
0
0
0
0
0
15834
0
0
0
6
0
390
0
0
0
0
0
16229
0
0
0
0
0
26880
0
0
0
0
152
0
0
0
0
22650
0
285882
0
0
0
0
0
1312
0
0
0
0
15173
0
0
0
0
0
0
0
0
0
46092
0
0
0
0
0
0
0
0
0
0
0
0
323
0
0
0
0
0
0
0
0
0
0
0
0
0
0
0
0
0
0
0
0
806
0
0
0
0
0
0
15081
0
0
0
0
0
0
1
0
16966
144353
0
0
0
8
0
0
0
0
0
0
0
0
0
0
0
0
0
0
0
0
0
0
0
0
0
0
252604
0
0
115
0
0
0
0
0
0
0
0
0
0
0
0
4348
0
0
0
1
0
0
0
4564
0
0
0
0
0
0
0
0
0
0
0
0
0
0
0
0
0
0
0
0
0
0
0
0
0
0
0
0
0
0
0
0
0
0
0
0
0
0
0
0
0
0
11420
0
0
0
0
0
0
0
0
0
0
10614
0
10478
0
0
0
0
0
0
0
0
0
0
0
14130
0
0
0
0
0
0
0
0
0
18356
0
0
10127
0
6397
0
0
0
0
0
0
0
0
0
0
0
0
30
0
0
0
0
0
0
0
0
0
0
0
0
0
0
0
9
0
0
0
0
0
0
0
0
0
0
0
0
0
0
0
0
5807
0
0
0
0
0
0
0
0
0
0
0
0
0
0
0
0
0
25518
0
3
0
4627
0
0
0
0
0
0
0
0
0
0
0
0
0
0
0
0
0
0
0
0
0
0
0
0
4
0
0
0
0
0
0
0
0
2
0
0
175
0
588
0
0
0
0
0
0
3
16814
0
0
0
0
4370
1
0
0
0
0
0
24876
0
0
0
0
0
0
0
0
0
0
0
0
0
0
0
0
0
0
0
0
0
0
0
0
0
0
0
0
0
0
0
26
0
0
0
0
0
0
0
0
0
0
0
0
0
0
0
0
0
0
0
0
0
0
0
0
0
0
0
0
0
0
0
0
12825
0
0
0
0
0
0
0
0
1
151
0
0
0
0
0
29
9
0
0
0
0
0
0
0
0
0
665
0
0
0
0
0
0
0
24262
0
0
0
0
0
0
0
0
0
0
8
2
0
0
0
0
23061
0
0
0
0
0
0
0
26
0
0
15761
1
0
0
0
0
0
0
14599
0
0
0
0
0
0
2633
0
0
0
0
0
0
0
1
0
0
0
0
0
0
0
2929
9093
0
0
0
0
0
0
0
1004
0
0
345
0
0
0
0
3990
39157
732
0
0
0
29
0
0
0
0
0
0
0
0
0
0
0
0
0
0
0
0
0
17745
0
179
0
0
0
0
0
0
0
0
0
0
0
0
0
0
0
0
0
0
0
0
0
0
5525
40334
0
1593
0
0
0
0
0
0
0
0
0
14512
0
0
0
0
0
0
0
0
0
0
0
0
0
0
0
0
0
0
0
0
0
0
38616
0
0
0
0
0
0
0
0
0
0
186
825
0
0
9257
0
0
0
0
0
0
0
0
0
0
0
15
0
205
0
0
0
0
0
0
33868
0
4312
0
77206
142797
0
0
0
1
0
33329
0
4
0
0
0
0
0
0
305
0
0
0
0
0
0
0
0
0
23544
0
0
0
0
0
0
0
0
0
0
0
0
0
0
0
0
0
0
0
0
0
0
0
0
0
0
0
0
0
0
0
0
0
0
0
0
0
0
0
0
0
0
0
0
0
0
0
0
0
0
0
0
0
0
0
0
0
0
0
0
0
0
0
0
0
0
0
0
0
0
0
0
0
0
0
0
0
0
0
0
0
0
0
0
0
0
0
0
0
0
0
0
0
0
0
0
0
0
0
0
0
0
0
0
0
0
0
0
0
0
0
0
0
0
0
0
0
0
0
0
0
0
0
0
0
0
0
0
0
0
0
0
0
0
0
0
0
0
0
0
0
0
0
0
0
0
0
0
0
0
0
0
0
0
0
0
0
0
0
0
0
0
0
0
0
0
0
0
0
0
0
0
0
0
0
0
0
0
0
0
0
0
0
0
0
0
0
0
0
0
0
0
0
0
0
0
0
0
0
0
0
0
0
0
0
0
0
0
0
0
0
0
0
0
0
0
0
0
0
0
0
0
0
0
0
0
0
0
0
0
0
0
0
0
0
0
0
0
0
0
0
0
0
0
0
0
0
0
0
0
0
0
0
0
0
0
0
0
0
0
0
0
0
0
0
0
0
0
0
0
0
0
0
0
0
0
0
0
0
0
0
0
0
0
0
0
0
0
0
0
0
0
0
0
0
0
0
0
0
0
0
0
0
0
0
0
0
0
0
0
0
0
0
0
0
0
0
0
0
0
0
0
0
0
0
0
0
0
0
0
0
0
0
0
0
0
0
0
0
0
0
0
0
0
0
0
0
0
0
0
0
0
0
0
0
0
0
0
0
0
0
0
0
0
0
0
0
0
0
0
0
0
0
0
0
0
0
0
0
0
0
0
0
0
0
0
0
0
0
0
0
0
0
0
0
0
0
0
0
0
0
0
0
0
0
0
0
0
0
0
0
0
0
0
0
0
0
0
0
0
0
0
0
0
0
0
0
0
0
0
0
0
0
0
0
0
0
0
0
0
0
0
0
0
0
0
0
0
0
0
0
0
0
0
0
0
0
0
0
0
0
0
0
0
0
0
0
0
0
0
0
0
0
0
0
0
0
0
0
0
0
0
0
0
0
0
0
0
0
0
0
0
0
0
0
0
0
0
0
0
0
0
0
0
0
0
0
0
0
0
0
0
0
0
0
0
0
0
0
0
0
0
0
0
0
0
0
0
0
0
0
0
0
0
0
0
0
0
0
0
0
0
0
0
0
0
0
0
0
0
0
0
0
0
0
0
0
0
0
0
0
0
0
0
0
0
0
0
0
0
0
0
0
0
0
0
0
0
0
0
0
0
0
0
0
0
0
0
0
0
0
0
0
0
0
0
0
0
0
0
0
0
0
0
0
0
0
0
0
0
0
0
0
0
0
0
0
0
0
0
0
0
0
0
0
0
0
0
0
0
0
0
0
0
0
0
0
0
0
0
0
0
0
0
0
0
0
0
0
0
0
0
0
0
0
0
0
0
0
0
0
0
0
0
0
0
0
0
0
0
0
0
0
0
37292
0
0
0
0
1
0
0
0
0
1
0
0
0
0
0
0
0
0
0
0
736
0
0
0
0
1841
0
0
0
5926
0
0
2801
55914
0
0
0
0
0
0
0
0
2797
0
0
0
0
0
0
0
0
0
0
0
0
0
0
0
0
0
0
1773
0
0
0
0
4640
0
75657
0
0
15230
0
0
0
0
0
0
9779
0
0
0
0
0
0
0
0
0
0
0
0
0
6320
449
36
11756
0
0
3805
18358
0
0
0
0
0
0
0
0
299
0
0
0
0
15960
0
0
0
0
0
0
0
0
0
0
0
28581
33
0
18
0
0
0
0
0
0
0
0
0
0
13638
0
0
0
0
0
0
0
0
23
0
0
2268
3
0
0
1
0
0
0
0
0
0
0
0
0
0
0
0
0
0
0
0
0
0
0
0
0
0
0
0
0
0
0
0
0
0
0
0
0
0
0
0
0
0
0
0
0
0
0
0
0
0
0
0
0
0
0
15689
0
581
0
0
0
1
18
0
0
0
164131
0
0
0
0
0
0
0
0
0
0
0
6049
0
0
0
0
0
0
0
0
0
0
0
1
0
0
0
0
0
27601
0
0
0
0
0
0
0
0
0
0
0
0
0
5
0
0
0
0
0
0
0
0
6567
0
20
0
0
0
2
0
30634
0
0
0
0
0
0
0
0
0
0
0
236
0
0
0
0
0
0
0
0
0
0
0
0
0
0
0
0
0
5544
0
1
0
20899
0
0
0
0
0
0
0
0
0
0
0
13107
0
0
0
0
0
0
0
3551
0
93
22451
0
0
0
0
0
1
0
0
0
0
0
0
0
0
0
0
1686
0
0
0
0
0
14706
1
0
3796
0
0
0
0
0
0
0
0
0
0
0
0
0
0
0
0
0
0
0
0
0
0
0
0
0
0
0
0
0
0
24296
0
0
0
0
0
0
0
0
0
0
0
0
0
0
3
0
0
0
0
0
0
258
0
0
0
0
0
0
0
0
0
0
0
0
0
0
31856
0
0
0
107
0
911006
1
0
0
77
0
0
0
0
0
0
0
0
0
0
0
1159
47691
0
0
0
0
0
0
0
0
0
0
0
0
0
0
0
0
0
0
0
0
0
0
0
0
0
0
0
0
0
0
0
0
0
0
0
0
0
0
0
0
1
0
0
10454
0
0
0
0
0
31314
0
0
0
0
0
0
0
0
0
0
23108
0
0
0
0
0
0
0
0
0
0
0
0
1
0
26298
0
0
0
0
0
36
1
0
5870
0
0
0
0
9720
0
0
0
0
0
0
0
0
0
0
0
0
0
0
0
0
0
0
0
0
0
0
0
0
0
0
0
27169
0
0
0
0
0
0
0
0
0
0
0
0
0
2497
79096
0
0
0
0
96080
0
0
1
0
0
0
1221402
0
0
0
11520
0
0
0
0
0
102335
0
0
0
0
29
0
0
0
8
0
0
0
0
0
446
0
0
0
0
0
0
0
0
0
0
0
0
4204
0
0
0
19
0
0
11814
0
0
0
0
0
0
3830
0
0
0
0
3255
0
0
0
0
0
0
0
0
0
0
201
830
0
0
0
0
0
0
0
0
0
0
0
0
0
0
0
0
0
0
0
0
0
0
0
0
0
1111
0
0
247
0
5177
0
0
0
0
0
0
0
0
0
0
0
0
0
0
0
0
0
0
0
0
0
0
0
0
0
0
0
18574
0
22
0
0
0
41220
0
0
133878
0
0
0
0
0
0
0
0
0
0
0
0
0
0
0
0
0
0
0
0
0
0
0
0
0
15
25108
0
0
0
0
0
0
0
0
0
0
0
0
0
0
0
0
0
0
13651
0
15110
1
0
0
0
20
0
0
0
0
0
0
0
0
0
0
0
0
0
0
0
0
0
0
0
0
0
0
0
7
0
0
0
17078
4
0
136
0
0
0
1
0
0
0
0
0
0
11331
3
0
2113
558
0
0
0
0
0
0
0
0
0
0
0
0
0
0
0
0
0
0
0
11316
0
0
0
0
0
980
0
0
15855
0
0
0
0
0
0
0
0
0
2195
0
0
230
0
0
0
51
3
8193
13404
0
0
0
0
2189
0
0
0
0
0
0
0
0
15849
8
0
0
63
0
0
0
1
0
0
0
4
0
1
0
0
0
0
0
0
0
33634
0
0
5787
0
0
0
0
0
0
76860
0
10867
0
0
0
0
0
0
0
0
0
0
0
0
0
0
37691
0
0
0
0
0
0
928
0
0
15
0
0
2883
0
0
0
0
0
0
0
14236
0
3
849
0
0
0
0
0
0
0
0
0
0
0
0
0
1984
0
0
0
45
0
1
0
7623
0
0
0
0
0
0
0
0
0
0
0
0
0
0
12006
0
0
0
0
0
0
1
80018
0
0
17124
0
0
0
0
163522
0
0
0
0
0
0
23891
0
0
0
0
0
0
0
0
16241
0
0
0
0
0
0
0
0
0
0
6961
0
0
0
0
0
0
485
0
94222
0
47993
0
19564
0
0
0
0
0
0
1692
0
0
0
0
14004
318
0
0
0
0
0
0
1
0
0
102
0
0
0
0
0
0
0
3347
0
0
4
0
0
0
0
0
6909
0
0
0
111
135
0
0
0
0
0
0
0
0
4093
1726
0
0
0
0
0
12761
0
0
0
0
0
0
0
0
0
0
0
0
0
1
0
0
0
0
0
0
0
0
0
23685
0
0
0
0
0
1
0
0
0
26
0
0
0
0
0
0
0
0
0
0
0
0
0
0
0
54124
0
0
21887
0
0
0
0
0
0
0
0
0
782
0
0
0
0
0
0
91
0
257
300
0
0
67
24661
0
0
0
0
0
53
0
0
0
0
0
0
17
0
0
0
0
0
0
0
0
0
0
10761
0
0
0
7
0
0
0
0
0
0
0
0
1
0
0
0
0
0
0
0
0
0
0
0
8800
0
0
0
0
0
0
31421
0
158
0
0
0
0
0
0
0
0
0
0
0
0
0
4729
0
0
0
0
0
34092
0
0
0
0
0
0
0
0
0
323
0
19530
0
8
0
0
0
0
0
0
0
0
0
39
14
0
0
0
0
0
0
0
0
0
0
0
0
0
0
0
0
0
0
0
0
0
0
0
0
0
0
17
0
0
0
0
0
0
0
0
0
0
0
0
0
7
532
0
0
0
0
0
0
0
0
19706
792
0
0
0
0
0
0
0
0
0
0
0
0
0
0
0
38
0
0
0
0
0
0
0
0
1
0
0
0
0
0
0
0
0
0
1
0
0
0
0
0
0
0
0
0
0
0
0
0
0
0
0
0
0
0
6
0
0
0
0
0
304
0
0
0
0
0
0
0
0
0
0
0
0
18559
0
0
0
0
0
2
0
0
0
0
0
0
5169
12
0
7748
0
0
0
0
0
0
0
0
0
0
0
0
0
0
0
23
0
0
0
0
2
19
0
0
0
0
0
0
0
13
0
8207
0
0
0
0
0
0
0
15861
0
0
0
0
0
0
0
0
0
0
0
0
0
0
0
0
216
0
0
0
0
0
0
0
0
0
0
0
0
0
0
99678
0
0
0
0
2330
0
0
0
0
0
0
0
0
0
0
0
1063
0
2408
1950
0
0
0
0
0
0
23618
0
0
0
0
0
0
0
0
0
0
468
0
0
0
0
21265
0
0
0
0
502
0
0
0
0
0
4
0
0
0
0
0
0
0
0
0
1148
998
5
0
0
0
0
0
3729
0
0
0
0
0
0
0
0
0
0
0
0
0
0
0
0
0
0
0
0
0
0
0
0
0
0
0
0
0
0
0
0
0
0
0
0
0
0
0
0
0
0
0
0
0
0
0
0
0
0
0
0
0
0
0
0
0
0
0
0
0
0
0
0
0
0
0
0
0
0
0
0
0
0
0
0
0
0
0
0
0
0
0
0
0
0
0
0
0
0
0
0
0
0
0
0
0
0
0
0
0
0
0
0
0
0
0
0
0
0
0
0
0
0
0
0
0
0
0
0
0
0
0
0
0
0
0
0
0
0
0
0
0
0
0
0
0
0
0
0
0
0
0
0
0
0
0
0
0
0
0
0
0
0
0
0
0
0
0
0
0
0
0
0
0
0
0
0
0
0
0
0
0
0
0
0
0
0
0
0
0
0
0
0
0
0
0
0
0
0
0
0
0
0
0
0
0
0
0
0
0
0
0
0
0
0
0
0
0
0
0
0
0
0
0
0
0
0
0
0
0
0
0
0
0
0
0
0
0
0
0
0
0
0
0
0
0
0
0
0
0
0
0
0
0
0
0
0
0
0
0
0
0
0
0
0
0
0
0
0
0
0
0
0
0
0
0
0
0
0
0
0
0
0
0
0
0
0
0
0
0
0
0
0
0
0
0
0
0
0
0
0
0
0
0
0
0
0
0
0
0
0
0
0
0
0
0
0
0
0
0
0
0
0
0
0
0
0
0
0
0
0
0
0
0
0
0
0
0
0
0
0
0
0
0
0
0
0
0
0
0
0
0
0
0
0
0
0
0
0
0
0
0
0
0
0
0
0
0
0
0
0
0
0
0
0
0
0
0
0
0
0
0
0
0
0
0
0
0
0
0
0
0
0
0
0
0
0
0
0
0
0
0
0
0
0
0
0
0
0
0
0
0
0
0
0
0
0
0
0
0
0
0
0
0
0
0
0
0
0
0
0
0
0
0
0
0
0
0
0
0
0
0
0
0
0
0
0
0
0
0
0
0
0
0
0
0
0
0
0
0
0
0
0
0
0
0
0
0
0
0
0
0
0
0
0
0
0
0
0
0
0
0
0
0
0
0
0
0
0
0
0
0
0
0
0
0
0
0
0
0
0
0
0
0
0
0
0
0
0
0
0
0
0
0
0
0
0
0
0
0
0
0
0
0
0
0
0
0
0
0
0
0
0
0
0
0
0
0
0
0
0
0
0
0
0
0
0
0
0
0
0
0
0
0
0
0
0
0
0
0
0
0
0
0
0
0
0
0
0
1416
0
0
0
0
0
0
0
0
0
0
0
0
0
0
145
0
0
0
0
0
0
0
0
0
0
0
0
0
0
0
0
0
0
0
0
0
0
0
0
0
0
0
0
0
0
0
0
0
0
0
0
0
0
0
0
0
0
0
0
6016
0
0
0
0
0
0
0
0
349
0
0
0
0
0
0
0
0
0
0
0
0
0
0
0
0
79949
0
2
0
0
22210
0
0
0
1
0
0
0
0
0
165
0
0
0
0
0
0
0
0
2367
16077
0
0
0
2759
0
0
0
0
0
4181
0
0
0
0
0
2
962
0
0
0
0
0
0
676
0
0
0
0
0
0
34
0
16888
0
0
0
0
0
0
0
0
0
0
0
0
0
0
0
2505
0
0
0
0
0
0
8
0
0
0
0
1879
0
0
13749
0
0
0
0
0
0
0
0
0
0
0
0
0
0
0
78148
0
0
0
0
0
0
0
0
0
0
0
4664
0
0
0
0
0
13450
0
1310
0
0
0
0
16969
0
0
0
0
23
0
0
0
0
0
0
0
0
0
245
0
0
0
0
0
0
0
0
696
0
0
0
14838
0
0
0
0
0
0
0
0
5497
1364
0
0
0
0
0
0
0
0
0
0
0
0
0
0
0
0
0
0
1102
5481
0
0
0
0
0
0
0
0
0
0
0
0
0
0
0
0
0
0
0
0
0
0
0
0
0
0
0
8
0
0
0
0
0
8747
0
0
21940
0
0
12
0
21585
0
32252
0
0
0
0
0
0
0
13738
0
0
0
0
0
0
0
0
0
0
0
0
0
0
0
0
0
0
2206
0
7790
0
0
0
0
0
0
0
0
0
0
0
0
0
0
0
0
0
0
0
0
517
0
0
0
0
0
9812
0
14909
0
0
0
0
0
0
0
0
0
0
0
0
0
0
0
0
0
0
0
0
0
0
0
0
0
0
1
2946
0
0
0
0
0
0
0
682
0
40241
0
0
0
0
0
0
1
0
0
0
0
0
0
0
0
0
0
455
0
0
0
0
0
0
1062
4356
12
0
0
0
0
1
0
0
0
0
0
0
0
0
0
157
0
0
0
0
0
0
0
17720
0
0
0
0
0
0
0
0
0
0
0
0
0
87
0
0
18
789
2515
0
0
7592
0
0
0
0
0
0
0
2474
4515
0
0
51358
0
0
0
40
0
0
0
0
9996
0
0
0
368
19628
1142
0
0
0
60744
0
0
0
0
0
0
0
0
0
0
0
0
0
0
0
0
0
0
0
0
0
0
1
27995
0
0
613
0
0
0
0
24656
32041
0
0
0
0
795
0
0
0
0
0
0
0
0
0
0
0
0
0
2
0
0
0
0
0
10789
0
0
0
8385
0
0
0
0
0
2530
11
27517
0
0
0
0
0
2827
0
0
0
0
0
9202
0
0
0
0
0
64578
0
0
0
0
0
0
0
0
0
0
0
0
0
0
0
0
0
0
0
0
0
0
0
0
0
0
0
0
45323
0
0
0
0
0
0
0
0
1
0
0
0
0
0
0
0
0
0
0
0
0
14
0
0
0
0
1
0
0
0
0
41406
0
0
0
0
0
7790
0
0
0
0
0
0
0
0
0
0
0
0
0
0
0
0
0
0
0
0
0
0
0
0
0
0
0
0
0
0
0
0
0
0
0
0
0
0
0
0
0
0
0
0
0
0
0
0
0
0
0
0
0
0
0
0
0
0
0
0
0
0
0
0
0
0
0
0
0
0
0
0
0
0
0
0
0
0
0
0
0
0
0
0
0
0
0
0
0
0
0
0
0
0
0
0
0
0
0
0
0
0
0
0
0
0
0
0
0
0
0
0
0
0
0
0
0
0
0
0
0
0
0
0
0
0
0
0
0
0
0
0
0
0
0
0
0
0
0
0
0
0
0
0
0
0
0
0
0
0
0
0
0
0
0
0
0
0
0
0
0
0
0
0
0
0
0
0
0
0
0
0
0
0
0
0
0
0
0
0
0
0
0
0
0
0
0
0
0
0
0
0
0
0
0
0
0
0
0
0
0
0
0
0
0
0
0
0
0
0
0
0
0
0
0
0
0
0
0
0
0
0
0
0
0
0
0
0
0
0
0
0
0
0
0
0
0
0
0
0
0
0
0
0
0
0
0
0
0
0
0
0
0
0
0
0
0
0
0
0
0
0
0
0
0
0
0
0
0
0
0
0
0
0
0
0
0
0
0
0
0
0
0
0
0
0
0
0
0
0
0
0
0
0
0
0
0
0
0
0
0
0
0
0
0
0
0
0
0
0
0
0
0
0
0
0
0
0
0
0
0
0
0
0
0
0
0
0
0
0
0
0
0
0
0
0
0
0
0
0
0
0
0
0
0
0
0
0
0
0
0
0
0
0
0
0
0
0
0
0
0
0
0
0
0
0
0
0
0
0
0
0
0
0
0
0
0
0
0
0
0
0
0
0
0
0
0
0
0
0
0
0
0
0
0
0
0
0
0
0
0
0
0
0
0
0
0
0
0
0
0
0
0
0
0
0
0
0
0
0
0
0
0
0
0
0
0
0
0
0
0
0
0
0
0
0
0
0
0
0
0
0
0
0
0
0
0
0
0
0
0
0
0
0
0
0
0
0
0
0
0
0
0
0
0
0
0
0
0
0
0
0
0
0
0
0
0
0
0
0
0
0
0
0
0
0
0
0
0
0
0
0
0
0
0
0
0
0
0
0
0
0
0
0
0
0
0
0
0
0
0
0
0
0
0
0
0
0
0
0
0
0
0
0
0
0
0
0
0
0
0
0
0
0
0
0
0
0
0
0
0
0
0
0
0
0
0
0
0
0
0
0
0
0
0
0
0
0
0
0
0
0
0
0
0
0
0
0
0
0
0
0
0
0
0
0
0
0
0
0
0
0
0
0
0
0
0
0
0
0
0
0
0
0
12
0
0
0
0
0
1
0
0
0
13425
0
0
0
0
0
0
0
0
0
0
0
0
0
0
0
0
0
0
0
0
0
0
0
0
0
0
0
0
0
0
0
0
0
0
0
0
0
0
0
0
0
0
0
0
0
0
0
0
0
0
0
0
0
0
0
0
0
0
0
0
0
0
0
0
0
0
0
0
0
0
0
0
0
0
0
0
0
0
0
0
0
0
0
0
0
0
0
0
1
0
0
0
0
0
16084
0
0
0
0
0
0
0
1
0
0
0
0
0
0
0
0
2
0
0
0
0
0
0
0
1338
0
0
0
7
0
800
0
0
0
0
0
0
0
0
0
0
0
0
0
0
3247
0
0
3805
0
0
0
0
0
0
0
0
0
0
0
0
0
0
0
27009
0
2490
0
0
0
0
0
2250
0
0
37
0
0
21953
0
0
0
0
0
22671
0
0
14
0
0
0
0
0
0
0
0
0
0
0
0
0
0
0
0
0
0
0
0
0
0
0
0
4525
0
0
0
0
0
0
0
0
0
0
0
0
0
0
0
0
0
473
0
0
0
0
0
0
0
0
0
0
0
0
0
0
2
476
0
0
0
0
0
0
787
0
0
0
0
0
0
0
0
0
0
0
0
0
63
0
0
0
822
0
0
0
0
0
0
0
0
65
80
0
0
0
15916
0
0
0
0
0
0
0
130
5083
0
5916
0
8972
0
0
0
0
0
0
0
0
0
421
0
0
0
56193
0
0
0
0
0
395
0
0
0
0
0
0
0
0
0
0
0
1
0
0
0
0
1772
0
0
0
0
0
0
0
0
0
0
0
0
0
0
0
0
0
0
11004
137
1
178
0
0
0
0
63
0
0
0
0
0
0
0
0
5664
10
0
0
0
0
0
0
0
0
0
1
74345
0
0
0
0
0
0
0
267
0
0
0
0
38
0
0
0
0
0
0
0
0
1529
0
0
0
0
0
0
0
0
0
0
4209
0
35019
0
0
98
0
1
0
590
0
0
0
0
0
0
0
0
0
0
0
0
0
0
0
0
0
6
2
69762
0
0
2052
283
0
0
19
0
0
0
0
0
32
0
7553
1
0
0
0
0
0
0
0
0
0
0
0
0
0
6852
0
0
0
0
0
0
0
0
0
0
44780
0
4234
0
0
0
3711
25454
0
54
0
0
0
0
0
0
0
0
0
0
0
0
0
0
0
0
0
0
28208
0
72662
0
0
0
0
0
0
0
0
0
1146
0
0
0
0
0
0
0
1
0
0
0
0
0
0
411
0
0
0
0
0
1
0
0
0
0
0
0
0
0
0
0
25738
0
0
0
0
0
0
0
0
0
0
9854
0
0
0
0
9302
0
0
0
0
0
2631
24
0
138
0
0
0
0
0
0
0
0
0
0
0
0
0
0
0
0
0
0
0
0
0
0
0
0
0
0
0
0
0
0
0
0
0
0
0
0
0
0
0
0
0
0
0
0
250
0
0
0
0
0
0
0
0
0
0
0
0
0
0
0
0
0
0
0
0
0
0
0
0
0
31
0
0
0
0
0
0
7
0
0
0
0
0
0
0
0
0
0
0
0
0
0
0
0
0
0
0
0
0
0
0
0
0
19390
0
0
0
0
0
0
0
0
234
0
0
0
0
0
0
0
0
0
0
0
0
0
0
6
0
0
0
0
0
395
0
2529
0
0
0
0
0
0
0
1171
0
0
0
0
0
0
0
7
0
0
0
0
0
0
0
0
0
0
0
0
0
0
0
0
0
0
0
0
0
37
0
0
0
0
0
0
0
0
0
0
0
0
0
0
0
0
0
0
6530
2538
0
0
14175
0
0
0
0
0
0
0
0
0
0
0
0
0
0
0
0
0
0
0
1
0
2496
0
0
0
0
0
0
0
0
0
0
0
0
0
0
0
0
0
0
0
0
0
0
0
0
0
0
0
0
0
0
0
0
0
0
0
0
0
0
0
0
0
0
0
0
0
0
0
0
0
0
0
0
0
0
0
0
0
0
0
0
0
0
0
0
0
0
0
0
0
0
0
0
0
0
0
0
0
0
0
0
0
0
0
0
0
0
0
0
0
0
0
0
0
0
0
0
0
0
0
0
0
0
0
0
0
0
0
0
0
0
0
0
0
0
0
0
0
0
0
0
0
0
0
0
0
0
0
0
0
0
0
0
0
0
0
0
0
0
0
0
0
0
0
0
0
0
0
0
0
0
0
0
0
0
0
0
0
0
0
0
0
0
0
0
0
0
0
0
0
0
0
0
0
0
0
0
0
0
0
0
0
0
0
0
0
0
0
0
0
0
0
0
0
0
0
0
0
0
0
0
0
0
0
0
0
0
0
0
0
0
0
0
0
0
0
0
0
0
0
0
0
0
0
0
0
0
0
0
0
0
0
0
0
0
0
0
0
0
0
0
0
0
0
0
0
0
0
0
0
0
0
0
0
0
0
0
0
0
0
0
0
0
0
0
0
0
0
0
0
0
0
0
0
0
0
0
0
0
0
0
0
0
0
0
0
0
0
0
0
0
0
0
0
0
0
0
0
0
0
0
0
0
0
0
0
0
0
0
0
0
0
0
0
0
0
0
0
0
0
0
0
0
0
0
0
0
0
0
0
0
0
0
0
0
0
0
0
0
0
0
0
0
0
0
0
0
0
0
0
0
0
0
0
0
0
0
0
0
0
0
0
0
0
0
0
0
0
0
0
0
0
0
0
0
0
0
0
0
0
0
0
0
0
0
0
0
0
0
0
0
0
0
0
0
0
0
0
0
0
0
0
0
0
0
0
0
0
0
0
0
0
0
0
0
0
0
0
0
0
0
0
0
0
0
0
0
0
0
0
0
0
0
0
0
0
0
0
0
0
0
0
0
0
0
0
0
0
0
0
0
0
0
0
0
0
0
0
0
0
0
0
0
0
0
0
0
0
0
0
0
0
0
0
0
1
0
0
0
0
0
0
0
0
0
0
0
0
0
0
0
0
0
0
0
0
0
0
0
0
0
0
0
0
0
0
0
0
0
0
0
0
0
0
0
0
0
0
0
0
0
0
0
0
0
0
0
0
0
0
0
0
0
0
0
0
0
0
0
0
0
0
0
0
0
0
0
0
0
0
0
0
0
0
0
0
0
0
0
0
0
0
0
0
0
0
0
0
0
0
0
0
0
0
0
0
0
0
0
0
0
0
0
0
0
0
0
0
0
0
0
0
0
0
0
0
0
0
0
0
0
0
0
0
0
0
0
0
0
0
0
0
0
0
0
0
0
0
0
0
0
0
385
0
0
0
0
0
0
0
0
0
0
0
0
0
0
0
0
0
0
0
0
0
0
0
0
0
0
0
0
0
0
0
0
0
0
0
0
0
0
0
0
0
0
0
0
0
0
0
0
0
0
0
0
0
0
0
0
0
0
0
0
0
0
0
0
0
0
0
0
0
0
0
0
0
0
25641
0
0
0
0
0
0
14332
0
0
0
0
2474
747
0
0
0
13205
0
0
0
0
0
3197
0
0
0
787
0
0
0
99
0
0
0
1343
255
0
0
0
0
0
0
0
0
0
0
0
0
0
0
0
0
0
0
16515
23619
0
0
0
0
0
0
0
0
0
0
128
0
0
0
0
0
0
0
0
0
0
0
0
0
0
0
0
0
0
0
0
145
0
0
0
0
0
0
0
0
0
0
0
0
0
0
0
138
0
0
0
0
0
0
7923
0
0
0
8010
0
0
0
0
0
0
0
0
0
0
0
0
0
0
0
0
153
0
0
0
0
0
0
0
0
0
0
3
0
0
0
0
0
0
0
0
0
0
0
0
42
0
0
0
0
0
0
0
13564
0
0
0
0
0
8
0
1658
2867
0
0
0
0
0
0
0
0
0
0
0
0
0
0
14437
0
0
0
0
0
0
0
5636
0
0
16872
6300
0
0
0
0
514
0
0
0
0
3515
0
3127
0
0
0
0
0
0
0
0
0
0
0
0
1
0
0
209
0
0
0
0
0
0
0
0
0
0
0
0
0
0
0
0
0
0
0
0
0
0
0
0
0
0
0
0
0
0
0
0
0
0
0
0
0
0
0
24
0
0
0
0
0
4787
0
0
0
0
0
0
0
0
0
2370
0
0
1217
0
0
0
0
1
0
0
0
12741
0
0
0
0
0
0
0
0
7572
0
13116
0
0
0
0
8592
0
0
0
0
0
5379
0
0
0
0
0
28753
130
0
0
0
0
0
0
0
0
0
8104
0
0
0
0
0
0
0
0
0
0
0
0
0
0
0
0
0
0
0
0
0
0
37149
0
0
0
17329
0
0
0
0
0
0
0
0
583
0
0
0
0
387
0
0
0
0
0
0
0
0
0
0
0
0
0
0
0
0
0
0
0
0
0
0
0
0
0
0
0
0
0
0
0
0
1
0
0
4429
0
0
0
0
0
0
0
0
0
0
0
0
0
0
0
0
0
0
0
0
0
0
0
89772
0
0
0
41
9644
4281
0
241
7874
0
0
0
0
0
0
1
0
0
0
0
0
0
0
22641
0
0
0
0
0
0
0
0
6503
0
167
0
3
0
0
0
0
0
0
6436
0
0
0
4
2
0
0
31344
11142
0
0
0
0
1
0
0
0
0
0
0
0
0
0
0
0
0
22959
10611
0
0
0
27387
6038
0
0
0
0
0
0
0
0
0
0
141854
0
0
0
0
0
0
0
0
0
0
0
0
0
0
0
303
0
0
0
19346
38334
4881
0
0
0
0
0
0
0
0
0
0
0
0
0
0
0
0
4319
0
0
0
0
0
0
0
0
0
0
2885
0
0
0
0
0
0
0
0
0
0
3
0
0
0
0
0
0
0
0
0
0
2782
0
0
0
0
0
0
0
0
0
0
0
0
0
1
0
0
0
0
35931
0
0
0
0
0
0
0
0
0
0
0
0
0
0
0
0
0
0
0
0
0
0
0
0
0
0
0
0
0
0
0
0
321
0
0
1
3
0
56
0
0
0
9016
5
0
0
0
0
0
0
0
0
0
0
0
0
0
0
0
0
3480
7
0
0
0
0
0
0
0
0
0
0
0
0
0
0
0
0
0
0
0
0
0
0
0
0
0
0
0
0
22
0
0
0
0
7
0
0
0
0
11907
0
0
0
0
0
0
0
0
0
0
0
0
0
0
0
0
0
0
0
0
0
0
0
0
0
0
0
0
0
0
0
0
0
0
0
0
0
0
0
0
2
9
0
0
0
0
0
0
0
0
0
0
0
0
0
0
0
0
0
0
0
1
0
0
0
0
0
0
0
0
0
0
0
7083
0
0
0
311
0
0
0
0
0
0
0
0
0
0
0
0
0
0
0
0
0
0
0
0
0
0
0
0
0
0
0
0
0
0
0
0
0
0
0
0
0
0
0
0
0
0
0
0
0
0
0
0
0
0
0
0
0
0
0
0
0
0
0
0
0
0
0
0
0
0
0
0
0
0
0
0
0
0
0
0
0
0
0
0
0
0
0
0
0
0
0
0
0
0
0
0
0
0
0
0
0
0
0
0
0
0
0
0
0
0
0
0
0
0
0
0
0
0
0
0
0
0
0
0
0
0
0
0
0
0
0
0
0
0
0
0
0
0
0
0
0
0
0
0
0
0
0
0
0
0
0
0
0
0
0
0
0
0
0
0
0
0
0
0
0
0
0
0
0
0
0
0
0
0
0
0
0
0
0
0
0
0
0
0
0
0
0
0
0
0
0
0
0
0
0
0
0
0
0
0
0
0
0
0
0
0
0
0
0
0
0
0
0
0
0
0
0
0
0
0
0
0
0
0
0
0
0
0
0
0
0
0
0
0
0
0
0
0
0
0
0
0
0
0
0
0
0
0
0
0
0
0
0
0
0
0
0
0
0
0
0
0
0
0
0
0
0
0
0
0
0
0
0
0
0
0
0
0
0
1
0
0
0
0
0
0
0
0
0
0
0
0
0
0
0
0
0
0
0
0
0
0
0
0
0
0
0
0
0
0
0
0
0
0
0
0
0
0
0
0
0
0
0
0
0
0
0
0
0
0
0
0
0
0
0
0
0
0
0
0
0
0
0
0
0
0
0
0
0
0
0
0
0
0
0
0
0
0
0
0
0
0
0
0
0
0
0
0
0
0
0
0
0
0
0
0
0
0
0
0
0
0
0
0
0
0
0
0
0
0
0
0
0
0
0
0
0
0
0
0
0
0
0
0
0
0
0
0
0
0
0
0
0
0
0
0
0
0
0
0
0
0
0
0
0
0
0
0
0
0
0
0
0
0
0
0
0
0
0
0
0
0
0
0
0
0
0
0
0
0
0
0
0
0
0
0
0
0
0
0
0
0
0
0
0
0
0
0
0
0
0
0
0
0
0
0
0
0
0
0
0
0
0
0
0
0
0
0
0
0
0
0
0
0
0
0
0
0
0
0
0
0
0
0
0
0
0
0
0
0
0
5221
0
15
0
0
0
0
0
7
0
0
0
11818
0
0
0
1
0
53
0
0
0
0
0
0
0
0
0
0
0
13
0
0
0
0
0
0
0
0
0
0
0
404
0
0
0
0
0
0
0
0
0
0
0
0
0
0
0
0
0
0
0
0
0
0
0
0
0
0
7
0
0
19272
0
7788
0
0
0
0
0
0
0
0
0
1446
0
0
0
0
0
0
0
35771
0
0
0
0
560
407
0
0
0
0
0
0
21714
0
0
0
0
0
0
0
0
0
0
0
0
0
0
0
0
0
0
0
0
0
0
11759
13
0
0
0
0
0
0
0
0
0
0
0
16538
0
0
5
0
1
0
0
0
0
0
0
0
0
0
0
0
0
16833
0
0
0
0
0
0
0
0
21263
0
0
0
8940
0
0
0
0
0
303
0
0
0
0
0
0
0
0
0
0
0
0
0
5596
0
0
0
0
21596
0
0
0
0
0
0
29
0
0
0
0
0
0
0
0
0
0
0
0
0
0
0
0
0
0
0
0
0
4591
0
780
0
0
0
0
0
0
0
0
0
447
0
0
0
0
0
0
0
0
0
0
0
0
59
0
78
0
314
0
0
0
0
0
0
17
0
0
0
0
0
0
0
0
0
0
0
0
0
22126
0
0
0
0
0
0
126
0
0
0
0
0
0
0
0
0
1215
0
1
0
0
0
0
0
0
0
0
0
0
0
0
0
0
0
0
0
0
0
1
0
0
0
0
0
0
0
0
0
0
0
813
0
0
0
7141
0
0
0
0
0
0
20666
0
0
0
0
0
0
158836
0
0
0
0
0
0
0
3229
0
20646
0
0
0
0
0
0
0
0
0
0
0
0
0
0
0
0
1
0
0
68
1
5112
0
1399
0
0
0
0
40
0
466
0
0
0
0
0
0
0
0
0
0
0
0
0
0
0
0
0
0
0
0
0
0
0
0
0
0
0
0
0
0
21886
0
0
0
0
0
104
706
0
0
0
0
0
0
0
0
0
0
0
0
0
5149
0
0
0
0
0
0
57
0
0
0
0
0
0
0
0
0
0
0
0
0
0
0
997
0
0
0
0
0
0
0
531
0
0
0
0
0
0
0
12960
0
0
0
0
0
0
0
0
0
1321
0
0
0
0
0
0
15275
0
0
0
41789
31675
0
0
0
1
0
0
0
0
0
0
0
0
0
0
0
0
0
0
0
0
0
0
0
2297
2
18322
0
0
0
0
0
0
0
0
0
0
0
24651
26133
0
0
0
38
0
0
0
0
0
0
0
0
0
0
0
0
0
0
0
0
0
0
0
4979
0
0
0
0
0
0
0
0
0
0
0
0
0
0
0
5840
421
0
0
0
0
0
0
0
0
0
0
56
0
0
0
0
0
0
0
0
0
0
0
0
0
0
0
0
0
0
0
0
0
0
17
0
0
0
0
0
0
0
0
0
0
0
0
0
0
239
0
0
0
3208
67
0
0
0
0
0
0
0
0
0
0
0
0
0
0
0
0
0
0
0
0
0
0
0
0
313
0
0
0
0
708
0
0
0
0
0
0
0
0
0
0
0
1
0
25764
0
0
0
42857
0
0
0
4058
0
0
0
20618
2
1490
0
6184
0
0
0
0
0
0
0
0
0
0
1
0
0
4160
0
0
21059
0
0
0
0
0
0
0
0
0
0
0
0
0
0
0
0
0
0
0
0
0
6157
0
0
0
0
0
0
0
0
0
0
0
0
0
0
0
0
0
24023
0
0
5267
0
0
0
0
1
0
0
0
0
0
0
0
208109
7
0
9900
0
0
0
0
22
0
0
0
0
0
0
0
0
0
0
0
0
0
0
0
0
0
0
0
0
0
0
0
0
0
0
0
0
0
0
0
0
0
0
0
0
0
0
0
0
0
0
0
0
0
0
0
0
0
0
0
0
0
0
0
0
0
0
0
0
0
0
0
0
0
0
0
0
0
0
0
0
0
0
0
0
0
0
0
0
0
0
0
0
0
0
0
0
0
0
0
0
0
0
0
0
0
0
0
0
0
0
0
0
0
0
0
0
0
0
0
0
0
0
0
0
0
0
0
0
0
0
0
0
0
0
0
0
0
0
0
0
0
0
0
0
0
0
0
0
0
0
0
0
0
0
0
0
0
0
0
0
0
0
0
0
0
0
0
0
0
0
0
0
0
0
0
0
0
0
0
0
0
0
0
0
0
0
0
0
0
0
0
0
0
0
0
0
0
0
0
0
0
0
0
0
0
0
0
0
0
0
0
0
0
0
0
0
0
0
0
0
0
0
0
0
0
0
0
0
0
0
0
0
0
0
0
0
0
0
0
0
0
0
0
0
0
0
0
0
0
0
0
0
0
0
0
0
0
0
0
0
0
0
0
0
0
0
0
0
83
0
0
0
0
0
0
0
0
0
0
0
0
0
0
0
0
0
0
0
0
0
0
0
0
0
0
0
0
0
0
0
0
0
0
0
0
0
0
0
0
0
0
0
0
0
0
0
0
0
0
0
0
0
0
0
0
0
0
0
0
0
0
0
0
0
0
0
0
0
0
0
0
0
0
0
0
0
0
0
0
0
0
0
0
0
0
0
0
0
0
0
0
0
0
0
0
0
0
0
0
0
0
0
0
0
0
0
0
0
0
0
0
0
0
0
0
0
0
0
0
0
0
0
0
0
0
0
0
0
0
0
0
0
0
20
0
0
0
0
0
0
0
0
0
0
0
0
0
0
0
0
0
0
0
0
0
0
0
0
0
0
0
0
0
0
0
0
0
0
0
0
0
0
0
0
0
0
0
0
0
0
0
0
0
0
0
0
0
0
0
0
0
0
0
0
0
12222
0
0
0
0
0
0
0
10
0
0
9293
0
0
0
0
0
0
0
0
0
0
0
0
0
0
0
0
0
0
0
0
0
0
0
0
0
0
0
25227
0
0
0
0
0
40
0
0
0
0
0
16
0
0
0
0
0
0
0
0
0
0
0
0
9
0
0
0
0
0
0
22888
0
0
0
36
1
57
3
0
0
0
0
0
0
24
0
1771
0
0
0
0
0
4
0
0
0
13949
0
2
0
0
0
0
0
0
5
424
0
0
0
8920
0
62
1
0
0
0
0
0
1438
0
0
0
0
0
0
0
0
0
0
0
0
0
0
0
0
0
0
2868
0
0
0
0
0
0
0
0
25969
0
0
0
35728
0
0
0
0
0
31
0
0
5
0
0
0
0
119179
0
7866
0
0
0
0
0
0
0
0
0
0
190
0
0
0
0
0
0
0
0
0
0
0
0
0
0
0
0
0
0
0
0
0
0
0
0
0
0
0
0
0
0
48481
311
0
0
0
9268
0
0
3387
0
0
0
0
0
0
0
0
0
0
0
0
0
0
0
0
0
0
0
0
0
0
0
0
0
0
0
0
0
0
0
0
0
0
11
0
0
0
3186
0
0
598
3
21864
0
95
0
0
0
27
0
0
0
0
0
23795
0
0
0
9762
0
0
0
0
0
1
0
0
0
0
0
0
0
0
0
0
0
0
0
0
7
0
0
0
0
0
0
0
0
0
0
0
0
0
0
0
0
0
0
0
0
0
0
0
0
0
0
0
0
0
0
0
0
0
0
0
0
0
0
0
0
0
0
0
0
1028
0
130
0
0
0
0
0
0
0
0
0
0
0
0
0
0
0
0
0
0
0
23656
0
0
0
0
0
3977
0
0
12
30646
0
0
0
22221
0
0
0
0
0
0
0
162
0
0
57994
8092
421
0
0
41106
0
0
0
133
0
0
0
0
0
0
0
0
0
0
0
834
0
0
0
6938
0
0
453
0
0
15841
0
0
0
0
0
0
2936
22
0
0
0
0
0
0
0
0
0
0
0
0
0
0
0
87
0
0
0
0
0
1
8484
0
0
0
0
0
0
0
1
0
0
0
0
0
0
0
0
0
0
0
0
0
0
0
0
0
0
0
36403
0
0
0
0
0
0
0
0
0
0
0
4
0
57
0
0
0
0
3
0
0
0
0
1150
0
0
0
0
19968
0
0
0
0
0
0
0
0
0
0
0
2907
0
3
47
48261
1
0
2
0
0
0
0
0
2
0
0
0
0
0
0
0
0
0
0
0
0
0
0
0
0
0
0
0
0
0
13870
0
1081
0
0
0
0
0
0
0
0
0
0
0
0
3
0
0
0
0
0
0
0
0
14133
0
0
0
0
0
37961
0
0
0
0
0
0
0
0
13756
0
819
0
0
0
0
0
1
0
141
0
0
0
0
0
0
0
10028
6
0
0
0
0
0
0
0
0
0
0
0
0
0
398
0
4784
7181
0
0
0
0
0
0
0
4206
154
0
0
0
0
1
0
0
0
0
0
0
0
0
0
0
0
0
0
0
0
0
0
0
0
0
0
0
0
0
0
0
0
0
0
0
0
0
0
0
0
0
0
0
0
0
0
0
0
0
0
0
0
0
0
0
0
0
0
0
0
0
0
0
0
0
0
0
0
0
0
0
0
0
0
0
0
0
0
0
0
0
0
0
0
0
0
0
0
0
0
0
0
0
0
0
0
0
0
0
0
0
0
0
0
0
0
0
0
0
0
0
0
0
0
0
0
0
0
0
0
0
0
0
0
0
0
0
0
0
0
0
0
0
0
0
0
0
0
0
0
0
0
0
0
0
0
0
0
0
0
0
0
0
0
0
0
0
0
0
0
0
0
0
0
0
0
0
0
0
0
0
0
0
0
0
0
0
0
0
0
0
0
0
0
0
0
0
0
0
0
0
0
0
0
0
0
0
0
0
0
0
0
0
0
0
0
0
0
0
0
0
0
0
0
0
0
0
0
0
0
0
0
0
0
0
0
0
0
0
0
0
0
0
0
0
0
0
0
0
0
0
0
0
0
0
0
0
0
0
0
0
0
0
0
0
0
0
0
0
0
0
0
0
0
0
0
0
0
0
0
0
0
0
0
0
0
0
0
0
0
0
0
0
0
0
0
0
0
0
0
0
0
0
0
0
0
0
0
0
0
0
0
0
0
0
0
0
0
0
0
0
0
0
0
0
0
0
0
0
0
0
0
0
0
312
0
0
0
0
0
0
0
0
0
0
0
0
0
0
0
0
0
0
0
0
0
2498
0
0
2994
3213
0
0
0
0
0
0
0
331
0
0
0
0
0
27994
0
0
0
0
0
0
0
0
0
0
0
0
0
0
0
0
0
0
0
0
0
18
0
0
0
0
0
0
2
0
0
0
87
0
0
0
0
0
0
0
0
0
0
0
0
0
0
0
0
228
6
0
0
0
0
0
0
0
0
0
0
0
0
0
0
0
36514
0
0
0
0
0
0
0
0
0
0
0
0
0
0
0
0
0
0
0
0
0
6425
0
0
0
0
0
43993
0
0
0
0
0
0
0
2445
0
0
0
13885
0
37140
0
0
2644
0
0
0
0
0
0
3
0
0
0
0
10
0
0
0
0
0
0
0
90
0
0
0
0
0
0
0
0
0
0
0
0
0
0
0
0
0
0
0
0
0
0
0
0
0
0
0
0
0
0
0
0
1725
0
0
1
0
0
1777
0
0
0
0
0
0
0
0
797
0
0
0
0
0
0
2
0
0
0
0
0
0
21744
0
0
0
0
0
0
0
0
0
0
0
2276
0
0
0
10719
9835
0
0
6551
0
5562
0
0
0
0
0
0
0
0
0
0
0
0
0
1467
0
0
0
3
0
0
0
0
9230
0
4
67
13208
0
0
0
0
0
0
0
0
0
0
0
0
0
0
0
0
0
0
0
0
0
0
0
0
0
0
0
0
0
23205
0
8206
0
0
0
0
27937
0
0
0
0
0
0
0
0
0
0
0
113335
0
0
0
135
0
0
0
0
0
497
0
0
0
0
0
0
0
0
0
0
0
7865
6
0
0
9
35541
0
0
0
5944
6373
0
0
0
0
0
0
0
0
0
0
0
0
0
0
0
129106
7019
0
0
0
48
0
0
0
0
0
0
0
0
0
0
24859
0
0
0
0
0
0
1420
0
0
0
0
0
0
0
0
0
0
0
0
0
0
0
0
0
0
0
0
5
0
0
0
0
0
0
0
0
0
0
0
186
0
1
0
0
0
0
0
18
0
0
0
0
8119
19655
0
10
0
0
0
0
9
0
2683
0
0
0
0
0
0
0
0
0
0
0
0
71
0
0
0
0
0
43
0
0
0
0
0
0
0
1220
0
0
0
0
0
0
0
0
43578
0
0
0
0
0
0
0
0
0
0
0
0
0
0
0
0
0
0
0
0
0
0
0
0
0
0
0
0
0
0
0
0
0
0
0
0
0
0
0
0
0
0
1225
0
0
38640
0
0
0
0
0
0
0
0
0
0
0
0
0
0
0
0
3
0
0
0
136
0
0
0
1
0
0
3016
0
0
0
0
260
0
0
0
0
0
0
0
4932
0
0
0
0
0
0
0
0
181
0
13388
507
0
0
0
130
0
0
0
0
0
0
0
0
0
94
0
0
2201
0
2
0
0
0
0
26
0
0
0
0
0
0
0
0
0
0
0
0
0
63111
0
0
0
0
0
0
0
0
0
10059
0
0
0
0
0
0
0
0
0
0
0
0
2858
0
0
0
0
0
0
0
0
0
0
0
0
4478
5268
0
0
0
0
0
0
0
0
2631
3015
0
0
0
0
0
1320
0
0
0
0
7733
0
0
58840
173
0
0
2
0
0
0
0
0
0
0
0
0
0
0
0
0
0
2
0
0
0
0
0
0
0
0
0
0
0
0
0
0
0
0
0
0
2
0
0
0
0
0
0
0
0
2
78
0
0
0
0
0
0
0
0
0
0
0
0
0
7
0
14749
34535
0
0
0
0
0
0
0
0
0
0
0
0
0
0
0
0
0
0
0
0
0
0
0
0
0
0
0
0
0
0
0
0
0
0
0
0
0
0
0
0
0
0
0
5907
0
1
0
0
0
0
0
0
0
0
0
0
0
176
0
0
0
0
0
0
0
0
0
0
0
0
91
0
0
0
0
0
0
0
0
907
252
0
0
0
0
0
0
0
0
0
0
0
0
0
196249
0
0
0
0
75
0
0
0
0
0
0
0
0
0
0
10
0
0
0
0
0
0
0
0
0
12219
7608
0
0
0
0
0
0
0
0
0
0
0
0
0
0
0
0
0
528
235
0
0
0
0
106
0
0
0
1083
0
0
0
5
0
4841
11
9151
0
0
0
0
0
0
0
0
0
3537
60900
0
932
0
0
0
0
0
320
0
0
0
57
0
0
0
0
17976
0
0
0
0
0
0
0
0
0
129028
0
68322
323
0
0
0
0
0
0
0
0
0
0
0
0
0
0
0
0
0
0
0
0
7143
0
0
0
0
5681
0
0
0
0
0
0
0
0
0
23864
7133
0
0
0
18056
0
0
0
0
0
0
0
0
0
0
0
0
0
0
0
121
61818
0
0
0
10173
0
364
965
0
0
0
0
0
9
0
0
0
0
24699
0
0
0
1
0
0
0
0
0
2349
0
0
0
0
1937
0
0
0
0
0
101371
0
0
0
0
0
0
0
0
0
0
0
0
0
0
0
0
0
0
0
0
0
0
0
0
0
0
0
0
0
0
0
0
0
0
0
0
0
0
0
0
0
0
0
0
0
0
0
0
0
0
0
0
0
0
0
0
0
0
0
0
0
0
0
0
0
0
0
0
0
0
0
0
0
0
0
0
0
0
0
0
0
0
0
0
0
0
0
0
0
0
0
0
0
0
0
0
0
0
0
0
0
0
0
0
0
0
0
0
0
0
0
0
0
0
0
0
0
0
0
0
0
0
0
0
0
0
0
0
0
0
0
0
0
0
0
0
0
0
0
0
0
0
0
0
0
0
0
0
0
0
0
0
0
0
0
0
0
0
0
0
0
0
0
0
0
0
0
0
0
0
0
0
0
0
0
0
0
0
0
0
0
0
0
0
0
0
0
0
0
0
0
0
0
0
0
0
0
0
0
0
0
0
0
0
0
0
0
0
0
0
0
0
0
0
0
0
0
0
0
0
0
0
0
0
0
0
0
0
0
0
0
0
0
0
0
0
0
0
0
0
0
0
0
0
0
0
0
0
0
0
0
0
0
0
0
0
0
0
0
0
0
0
0
0
0
0
0
0
0
0
0
0
0
0
0
0
0
0
0
0
0
0
0
0
0
0
0
0
0
0
0
0
0
0
0
0
0
0
0
0
0
0
0
0
0
0
0
0
0
0
0
0
0
0
0
0
0
0
0
0
0
0
0
0
0
0
0
0
0
0
0
0
0
0
0
0
0
0
0
0
0
0
0
0
0
0
0
0
0
0
0
0
0
0
0
0
0
0
0
0
0
0
0
0
0
0
0
0
0
0
0
0
0
0
0
0
0
0
0
0
0
0
0
0
0
0
0
0
0
0
0
0
0
0
0
0
0
0
0
0
0
0
0
0
0
0
0
0
0
0
0
0
0
0
0
0
0
0
0
134
0
0
0
0
0
0
0
0
0
0
0
0
0
0
0
0
0
0
0
0
0
0
0
0
0
0
0
0
0
0
0
0
0
0
0
0
0
0
0
0
0
0
0
0
0
0
0
0
0
0
0
0
0
0
0
0
0
0
0
0
0
0
0
0
0
0
0
0
0
0
0
0
0
0
0
0
0
0
0
0
0
0
0
0
0
0
0
0
0
0
0
0
0
0
0
0
0
0
0
0
0
0
0
0
0
0
0
0
0
0
0
0
0
0
0
17
0
0
0
0
0
0
0
0
0
60294
0
0
0
0
0
0
0
0
0
0
0
0
0
0
0
0
0
0
0
0
0
8150
0
0
0
0
0
2295
0
19360
0
0
0
0
0
0
0
0
6664
0
1981
0
0
0
0
0
0
0
56112
0
0
0
0
0
0
0
0
0
0
0
0
0
0
16069
2214
24
0
0
0
0
0
268981
3965
0
0
0
0
0
0
0
0
406
0
11182
0
0
0
0
12348
0
0
7410
0
0
0
0
0
0
0
0
0
0
0
0
0
1
0
0
0
0
0
0
0
0
0
3
0
0
0
0
0
0
2965
33
0
0
0
0
0
0
0
0
0
0
0
0
0
0
0
0
0
0
0
0
0
0
0
0
0
0
0
0
0
0
0
0
0
0
0
0
0
0
0
0
0
0
0
0
0
0
0
0
0
0
0
0
0
0
0
0
0
0
0
0
0
0
0
0
0
0
0
0
0
0
0
0
589
0
0
0
0
0
0
0
0
0
0
0
0
0
0
284
0
243
0
0
0
0
0
0
0
0
12
0
0
0
0
17783
0
0
0
3
0
0
285
0
0
0
0
0
0
0
0
5
0
4
0
0
0
0
0
0
0
0
0
0
0
0
0
0
0
0
0
0
0
0
0
0
0
0
0
0
0
0
0
0
0
0
0
0
0
0
0
0
0
0
0
0
0
0
0
0
0
0
0
0
0
0
0
27
0
0
0
0
0
0
0
0
0
0
0
56
0
0
0
0
0
0
0
0
0
0
0
0
0
0
0
86374
0
0
0
0
0
0
0
0
0
0
0
0
0
0
0
0
0
0
4459
1
0
14122
0
0
0
0
0
0
0
0
0
0
0
0
0
0
0
0
0
0
5
0
0
0
0
0
0
0
398
0
0
0
0
0
0
0
2764
0
0
0
0
35658
0
0
0
0
31
0
0
947
4589
0
0
0
0
0
0
52
0
0
0
0
1
0
0
0
0
0
2
0
0
0
0
133
0
0
0
0
0
0
1
0
0
0
0
115192
0
0
0
0
102
0
0
15795
0
0
0
0
3469
0
0
57
0
0
0
16705
0
0
23
0
0
0
0
0
0
0
0
0
0
0
0
0
0
0
0
0
0
0
0
0
0
0
0
0
0
0
0
0
0
0
0
0
0
0
0
0
0
0
0
0
0
0
0
0
0
0
0
0
0
0
0
0
0
0
0
0
0
0
0
0
0
0
0
0
0
0
0
0
0
0
0
0
0
0
0
0
0
0
0
0
0
0
0
0
0
0
0
0
0
0
0
0
0
0
0
0
0
0
0
0
0
0
0
0
0
0
0
0
0
0
0
0
0
0
0
0
0
0
0
0
0
0
0
0
0
0
0
0
0
0
0
0
0
0
0
0
0
0
0
0
0
0
0
0
0
0
0
0
0
0
0
0
0
0
0
0
0
0
0
0
0
0
0
0
0
0
0
0
0
0
0
0
0
0
0
0
0
0
0
0
0
0
0
0
0
0
0
0
0
0
0
0
0
0
0
0
0
0
0
0
0
0
0
0
0
0
0
0
0
0
0
0
0
0
0
0
0
0
0
0
0
0
0
0
0
0
0
0
0
0
0
0
0
0
0
0
0
0
0
0
0
0
0
0
0
0
0
0
0
0
0
0
0
0
0
0
0
0
0
0
0
0
0
0
0
0
0
0
0
0
0
0
0
0
0
0
0
0
0
0
0
0
0
0
0
0
0
0
0
0
0
0
0
0
0
0
0
0
0
0
0
0
0
0
0
0
0
0
0
0
0
0
0
0
0
0
0
0
0
0
0
0
0
0
0
0
0
0
0
0
0
0
0
0
0
0
0
0
0
0
0
0
0
0
0
0
0
0
0
0
3
0
0
0
0
0
0
0
0
0
0
0
0
0
0
0
1068
6725
0
0
0
0
0
0
0
0
0
40029
0
0
1330
0
0
0
0
0
0
0
0
0
0
0
0
0
0
18617
0
0
0
0
0
0
0
8801
24602
0
0
0
58501
0
0
0
0
0
10
0
0
0
0
0
25806
0
0
0
0
0
0
0
0
0
0
0
0
0
0
0
0
0
1
0
0
0
0
0
0
0
0
55
0
0
0
0
0
2373
0
0
3
0
0
0
19513
0
0
0
0
45463
0
0
0
3141
0
0
0
0
0
0
0
0
0
0
0
0
0
0
0
0
0
0
0
0
7
0
4611
0
18
0
0
118467
0
0
0
0
0
0
0
0
0
0
0
0
1
0
0
0
0
10482
0
11810
2645
0
0
185
0
0
0
0
0
0
0
0
0
0
0
0
0
0
0
1
190
0
0
0
0
0
84068
0
0
0
0
14584
0
5769
0
0
23
0
0
0
0
0
4257
0
18561
0
0
23
0
0
145936
0
0
0
0
0
0
0
0
0
0
1015
0
0
61085
0
0
0
0
0
0
0
0
0
0
0
0
0
43
0
0
0
0
19
0
0
0
0
37
0
0
0
0
4
0
0
0
0
3069
13
0
0
0
0
0
0
0
0
0
1068
0
0
0
0
0
8
0
0
27344
0
0
1639
0
0
0
0
0
0
0
0
0
0
0
0
0
0
0
0
0
0
0
338
0
0
9
1
0
0
0
0
0
0
0
0
1
194
0
0
0
0
0
0
0
0
0
0
0
0
0
0
21
0
2978
0
53
4523
0
0
132
18
0
0
0
1
183
0
0
1107
0
0
0
0
0
0
0
0
0
0
0
0
0
0
0
0
0
0
0
0
0
0
0
0
0
0
0
0
0
0
0
0
0
0
0
0
0
0
0
0
0
0
0
0
0
0
0
0
0
0
0
0
0
0
0
0
0
0
0
0
0
0
0
0
0
0
0
0
0
0
0
0
0
0
0
0
0
0
0
0
0
0
1
0
0
0
0
721
1000
0
0
0
0
0
0
0
0
0
0
0
0
0
0
14
0
0
581
0
0
0
0
0
274
2599
0
0
0
151237
0
0
0
0
0
0
2967
0
0
1104
0
0
1690
0
0
0
0
10225
55706
86
0
0
0
0
0
0
0
0
3662
0
0
0
0
0
0
0
0
0
0
0
0
0
0
0
0
0
11055
0
0
0
0
0
0
0
0
0
0
0
0
0
0
0
0
11
0
0
0
0
0
0
0
0
2
7237
0
0
0
0
0
0
22
0
0
0
51998
0
0
0
54694
0
0
507479
0
0
16
0
0
0
0
18
0
0
0
0
0
0
0
0
345
0
4628
0
15597
0
0
449
0
0
0
0
604
0
0
0
0
0
8512
0
0
0
0
0
0
0
0
0
0
0
0
0
0
0
0
0
0
0
0
0
0
0
0
0
31721
0
0
0
0
0
0
1
0
0
0
0
0
0
0
0
0
0
0
1
0
0
0
0
0
0
0
0
10950
0
0
0
0
0
0
0
3
0
0
0
0
0
0
0
0
0
0
0
0
188
0
0
0
0
12381
653
0
0
0
0
0
2
0
0
0
0
0
2
0
0
208
0
0
0
0
314
0
0
0
0
76505
0
4413
0
0
0
0
0
0
0
0
0
0
0
0
0
0
0
0
0
0
0
0
0
0
0
0
0
0
0
0
0
0
0
0
0
0
0
0
0
0
0
0
0
0
0
0
0
0
0
0
0
0
0
0
0
0
0
0
0
0
0
0
0
0
0
0
0
0
0
0
0
0
0
0
0
0
0
0
0
0
0
0
0
0
0
0
0
0
0
0
0
0
0
0
0
0
0
0
0
0
0
0
0
0
0
0
0
0
0
0
0
0
0
0
0
0
0
0
0
0
0
0
0
0
0
0
0
0
0
0
0
0
0
0
0
0
0
0
0
0
0
0
0
0
0
0
0
0
0
0
0
0
0
0
0
0
0
0
0
0
0
0
0
0
0
0
0
0
0
0
0
0
0
0
0
0
0
0
0
0
0
0
0
0
0
0
0
0
0
0
0
0
0
0
0
0
0
0
0
0
0
0
0
0
0
0
0
0
0
0
0
0
0
0
0
0
0
0
0
0
0
0
0
0
0
0
0
0
0
0
0
0
0
0
0
0
0
0
0
0
0
0
0
0
0
0
0
0
0
0
0
0
0
0
0
0
0
0
0
0
0
0
0
0
0
0
0
0
0
0
0
0
0
0
0
0
0
0
0
0
0
0
0
0
0
0
0
0
0
0
0
0
0
0
0
0
0
0
0
0
0
0
0
0
0
0
0
0
0
0
0
0
0
0
0
0
0
0
0
0
0
0
0
0
0
0
0
0
0
0
0
0
0
0
0
0
0
0
0
0
0
0
0
0
0
0
0
0
0
0
0
0
0
0
0
0
0
0
0
0
0
0
0
0
0
0
0
0
0
0
12775
0
0
0
0
0
0
0
0
0
0
0
0
0
0
0
0
0
0
0
0
0
0
0
0
0
0
0
165
0
0
0
0
0
0
0
0
0
0
0
0
0
0
0
0
0
1
21
34
1060
0
0
0
0
0
0
0
0
0
0
0
0
0
7166
0
0
0
0
0
0
0
0
650
0
0
0
0
0
0
0
0
0
0
0
0
0
0
0
0
0
0
0
0
0
12985
0
0
0
0
0
0
0
0
0
0
15
0
192
0
0
25
0
0
0
0
0
0
0
0
3764
0
0
0
0
381
0
16
267883
0
0
0
0
0
0
0
0
0
0
0
5028
0
0
0
0
0
0
0
4017
3
0
0
0
0
6457
0
0
0
0
0
8746
0
1089
0
0
0
0
0
0
0
0
0
0
0
0
0
0
0
0
30
0
7
11227
0
0
0
0
0
0
0
0
0
0
0
0
0
0
0
0
0
0
0
0
146
0
0
0
0
0
0
6698
0
207
0
0
0
51
0
119
0
0
0
0
0
0
309
1
0
0
0
0
0
0
0
10
1
0
0
0
0
0
0
0
0
0
322
0
0
0
215
0
0
16173
0
0
0
0
2
0
0
0
0
0
0
190
0
52547
20669
0
2097
0
0
40
0
0
0
0
116
0
0
0
0
0
0
0
0
0
0
0
381
0
0
13
0
0
0
0
0
0
0
2617
0
0
0
0
19145
0
0
0
0
0
0
0
0
0
0
0
0
0
0
0
1565
0
0
0
0
1083
18127
0
0
10445
0
34799
0
0
0
0
0
0
0
0
0
0
0
0
0
5884
0
0
0
0
0
0
1
0
0
0
0
0
0
0
1
0
0
0
0
0
3
0
0
0
0
0
0
248
0
0
0
0
0
0
0
0
0
1
0
0
41
0
0
0
0
0
0
0
0
0
0
0
0
0
0
0
0
0
0
0
0
0
0
0
0
0
0
0
0
0
20453
0
0
0
0
0
0
0
0
0
0
0
0
0
0
0
4775
18
24
0
0
0
0
0
0
0
0
0
0
0
0
0
0
0
0
0
0
0
0
0
0
0
0
0
0
0
13199
15640
10323
0
2
0
0
0
0
0
0
0
0
0
203
5
0
3608
0
1329
0
30
0
0
0
0
0
387
0
0
0
0
0
0
0
0
0
0
0
0
0
0
0
0
0
0
0
0
0
0
0
0
34055
0
0
4420
0
13
0
0
0
1
0
0
0
0
0
0
0
0
3708
0
0
0
0
0
0
0
0
0
0
0
0
0
0
0
0
0
770
0
0
0
0
1
194
0
0
0
0
0
0
0
0
0
29
516
0
0
0
0
0
0
0
0
0
0
0
0
0
0
0
0
0
0
256
0
0
0
0
0
0
42
0
0
0
0
0
0
0
0
0
6273
0
0
0
0
0
0
14
0
0
0
0
0
153
0
0
0
0
0
0
0
0
11832
0
0
0
0
0
0
110218
0
0
0
0
13157
0
0
0
0
0
9
0
0
0
0
0
12406
0
1
0
0
0
0
0
0
0
0
0
0
0
37597
0
169
0
921
0
0
0
0
0
0
0
0
0
0
14764
0
0
0
0
0
0
0
0
15
0
0
0
0
0
0
0
0
0
0
0
0
0
0
0
0
6
0
0
0
0
0
0
0
0
0
0
56
0
0
0
0
0
0
0
17
0
0
0
0
0
0
0
553
2301
0
0
0
211
0
0
0
0
0
0
34471
0
0
0
0
0
0
0
0
0
1
0
0
221
0
0
0
0
31952
0
0
0
0
0
0
0
0
0
0
0
0
0
0
0
3251
19848
0
0
0
1
112
0
0
0
0
0
0
24084
0
0
0
0
0
0
0
6553
0
0
0
0
0
0
0
0
0
0
1873
0
0
0
0
0
21
0
0
0
0
0
0
0
0
0
0
0
0
0
0
0
0
0
0
0
0
0
0
408
0
0
0
0
0
0
0
21129
0
0
0
0
4633
0
0
0
0
0
0
0
0
0
0
0
0
0
0
0
0
0
0
0
0
0
0
0
0
0
0
0
0
0
0
0
0
0
0
0
0
0
0
0
0
0
0
0
0
0
0
0
0
0
0
0
0
0
0
0
0
0
0
0
0
0
0
0
0
76
0
0
0
0
0
0
0
0
0
0
0
0
0
5
0
0
0
0
0
0
0
0
0
0
0
0
0
0
0
0
24620
0
1054
0
0
0
0
0
0
0
0
0
0
0
0
0
174
0
0
0
0
0
0
0
0
0
0
0
0
0
0
0
0
0
0
0
0
0
0
0
0
0
0
0
0
0
0
0
95
0
0
0
6966
0
0
0
0
1457
10
0
0
0
0
0
0
0
0
0
1
1
20212
196
0
0
0
0
0
0
0
39050
0
0
0
0
24898
0
0
0
0
0
0
0
0
0
0
0
0
0
0
0
0
0
0
0
862
0
4
0
0
0
0
0
0
0
0
0
10561
14101
0
31475
0
0
0
0
0
0
0
0
0
0
0
0
0
0
0
0
0
0
0
0
0
0
0
0
0
0
0
0
0
0
0
0
0
0
0
0
0
0
0
0
0
0
0
0
0
1700
0
0
0
0
0
1920
0
0
0
0
0
0
0
0
0
0
0
0
0
0
54
317
0
0
0
0
0
0
0
0
27621
0
0
0
12571
0
0
0
0
0
0
22273
23446
0
17084
0
0
0
0
0
0
0
0
0
0
0
0
0
0
0
0
0
0
0
0
0
0
0
649
0
0
20036
0
0
0
0
0
0
0
0
0
0
0
0
0
0
0
0
0
0
0
0
0
0
0
0
0
0
0
0
0
0
0
1
20449
0
0
0
0
0
0
0
0
0
0
0
0
0
0
0
0
0
0
0
1264
0
55973
0
0
0
0
0
9
0
2
0
0
0
0
0
0
0
0
0
0
7381
0
0
0
0
0
0
78535
0
0
0
0
0
0
0
0
0
15620
0
0
0
0
0
0
0
0
0
0
2245
0
1
0
0
0
0
54814
31
0
0
0
0
0
0
0
0
0
0
557
0
0
0
0
0
0
0
0
93
121452
5665
37716
0
0
0
0
0
0
0
0
0
0
2544
0
0
1
0
0
0
0
0
0
0
0
0
0
0
0
0
0
0
0
0
0
0
0
0
0
0
0
0
0
0
0
0
0
0
0
0
0
0
0
0
0
0
0
0
0
0
0
0
0
0
0
0
0
0
0
0
0
0
0
0
0
0
0
0
0
0
1
80
0
0
0
0
0
0
0
4143
0
0
0
0
0
0
0
0
0
0
0
0
0
0
0
0
0
0
0
0
0
0
6
0
8592
0
0
273
0
0
0
0
0
0
0
0
71
0
1081
0
0
0
0
0
0
0
0
0
0
0
0
0
0
8
0
0
0
4978
0
0
0
0
0
0
0
0
0
0
0
0
0
0
0
62779
0
0
11022
0
0
0
0
0
15471
0
0
192
0
0
0
0
0
0
0
0
0
0
0
0
0
0
0
0
0
0
0
0
0
0
0
0
0
0
0
0
0
0
0
0
0
0
0
0
0
0
413
7768
0
0
0
0
0
0
0
0
0
0
0
0
0
0
0
0
0
0
0
0
0
0
0
0
0
0
0
0
31564
0
0
0
0
0
0
0
0
0
2
0
0
0
0
0
18638
3144
10096
0
0
0
0
0
0
71506
0
0
0
1
0
0
0
0
0
0
0
0
0
0
0
0
0
0
0
0
0
0
0
0
0
0
0
0
0
0
0
0
0
0
0
0
0
0
0
0
0
0
0
0
0
0
0
0
0
0
0
0
0
0
48
0
0
1
0
0
0
0
0
0
0
0
0
0
0
0
0
972
0
0
0
0
0
0
0
0
0
0
2
0
0
3
0
50
428
379
0
0
10
0
0
0
1
0
0
86
0
0
0
0
0
0
0
0
1
25258
25425
0
0
0
0
0
0
0
0
0
6
0
0
0
0
0
0
0
1073
0
0
0
0
0
21
0
0
0
0
12225
0
0
0
113
50585
0
2277
0
0
0
0
0
2899
0
0
0
0
0
0
0
0
0
0
1009
0
0
0
0
0
0
10993
3
0
0
0
0
0
0
0
0
5702
0
36580
11093
0
0
0
1014
0
0
0
0
0
0
2
0
0
1
0
0
0
0
0
0
0
0
0
0
0
0
0
0
0
0
0
0
0
0
0
0
0
0
0
0
0
0
0
0
0
0
0
0
0
0
0
0
0
0
0
0
0
0
0
0
0
0
0
0
0
0
0
0
0
0
0
0
0
0
0
0
0
0
0
0
3
0
0
0
0
0
0
0
0
0
0
0
0
0
0
0
0
0
0
0
0
0
0
0
0
0
0
0
0
0
0
0
0
0
0
0
0
0
0
0
0
0
0
0
0
0
0
0
0
0
0
0
0
0
0
0
0
0
0
0
0
0
0
0
0
0
0
0
0
0
0
0
0
0
0
0
0
0
0
0
0
0
0
0
0
0
0
0
0
0
0
0
0
0
0
0
0
0
0
0
0
0
0
0
0
0
0
0
0
0
0
0
0
0
0
0
0
0
0
0
0
0
0
0
0
0
0
0
0
0
0
0
0
0
0
0
0
0
0
0
0
0
0
0
0
0
0
0
0
0
0
0
0
0
0
0
0
0
0
0
0
0
0
0
0
0
0
0
0
0
0
0
0
0
0
0
0
0
0
0
0
0
0
0
0
0
0
0
0
0
0
0
0
0
0
0
0
0
0
0
0
0
0
0
0
0
0
0
0
0
0
0
0
0
0
0
0
0
0
0
0
0
0
0
0
0
0
0
0
0
0
0
0
0
0
0
0
0
0
0
0
0
0
0
0
0
0
0
0
0
0
0
0
0
0
0
0
0
0
0
0
0
0
0
0
0
0
0
0
0
0
0
0
0
0
0
3
0
0
0
0
0
0
0
0
0
0
0
0
0
0
0
0
0
0
0
0
0
0
0
0
0
0
0
0
0
0
0
0
0
0
0
0
0
0
0
0
0
0
0
0
0
0
0
0
0
0
0
0
0
0
0
0
0
0
0
0
0
0
0
0
0
0
0
0
0
0
0
0
0
0
0
0
0
0
0
0
0
0
0
0
0
0
0
0
0
0
0
0
0
0
0
0
0
0
0
0
0
0
0
0
0
0
0
0
0
0
0
0
0
0
0
0
0
0
0
0
0
0
0
0
0
0
0
0
0
0
0
0
0
0
0
0
0
0
0
0
0
0
0
0
0
0
0
0
0
0
0
0
0
0
0
0
0
0
0
0
0
0
0
0
0
0
0
0
0
0
0
0
0
0
0
0
0
0
0
0
0
0
0
0
0
0
0
0
0
0
0
0
0
0
0
0
0
0
0
0
0
0
0
0
0
0
0
0
0
0
0
0
0
0
0
0
0
0
0
0
0
0
0
0
0
0
0
0
0
0
0
0
0
0
0
0
0
0
0
0
0
0
0
0
0
0
0
0
0
0
0
0
0
0
0
0
0
0
0
0
0
0
0
0
0
0
0
0
0
0
0
0
0
0
0
0
0
0
0
0
0
0
0
0
0
0
0
0
0
0
0
0
0
0
0
0
0
0
0
0
0
0
0
0
0
0
0
0
0
0
0
0
0
0
0
0
0
0
0
0
0
0
0
0
0
0
0
0
0
0
0
0
0
0
0
0
0
0
0
0
0
0
0
0
0
0
0
0
0
0
0
0
0
0
0
0
0
0
0
0
0
0
0
0
0
0
0
0
0
0
0
0
0
0
0
0
0
0
0
0
0
0
0
0
0
72
446
0
0
0
0
0
0
0
0
16423
0
0
0
0
0
0
0
0
0
0
0
0
0
0
0
0
0
0
0
0
0
0
0
0
0
0
0
21
0
0
0
4028
1
132
3
0
31324
0
0
0
0
1
0
110
0
0
2056
0
0
0
0
0
0
0
0
0
7794
0
0
0
0
0
0
0
0
0
0
0
0
0
0
0
0
0
0
0
0
0
0
0
0
0
85831
0
0
0
3988
0
432
0
0
0
0
0
0
0
0
0
0
12112
0
0
0
0
0
0
0
0
13456
0
0
0
0
5043
0
0
0
0
147
0
0
0
0
0
0
0
3534
0
0
0
0
0
0
0
0
0
0
0
0
0
0
0
0
0
0
4
0
0
0
0
26
0
0
0
0
0
0
0
0
0
0
0
0
0
0
0
0
0
0
0
0
0
0
0
0
0
0
0
0
0
0
0
0
0
18907
0
0
0
0
1537
0
0
0
6678
0
0
3193
0
0
0
0
0
0
0
0
0
0
10
0
0
0
0
0
0
0
0
0
0
0
0
0
0
0
0
0
0
0
0
0
0
0
18084
5
0
0
1931
0
0
0
45081
0
8622
0
0
0
0
0
0
0
0
0
0
0
0
0
0
0
0
0
0
0
0
0
14855
0
0
0
11877
0
0
0
1
0
0
0
0
0
0
4660
6943
0
0
0
0
0
0
0
0
0
0
25785
0
0
0
8
0
0
0
0
0
0
0
0
0
0
0
0
0
0
0
0
0
0
0
0
0
0
0
0
0
0
0
0
0
0
0
0
44
0
0
0
0
639
0
0
0
0
0
0
0
0
0
0
0
0
0
0
0
0
0
0
84612
0
0
0
0
0
0
0
0
0
137
0
0
0
0
0
0
0
0
0
0
0
0
0
56458
1455
0
0
0
0
0
0
0
0
0
0
0
20013
0
3
0
0
225
0
0
0
0
0
0
0
0
4
0
0
0
0
4
0
0
0
0
0
0
0
0
0
8
0
0
0
0
0
0
3
0
0
0
0
0
0
0
0
0
0
0
0
0
0
0
0
0
0
0
0
0
0
254
0
0
0
49
12
0
0
0
0
21
0
0
0
0
0
0
0
0
0
0
0
0
0
0
0
8598
0
0
0
0
0
0
0
0
0
0
0
0
0
0
0
1019
0
0
0
0
5
0
0
0
0
0
0
0
0
0
0
0
0
0
0
8977
0
0
0
0
0
383
0
0
25524
23683
0
20377
11
0
0
0
0
0
0
0
12
0
0
430
0
0
0
0
0
0
0
70
0
1260
0
0
0
0
11610
0
0
103
0
8
3437
0
0
0
136
1386
0
22994
0
0
1
0
7591
0
0
0
0
0
0
0
0
0
0
0
0
0
0
0
1
0
493
0
7690
1
2064
0
0
0
6
0
0
0
0
0
3051
0
0
0
0
0
0
0
0
0
0
0
0
0
0
830
0
0
0
0
5688
0
0
0
0
0
0
0
0
0
0
0
0
0
6
0
22073
0
58344
0
0
0
0
0
0
23
0
0
0
0
0
0
0
0
0
0
0
0
0
0
0
29384
0
0
0
436
0
0
0
0
0
0
0
0
0
0
0
0
0
0
0
0
461
0
1
0
0
0
0
0
0
0
0
0
0
0
0
0
0
0
79179
4
0
0
0
0
0
0
1
0
0
0
0
0
0
0
0
0
0
0
0
1
0
0
0
0
0
0
0
0
0
0
0
0
0
0
304
0
26533
1
0
0
0
0
0
0
0
0
0
0
0
13776
0
0
2
0
0
0
0
0
0
0
0
0
0
0
0
0
0
0
0
0
0
604
0
0
0
0
0
0
0
0
0
0
0
0
0
0
14252
0
0
0
0
0
0
0
17970
0
0
0
0
0
0
0
1141
0
2
15658
0
117
0
0
0
25095
0
0
5367
0
0
0
0
0
0
0
0
0
0
0
0
0
0
8539
0
0
0
0
0
0
0
0
0
0
0
22019
0
0
0
0
0
0
0
0
0
0
193
38552
0
0
138
1
0
6013
0
0
0
14957
0
0
0
0
0
0
0
4
0
0
0
10451
0
0
0
0
0
0
0
0
12669
0
0
0
0
0
805
0
0
14557
73
0
0
0
0
45
0
0
9
0
0
0
15525
470
16586
0
0
0
10730
0
0
0
0
0
0
0
0
0
0
0
0
5011
0
0
0
0
0
0
0
0
0
5468
0
0
80661
0
0
0
10863
0
0
0
18511
0
0
0
1162
0
0
0
0
0
0
0
0
17
0
8426
0
10
0
0
0
0
0
0
0
0
0
0
0
0
0
0
0
0
0
0
0
0
0
0
0
0
0
0
0
0
0
0
0
0
0
0
0
0
0
0
0
0
0
0
0
0
0
0
0
0
0
0
0
0
0
0
0
0
0
0
0
0
0
0
0
0
0
0
0
0
0
0
0
0
0
0
0
0
0
0
0
0
0
0
0
0
0
0
0
0
0
0
0
0
0
0
0
0
0
0
0
0
0
0
0
0
0
0
0
0
0
0
0
0
0
0
0
0
0
0
0
0
0
0
0
0
0
0
0
0
0
0
0
0
0
0
0
0
0
0
0
0
0
0
0
0
0
0
0
0
0
0
0
0
0
0
0
0
0
0
0
0
0
0
0
0
0
0
0
0
0
0
0
0
0
0
0
0
0
0
0
0
0
0
0
0
0
0
0
0
0
0
0
0
0
0
0
0
0
0
0
0
0
0
0
0
0
0
0
0
0
0
0
0
0
0
0
0
0
0
0
0
0
0
0
0
0
0
0
0
0
0
0
0
0
0
0
0
0
0
0
0
0
0
0
0
0
0
0
0
0
0
0
0
0
0
0
0
0
0
0
0
0
0
0
0
0
0
0
0
0
0
0
0
0
0
0
0
0
0
0
0
0
0
0
0
0
0
0
0
0
0
0
0
0
0
0
0
0
0
0
0
0
0
0
0
0
0
0
0
0
0
0
0
0
0
0
0
0
0
0
0
0
0
0
0
0
0
0
0
0
0
0
0
0
0
0
0
0
0
0
0
0
0
0
0
0
0
0
0
0
0
0
0
0
0
0
0
0
0
0
0
0
0
0
0
0
0
0
0
0
0
0
0
0
0
0
0
0
0
0
0
0
0
0
0
0
0
0
0
0
0
0
0
0
0
0
0
0
0
0
0
0
0
0
0
0
0
0
0
0
0
0
0
0
0
0
0
0
0
0
0
0
0
0
0
0
0
0
0
0
0
0
0
0
0
0
0
0
0
0
0
0
0
0
0
0
0
0
0
0
0
0
0
0
0
0
0
0
0
0
0
0
0
0
0
0
0
0
0
0
0
0
0
0
0
0
0
0
0
0
0
0
0
0
0
0
0
0
0
0
0
0
0
0
0
0
0
0
0
0
0
0
0
0
0
0
0
0
0
0
0
0
0
0
0
0
0
0
0
0
0
0
0
0
0
0
0
0
0
0
0
0
0
0
0
0
0
0
0
0
0
0
0
0
0
0
0
0
0
0
0
0
0
0
0
0
0
0
0
0
0
0
0
0
0
0
0
0
0
0
0
0
0
0
0
0
0
0
0
0
0
0
0
0
0
0
0
0
0
0
0
0
0
0
0
0
0
0
0
0
0
0
0
0
0
0
0
0
0
0
0
0
0
0
0
0
0
0
0
0
0
0
0
0
0
0
0
0
0
0
0
0
24629
0
14213
0
0
0
0
0
0
0
0
0
0
1
10177
0
0
7
0
23207
0
0
14024
9
0
0
0
570
0
0
33
0
0
52130
0
0
0
1214
0
0
0
0
1
0
0
19105
0
1
0
0
0
0
0
0
0
0
0
0
0
0
0
58
0
0
0
14
57
0
0
0
0
0
0
3
0
0
0
0
0
0
0
0
0
64278
0
0
0
0
20988
0
0
0
0
0
1
0
15
0
0
0
15
0
0
12280
0
7
85768
0
1
0
0
0
0
0
0
0
0
17546
0
0
0
0
0
0
887
0
0
0
47856
0
0
0
0
2
0
0
0
0
0
0
0
0
0
209364
0
0
0
0
0
0
0
0
0
0
3
0
0
0
108487
0
0
0
0
0
0
0
0
0
0
0
76
1
0
0
0
0
0
0
0
0
0
0
0
0
0
0
2
0
0
24353
2574
0
0
0
0
0
0
0
0
0
2
0
0
0
0
6
0
0
0
442
0
13958
0
1
0
0
0
0
0
0
0
0
0
0
2
0
0
0
0
0
0
0
0
0
23041
0
0
0
0
0
0
0
0
0
0
0
0
0
0
0
0
0
0
0
0
0
0
0
0
0
0
0
0
13830
4815
0
0
5
0
0
0
0
0
0
0
0
0
0
0
0
0
0
3
0
0
0
0
0
0
0
0
0
0
1
0
88
0
0
0
0
0
1232
0
4598
0
0
0
0
0
153963
0
0
716
0
0
0
1049
0
106
0
0
0
0
0
380
0
0
0
0
2511
0
0
1
0
0
0
0
0
0
0
0
0
0
0
12026
0
0
0
28866
0
0
0
0
0
0
0
0
0
0
2396
37969
1
13429
0
0
0
0
0
0
0
67
6286
127
304
0
0
21
0
0
0
0
0
0
1400
0
0
0
0
0
2
0
0
0
0
0
0
0
5848
12
0
0
0
0
0
1
0
0
0
11996
0
7590
0
0
0
0
0
0
0
0
0
0
0
0
0
0
0
0
0
0
0
123
0
0
0
5
0
0
0
0
0
0
0
0
0
0
0
0
0
0
257
336
0
0
0
0
0
0
7
14300
0
0
0
0
0
0
0
0
0
0
0
0
0
0
0
2
0
0
0
0
0
0
0
0
0
3
0
0
0
0
0
0
0
0
0
0
0
0
0
0
0
0
0
0
0
0
0
0
0
0
0
0
0
0
0
0
22
0
30078
0
801
0
0
0
0
0
0
0
0
0
0
0
0
0
0
0
0
0
6810
0
0
0
0
0
6546
0
0
0
451
0
0
0
0
185
55
0
0
0
0
0
20033
0
0
1509
0
11198
0
0
0
0
23966
0
0
0
0
0
0
0
225135
24735
0
0
0
0
0
19
0
22
0
0
0
0
0
0
0
0
0
0
0
0
0
3
0
0
0
1
0
0
0
12117
0
0
25169
0
343
0
0
0
0
0
0
0
0
0
0
0
0
0
0
0
0
0
0
0
0
0
0
20
0
0
0
10057
0
0
0
0
0
0
0
0
0
0
0
0
0
0
0
0
0
0
16
0
0
0
0
1
0
0
0
0
13335
0
0
0
0
0
0
12558
0
0
0
0
0
0
0
0
0
0
0
0
0
0
0
0
0
0
0
0
0
0
0
0
0
0
0
19641
2499
0
0
0
0
0
0
0
0
0
482
0
0
0
0
0
0
10
0
0
0
0
5521
0
0
46870
0
7
0
0
1
0
0
0
0
0
587
0
0
0
0
0
0
0
0
0
0
0
0
0
0
0
0
0
0
0
9576
0
0
0
0
0
0
0
0
0
0
0
0
0
0
0
0
0
0
0
0
0
0
0
0
0
0
0
32166
0
0
0
0
0
0
0
0
3022
0
0
0
15
0
0
0
0
0
0
0
22457
0
0
0
0
215
0
0
0
0
0
0
0
1318
0
0
0
0
8
0
0
0
0
0
0
0
0
0
0
1
0
0
94
6917
0
49380
22427
28900
0
0
0
0
0
0
24828
0
0
0
0
0
0
0
0
0
0
0
0
0
0
0
3620
0
0
0
0
0
0
0
0
0
16
0
13
0
0
0
0
0
0
0
0
1
0
0
0
0
0
0
0
825
0
0
0
0
0
0
0
0
0
0
10
0
0
6983
0
0
0
31398
0
0
0
0
0
0
0
0
0
0
0
0
0
0
0
0
0
0
7834
0
0
0
0
0
0
0
0
0
0
0
0
0
0
0
0
0
0
0
0
0
0
0
422
0
0
0
0
0
3409
6
0
0
0
0
0
0
0
0
0
0
0
0
0
0
0
0
0
0
21664
0
0
0
0
0
0
0
0
0
0
0
0
0
0
0
14439
3705
0
0
0
0
0
0
73
0
0
1
0
0
0
0
0
0
0
0
0
0
0
0
0
0
0
0
0
0
2308
0
13898
0
0
0
0
0
0
0
0
0
0
0
0
0
0
0
0
0
0
0
0
0
0
0
0
0
0
0
0
0
0
0
0
0
0
0
0
0
0
0
0
0
0
0
0
0
0
0
0
0
0
0
0
0
0
0
0
0
0
0
0
0
0
0
0
0
0
0
0
0
0
0
0
0
0
0
0
0
0
0
0
0
0
0
0
0
0
0
0
0
0
0
0
0
0
0
0
0
0
0
0
0
0
0
0
0
0
0
0
0
0
0
0
0
98729
0
0
0
0
0
0
0
0
0
0
0
162
0
31
58
0
0
0
0
0
0
0
37896
0
0
0
0
0
0
4
47251
21491
0
0
0
0
0
0
0
0
22042
75
0
8
0
24264
0
0
3784
0
0
43
0
2
0
0
0
0
0
0
1
5628
0
0
0
0
0
0
0
0
0
0
0
0
0
0
0
0
0
0
0
0
0
0
0
0
0
0
0
0
0
0
0
0
0
0
0
0
0
0
0
0
0
0
0
0
0
0
0
0
0
0
0
0
0
0
0
0
0
0
0
0
0
0
0
0
0
0
641
0
0
0
0
0
0
0
0
2900
0
0
40875
0
0
0
8584
6432
0
0
0
0
0
0
0
0
0
0
0
0
0
0
0
0
0
0
0
0
0
0
0
2
0
0
0
0
0
0
0
0
0
0
0
0
0
0
0
0
0
0
0
0
0
0
0
0
0
0
0
0
0
0
0
0
0
0
0
0
0
0
0
0
0
0
0
0
0
0
0
0
0
0
0
0
0
0
0
0
0
0
0
0
0
0
0
0
0
0
0
0
0
0
0
0
0
0
0
0
0
0
0
0
0
0
0
0
0
0
0
0
0
0
0
0
0
0
0
0
0
0
0
0
0
0
0
0
0
0
0
0
0
0
0
0
0
0
0
0
0
0
0
0
0
0
0
0
0
0
0
0
0
0
0
0
0
0
0
0
0
0
0
0
0
0
0
0
0
0
0
0
0
0
0
0
0
0
0
0
0
0
0
0
0
0
0
0
0
0
0
0
0
0
0
0
0
0
0
0
0
0
0
0
0
0
0
0
0
0
0
0
0
0
0
0
0
0
0
0
0
0
0
0
0
0
0
0
0
0
0
0
0
0
0
0
0
0
0
0
0
0
0
0
0
0
0
0
0
0
0
0
0
0
0
0
0
0
0
0
0
0
0
0
0
0
0
0
0
0
0
0
0
0
0
0
0
0
0
0
0
0
0
0
0
0
0
0
0
0
0
0
0
0
0
0
0
0
0
0
0
0
0
0
0
0
0
0
0
0
0
0
0
0
0
0
0
0
0
0
0
0
0
0
0
0
0
0
0
0
0
0
0
0
0
0
0
0
0
0
0
0
0
0
0
0
0
0
0
0
0
0
0
0
0
0
0
0
0
0
0
0
0
0
0
0
0
0
0
0
0
0
0
0
0
0
0
0
0
0
0
0
0
0
0
0
0
0
0
0
0
0
0
0
0
0
0
0
0
0
0
0
0
0
0
0
0
0
0
0
0
0
0
0
0
0
0
0
0
0
0
0
0
0
0
0
0
0
0
0
0
0
0
0
0
0
0
0
0
0
0
0
0
0
0
0
0
0
0
0
0
0
0
0
0
0
0
0
0
0
0
0
0
0
0
0
0
0
0
0
0
0
0
0
0
0
103
0
0
0
0
0
0
0
0
0
0
0
0
0
0
0
0
0
0
0
0
0
0
0
0
0
0
0
0
0
0
0
0
0
0
0
0
0
0
0
0
0
0
0
0
0
0
0
0
0
0
0
0
0
0
0
0
0
0
0
0
0
0
0
28
1
0
0
0
0
0
0
0
0
0
0
0
0
0
0
0
0
0
0
0
0
0
0
0
0
0
0
0
125
0
0
0
0
0
0
0
0
0
0
0
0
9162
0
0
0
0
0
0
4928
0
0
0
0
2552
0
0
0
22
0
43205
0
0
0
0
0
0
0
0
0
0
0
0
1547
321
0
1
0
99
8
0
34589
7457
8
0
0
0
0
32
1797
0
0
0
0
215
0
56
0
0
0
0
0
0
20
0
33
0
0
0
549
0
0
0
0
0
0
0
0
0
0
0
0
0
0
269
0
0
0
0
0
881
42
4
0
0
66
0
8828
0
0
0
0
0
0
0
0
0
0
100
90
0
0
0
0
0
0
0
0
0
0
0
0
0
0
0
0
22796
0
0
0
0
0
0
0
0
0
0
0
0
0
3
0
1049
0
17625
0
3252
0
0
0
0
18391
0
0
52698
0
0
0
0
0
0
0
18191
0
41407
0
0
11
0
0
0
0
0
3
0
526
0
0
0
0
0
19332
0
0
0
0
12448
0
0
13
0
0
0
0
0
0
0
0
0
0
16
0
0
0
0
0
0
0
9052
0
0
4005
0
0
0
66
54591
0
0
0
0
0
0
0
0
0
69491
185
0
397
0
0
0
0
14
505
335
0
0
0
0
0
0
0
0
0
0
0
0
0
0
0
1116
0
865
0
5070
0
5092
11176
0
0
0
0
0
1
0
380
0
6637
0
0
0
0
0
0
0
0
0
0
0
0
0
0
0
0
3292
0
0
0
0
0
0
0
0
2
0
0
0
0
0
0
1
0
0
0
41768
0
0
0
0
0
0
0
0
0
0
0
0
0
0
0
0
0
0
39706
0
0
0
0
0
0
0
0
2
0
0
0
57
0
0
0
0
10
0
0
0
0
22877
0
0
0
0
0
0
0
1
0
0
0
0
0
0
0
0
0
0
0
0
0
0
138
222
0
0
0
0
0
0
0
0
0
0
13506
23503
0
0
0
0
12700
0
0
0
0
0
0
0
0
0
0
0
0
0
0
0
0
0
0
0
0
0
0
0
0
0
0
0
0
0
0
0
0
1
0
0
0
0
0
0
0
0
0
0
0
3586
0
0
0
0
0
83
0
0
267
0
0
0
0
0
0
0
0
0
0
0
2
0
0
0
0
10609
0
0
17727
0
38
0
0
0
0
0
0
0
195277
0
0
0
0
0
1776
0
0
0
16215
0
0
2
45689
49221
0
0
0
0
0
0
0
0
0
0
0
0
0
0
0
0
1
7637
0
0
0
49085
0
0
0
0
0
3707
0
0
1044
0
0
0
0
28
0
7
971
8
0
0
0
0
0
0
0
3096
0
2
0
0
0
0
0
0
0
0
0
0
0
0
0
0
0
0
0
33
0
0
0
0
2682
6413
0
1
0
32254
0
0
0
0
0
358
0
0
0
0
16
0
0
0
0
0
0
0
2
0
0
0
0
2503
0
0
0
0
0
0
0
994
0
9
0
0
0
0
0
0
0
0
0
3186
0
0
0
0
0
0
5450
0
0
0
0
0
0
1066
0
0
0
0
0
8609
0
0
0
0
1
0
0
0
12
34
0
0
0
0
17818
13
0
0
0
26324
0
0
0
1
0
0
0
0
0
0
0
0
0
0
7
0
4
0
34103
0
0
0
4
0
0
0
0
0
0
0
64585
0
0
0
0
0
0
0
24222
0
0
0
2
0
0
0
0
0
0
0
0
14329
0
25956
33348
0
0
0
0
0
0
0
0
0
0
0
0
4433
0
0
0
1298
0
0
0
0
0
0
0
823
0
322
0
0
0
0
3
0
0
0
0
0
0
0
0
0
0
0
0
0
0
0
0
0
16
0
30995
0
0
6857
0
0
0
9
0
0
0
0
279
0
0
0
0
0
0
0
0
0
0
56169
0
0
0
0
645
0
0
7653
6
0
0
0
0
10758
0
0
0
0
0
0
0
564
0
0
0
9585
0
0
0
0
0
0
0
0
0
0
0
0
0
0
0
0
0
46494
0
0
0
0
0
5
0
0
0
0
0
0
0
0
0
0
0
0
0
0
0
0
12914
0
0
0
63385
0
0
11300
0
0
0
0
0
0
0
0
0
0
5
0
0
0
0
0
0
0
0
0
0
0
36471
0
0
0
0
0
0
0
0
0
0
0
0
0
0
20305
0
0
2060
0
1489
126
30112
0
0
0
0
0
0
0
2114
0
1
0
902
0
0
0
0
0
0
57
0
0
0
0
0
0
33192
21740
0
0
0
0
0
0
0
0
104
469
0
0
0
11651
0
38
0
6856
0
0
0
0
0
0
2
0
0
0
0
0
0
0
0
5273
0
0
0
0
0
0
0
0
0
0
0
0
0
0
0
0
0
0
0
0
32622
0
0
0
0
0
0
0
0
0
0
0
0
0
1265
0
0
0
0
1
0
0
0
0
0
0
0
165
0
0
0
1426
0
0
0
0
0
22078
0
0
0
0
0
0
0
0
0
0
0
0
0
0
0
0
0
0
0
2
0
1542
0
0
0
0
0
22
0
0
0
0
0
0
0
0
0
0
0
0
0
0
0
0
0
20015
0
0
0
0
0
0
0
0
0
0
0
0
9
58
0
0
0
0
0
0
0
0
0
4591
0
0
0
0
0
0
0
0
0
0
0
0
0
0
0
0
0
0
0
0
1248
0
0
0
0
0
0
0
0
0
0
0
0
0
0
24492
0
0
0
0
14182
0
0
0
0
0
0
0
0
0
0
0
2
0
0
0
1
0
0
0
0
0
0
0
0
0
0
355
0
0
0
0
0
1216
0
0
0
0
0
0
0
0
0
0
0
0
0
0
0
0
6
0
0
0
0
2725
0
0
0
0
0
0
0
0
0
0
0
0
0
0
0
0
0
0
0
0
0
0
0
0
0
0
0
0
0
0
0
0
0
0
0
0
0
0
0
0
0
0
0
0
0
0
0
0
0
0
0
0
0
0
0
0
0
0
0
0
0
0
0
0
0
0
0
0
0
0
0
0
0
0
0
0
0
0
0
0
0
0
0
0
0
0
0
0
0
0
0
0
0
0
0
0
0
0
0
0
0
0
0
0
0
0
0
0
0
0
0
0
0
0
0
0
0
0
0
0
0
0
0
0
0
0
0
0
0
0
0
0
0
0
0
0
0
0
0
0
0
0
0
0
0
0
0
0
0
0
0
0
0
0
0
0
0
0
0
0
0
0
0
0
0
0
0
0
0
0
0
0
0
0
0
0
0
0
0
0
0
0
0
0
0
0
0
0
0
0
0
0
0
0
0
0
0
0
0
0
0
0
0
0
0
0
0
0
0
0
0
0
0
0
0
0
0
0
0
0
0
0
0
0
0
0
0
0
0
0
0
0
0
0
0
0
0
0
0
0
0
0
0
0
0
0
0
0
0
0
0
0
0
0
0
0
0
0
0
0
0
0
0
0
0
0
0
0
0
0
0
0
0
0
0
0
0
0
0
0
0
0
0
0
0
0
0
0
0
0
0
0
0
0
0
0
0
0
0
0
0
0
0
0
0
0
0
0
0
0
0
0
0
0
0
0
0
0
0
0
0
0
0
0
0
0
0
0
0
0
0
0
0
0
0
0
0
0
0
0
0
0
0
0
0
0
0
0
0
0
0
0
0
0
0
0
0
0
0
0
0
0
0
0
0
0
0
0
0
0
0
0
0
0
0
0
0
0
0
0
0
0
0
0
0
0
0
0
0
0
0
0
0
0
0
0
0
0
0
0
0
0
0
0
0
0
0
0
0
0
0
0
0
0
0
0
0
0
0
0
0
0
0
0
0
0
0
0
0
0
0
0
0
0
0
0
0
0
0
0
0
0
0
0
0
0
0
0
0
0
0
0
0
0
0
0
0
0
0
0
0
0
0
0
0
0
0
0
0
0
0
0
0
0
0
0
0
0
0
0
0
0
0
0
0
0
0
0
0
0
0
0
0
0
0
0
0
0
0
0
0
0
0
0
0
0
0
0
0
0
0
0
0
0
0
0
0
0
0
0
0
0
0
0
0
0
0
0
0
0
0
0
0
0
0
0
0
0
0
0
0
0
0
0
0
0
0
0
0
0
0
0
0
0
0
0
0
0
0
0
0
0
0
0
0
0
0
0
0
0
0
0
0
0
0
0
0
0
0
0
0
0
0
0
0
0
0
0
0
0
0
0
0
0
0
0
0
0
0
0
0
0
0
0
0
0
0
0
0
0
0
0
0
0
0
0
0
0
0
0
0
0
0
0
0
0
0
0
0
0
0
0
0
0
0
0
0
0
0
0
0
0
0
0
0
0
0
0
0
0
0
0
0
0
0
0
0
0
0
0
0
0
0
0
0
0
0
0
0
0
0
0
0
0
0
0
0
0
0
0
0
0
0
0
0
0
0
0
0
0
0
0
0
0
0
0
0
0
0
0
0
0
0
0
0
0
0
0
0
0
0
0
0
0
0
0
0
0
0
0
0
0
0
0
0
0
0
0
0
0
0
0
0
0
0
0
0
0
0
0
0
0
0
0
0
0
0
0
0
0
0
0
0
0
0
0
0
0
0
0
0
0
0
0
0
0
0
0
0
0
0
0
0
0
0
0
0
0
0
0
0
0
0
0
0
0
0
0
0
0
0
0
0
4927
0
0
0
17
0
0
0
0
0
0
0
0
0
0
0
0
2
0
0
0
0
0
0
0
0
0
0
0
0
0
0
0
0
0
0
0
10862
0
5846
0
0
0
16
0
0
0
0
0
0
0
0
0
0
0
3117
4327
0
0
0
0
0
0
0
0
0
0
0
0
0
0
0
0
0
0
0
0
0
0
0
0
0
0
0
0
0
0
0
0
0
0
0
0
0
0
0
0
0
0
0
0
0
0
0
0
0
0
0
0
0
0
0
452
0
0
0
0
0
0
0
0
19629
0
0
0
0
0
44
0
0
11141
0
0
0
0
1
0
0
3
0
0
0
0
0
0
0
0
0
0
0
0
0
0
0
0
0
33862
27
24416
0
0
0
0
0
0
0
0
1442
0
0
0
1
0
0
0
0
0
0
0
0
0
0
0
0
79
0
17032
0
0
0
0
0
0
0
0
0
0
12460
0
0
0
0
0
0
209
0
0
0
0
0
0
1562
0
0
0
0
0
0
0
0
0
0
0
0
0
0
0
0
0
0
0
457
0
0
0
0
326
0
0
0
0
0
0
0
0
9563
0
0
1
0
0
0
0
0
0
437
0
0
0
306
0
0
0
3342
0
0
0
0
0
0
0
4375
0
0
0
0
92
0
0
0
0
0
1
0
0
0
1262
0
0
0
1
0
0
0
0
0
0
0
0
17044
0
20
0
0
0
0
0
0
0
0
0
0
0
0
0
0
0
0
0
0
4
0
0
0
0
4527
0
13347
0
0
5517
0
1
0
0
0
0
0
0
0
98
0
0
7405
1
0
0
0
0
0
0
0
0
0
196
0
0
0
33
15349
0
0
0
37
0
0
0
0
0
0
0
0
0
0
0
0
0
0
0
0
0
0
0
0
481
0
0
0
0
0
0
0
0
0
0
0
0
0
0
0
0
0
0
40469
0
0
0
0
0
0
0
0
0
0
0
0
0
0
0
0
0
0
0
0
0
0
0
0
0
1
0
0
0
0
0
0
0
0
0
0
0
0
0
0
0
0
0
0
0
0
0
0
0
0
0
0
0
0
0
10708
0
4173
0
13205
0
0
0
0
0
0
0
0
0
0
0
0
0
0
0
0
0
0
0
0
0
0
0
0
0
0
0
0
0
0
0
0
0
0
0
0
0
0
10716
0
0
6862
0
0
0
0
0
0
0
0
0
0
0
0
0
0
0
0
0
8
0
0
0
0
0
0
0
0
0
0
0
0
0
0
0
0
0
0
0
0
0
0
0
0
0
0
0
0
0
0
0
0
0
0
0
0
1
0
0
0
0
0
0
0
0
0
0
1
0
0
0
0
0
0
0
0
0
0
0
0
0
0
0
0
0
0
7469
0
0
0
0
0
0
0
0
12486
0
0
0
0
0
0
0
0
0
0
0
0
0
0
0
0
0
0
14235
0
0
0
58
0
0
0
0
0
1754
0
0
0
12066
0
0
0
0
0
3
0
0
0
0
0
0
0
0
0
0
0
19895
0
0
0
0
0
0
0
0
0
0
0
0
0
0
1130
0
2123
0
0
0
0
0
0
0
0
1
0
0
0
0
0
0
0
0
0
0
0
420
0
0
0
0
0
0
1767
0
0
0
0
7049
0
0
0
455
0
0
0
0
0
0
0
0
0
0
0
0
0
0
0
0
0
0
0
0
0
0
0
0
0
0
0
0
0
0
0
0
0
57
0
0
0
6416
0
0
0
0
0
0
0
0
0
5326
0
0
0
0
0
0
0
15
0
0
0
5487
0
0
0
0
0
0
97321
0
6335
0
0
0
0
9
0
0
0
0
0
0
0
0
0
2701
0
0
0
0
0
0
0
0
0
0
0
0
0
0
0
0
0
0
0
0
0
23
0
0
714
0
0
0
0
0
0
0
0
0
0
0
0
0
0
0
0
0
17238
35766
0
0
26
0
0
0
4417
0
0
0
0
0
0
0
0
0
0
0
17
0
50467
0
0
0
2352
3
0
3
0
0
0
0
0
0
0
0
0
37559
0
0
0
0
0
0
0
0
0
0
0
0
0
0
0
0
0
0
0
0
0
0
0
0
0
25
0
3013
0
0
0
0
0
0
0
0
0
0
0
0
25
16074
0
0
0
0
0
0
0
0
0
0
0
0
0
0
0
0
0
731
666
5
0
0
0
0
42723
0
0
0
0
0
0
2014
0
0
0
0
0
0
0
0
0
0
0
0
2
2
0
0
0
0
0
0
0
0
109
0
0
0
70
0
0
0
0
0
0
0
234
0
0
0
0
0
0
0
1
50037
0
18705
815
0
0
0
0
0
0
0
0
0
0
547058
59898
0
0
0
0
0
0
1
0
0
0
0
0
0
0
0
0
0
0
0
0
0
8690
0
0
0
0
0
0
0
0
0
0
0
0
0
0
0
0
114
5
0
0
0
0
17102
0
0
0
0
0
0
0
0
0
0
0
0
0
0
0
0
0
0
0
0
0
0
0
0
0
0
0
0
0
0
0
0
0
0
0
0
0
0
0
0
0
0
0
0
0
0
0
0
0
0
0
0
0
0
0
0
0
0
0
0
0
0
0
0
0
0
0
0
0
0
0
0
0
0
0
0
0
0
0
0
0
0
0
0
0
0
0
0
0
0
0
0
0
0
0
0
0
0
0
0
0
0
0
0
0
0
0
0
0
0
0
0
0
0
0
0
0
0
0
0
0
0
0
0
0
0
0
0
0
0
0
0
0
0
0
0
0
0
0
0
0
0
0
0
0
0
0
0
0
0
0
0
0
0
0
0
0
0
0
0
0
0
0
0
0
0
0
0
0
0
0
0
0
0
0
0
0
0
0
0
0
0
0
0
0
0
0
0
0
0
0
0
0
0
0
0
0
0
0
0
0
0
0
0
0
0
0
0
0
0
0
0
0
0
0
0
0
0
0
0
0
0
0
0
0
0
0
0
0
0
0
0
0
0
0
0
0
0
0
0
0
0
0
0
0
0
0
0
0
0
0
0
0
0
0
0
0
0
0
0
0
0
0
0
0
0
0
0
0
0
0
0
0
0
0
0
0
0
0
0
0
0
0
0
0
0
0
0
0
0
0
0
0
0
0
0
0
0
0
0
0
0
0
0
0
0
5
0
0
0
0
0
0
0
0
0
0
0
0
0
0
0
0
0
0
0
0
0
0
0
0
0
0
0
0
0
0
0
0
0
0
0
0
0
0
0
0
0
0
0
0
0
0
0
0
0
0
0
0
0
0
0
0
0
0
0
0
0
0
0
0
0
0
0
0
0
0
0
0
0
0
0
0
0
0
0
0
0
0
0
0
0
0
0
0
0
0
0
0
0
0
0
0
0
0
0
0
0
0
0
0
0
0
0
0
0
0
0
0
0
0
0
0
0
0
0
0
0
0
0
0
0
0
0
0
0
0
0
0
0
0
0
0
0
0
0
0
0
0
0
0
0
0
0
0
0
0
0
0
0
0
0
0
0
0
0
0
119
0
0
0
0
0
0
0
0
0
0
0
0
0
0
0
0
0
0
0
0
0
0
0
0
0
0
0
0
0
0
0
0
0
0
0
0
0
0
0
0
0
0
0
0
0
0
0
0
0
0
0
0
0
0
0
0
0
0
0
0
0
0
0
0
0
0
0
0
0
0
0
0
0
0
0
0
0
0
0
0
0
0
0
0
0
0
0
0
0
0
0
0
0
0
0
0
0
0
0
0
0
0
0
0
0
0
52952
0
0
0
0
0
0
0
163
0
0
7
0
0
0
0
0
0
0
0
0
1
0
0
0
0
0
0
0
0
0
0
0
0
0
0
0
0
36
0
0
0
0
0
0
0
0
334118
0
1823
1
0
0
0
0
0
0
0
0
0
0
0
0
0
0
0
0
0
0
0
0
0
0
0
0
0
0
0
0
0
0
0
0
0
0
0
0
0
0
0
0
0
0
0
0
0
0
0
0
0
0
0
0
0
0
0
0
0
0
0
0
0
0
0
0
0
0
344
0
5667
0
0
0
413
0
505
0
0
0
0
0
0
0
0
0
0
0
2717
0
0
0
0
0
0
0
0
0
0
3
0
0
1880
0
0
0
0
0
0
0
13585
0
10827
0
0
0
0
0
0
0
0
0
0
0
0
0
0
0
0
0
0
0
0
0
0
0
0
0
0
0
0
0
0
0
0
0
0
0
0
0
0
0
0
0
0
0
0
0
0
0
0
0
0
0
0
0
0
0
0
0
0
0
0
0
0
106
2
0
0
0
0
0
0
0
0
0
0
0
0
0
0
18837
0
0
0
0
0
0
0
0
0
0
0
0
0
0
0
0
0
0
0
0
0
0
0
0
23375
0
0
0
0
0
0
0
0
0
0
0
0
0
0
0
0
0
0
0
0
0
0
0
0
0
4870
0
0
0
0
0
0
0
65
0
0
0
0
0
0
0
0
0
0
0
0
0
0
0
0
241
0
0
0
0
0
0
0
0
94
0
0
0
0
0
0
0
0
0
0
0
0
0
0
0
0
0
0
0
0
0
0
0
0
0
0
0
0
0
0
0
0
0
0
0
0
0
202
0
0
6112
0
0
0
0
0
0
0
0
0
0
0
0
0
0
0
0
0
0
0
0
0
0
0
31336
0
0
13061
0
0
0
0
0
0
0
386
0
0
0
0
0
0
208
0
0
18296
0
0
0
0
0
0
3630
0
0
0
0
0
0
0
0
0
0
0
0
0
0
1343
0
0
328
2
0
0
0
15248
0
0
0
0
0
8334
0
2
278
0
0
0
17382
0
0
2
0
0
546
0
0
0
0
0
0
0
0
0
0
0
0
0
0
0
0
0
2
0
0
0
0
10331
0
0
0
0
0
9992
0
0
29910
0
0
0
0
0
1
0
0
135
0
0
0
0
0
0
164
0
0
0
0
0
0
0
0
0
0
0
23160
0
0
0
9
14
0
0
0
0
0
0
0
0
0
1163
5517
0
20909
277770
0
0
0
138
0
0
0
0
0
0
0
0
0
0
0
0
0
0
0
0
0
0
0
0
0
0
0
58
0
1
0
0
0
0
0
0
0
0
0
0
0
0
0
0
38
0
0
0
59066
0
0
0
0
0
0
0
0
0
0
0
0
0
0
0
0
0
0
0
0
0
0
0
0
0
0
0
0
8259
0
827
0
0
0
0
0
0
0
0
0
0
0
0
0
0
0
8134
15
0
0
0
0
0
0
0
0
0
0
0
0
1
0
0
0
0
0
0
0
0
0
0
0
0
0
0
0
0
0
0
0
0
0
0
0
0
0
0
0
0
0
0
0
0
0
0
0
0
0
0
0
0
3832
0
23
0
0
0
47558
337283
0
0
0
0
0
0
250
0
0
0
0
0
0
0
0
0
0
0
0
0
0
0
0
0
18
0
0
0
0
0
9
0
0
0
0
0
0
0
0
0
0
0
0
22646
0
0
0
0
0
0
0
1
0
0
0
0
0
0
0
0
0
0
0
0
0
357
0
0
0
5
0
0
95568
0
0
0
0
0
0
0
0
0
0
0
0
0
0
0
6673
0
0
0
10479
668
0
0
0
0
0
0
0
0
0
5
0
0
0
0
0
0
0
0
0
4
0
0
0
0
0
0
0
0
0
0
5102
0
0
0
0
0
0
0
0
0
0
0
229
256
0
0
0
0
0
0
0
0
222
0
0
3
0
0
0
0
0
0
0
0
0
0
0
0
0
0
0
0
0
0
0
0
0
0
0
25545
0
0
0
47103
0
0
0
0
0
0
0
0
0
0
0
0
0
0
9
0
0
0
0
0
224
0
1359
15
0
0
0
0
0
0
0
0
0
0
0
0
0
0
0
0
0
0
0
0
0
0
0
0
0
0
0
0
0
0
0
0
0
0
0
0
0
0
0
0
0
0
0
0
0
0
0
0
0
0
0
0
0
0
0
0
0
0
0
0
0
0
306
0
0
0
0
0
0
0
0
0
0
0
0
0
0
0
0
0
0
0
0
0
0
0
6
0
1
0
301
0
28886
0
0
0
2410
0
0
3186
0
0
0
0
0
0
0
0
0
0
0
0
0
0
0
863
0
0
0
0
0
0
0
0
0
0
0
0
0
0
0
0
0
0
0
0
0
0
0
111
0
0
0
0
13212
0
0
0
0
0
11488
625
0
0
0
0
0
0
0
0
0
0
0
0
17489
0
0
0
1
0
0
0
0
187
0
0
0
0
0
0
0
0
0
0
0
0
0
0
7803
0
0
0
0
0
44
0
0
0
134
0
0
0
244
0
0
0
0
1
0
0
0
0
0
0
0
0
177
0
0
14188
0
0
1
0
0
0
154
0
0
0
0
0
3307
0
0
271
0
0
0
0
1192
0
0
0
0
0
4
0
0
0
0
0
0
0
0
0
0
0
0
0
0
247
0
0
0
2
0
0
0
0
0
0
0
12211
0
0
0
0
0
0
0
0
0
0
0
0
0
0
0
0
0
0
0
0
0
0
0
0
0
0
0
50
0
0
0
0
0
0
0
0
0
0
0
0
0
0
0
0
0
0
0
0
0
0
0
0
0
20486
0
128
92
0
0
0
0
0
0
0
0
0
0
0
0
0
0
0
0
0
0
0
0
0
0
0
0
11418
0
0
0
0
0
0
0
0
0
0
0
0
0
133
0
0
0
0
0
0
0
0
0
0
1
0
0
0
0
0
0
0
15451
0
1
329
0
0
0
0
1439
0
8880
0
0
0
0
0
0
0
0
0
0
0
0
0
0
0
0
0
0
0
0
0
0
0
0
0
0
0
0
0
0
0
0
0
0
0
0
0
0
0
0
0
26
0
0
0
0
2
0
0
0
0
0
0
0
0
1
2
0
0
22666
0
0
0
4
0
0
0
0
0
0
0
0
0
0
0
0
0
0
0
0
0
8
0
0
0
5440
0
5608
0
0
0
0
0
0
0
0
0
0
1128
0
0
112
0
0
0
197911
0
0
0
0
0
0
0
1
0
0
0
0
0
0
0
0
0
0
0
0
0
8
0
0
196
0
0
0
0
0
30616
0
0
0
0
0
0
0
0
0
0
0
0
1
0
0
0
0
0
0
0
0
0
0
0
0
0
0
0
0
0
0
0
0
0
0
0
0
0
0
0
0
0
0
0
0
0
0
0
10430
37883
0
0
0
0
0
0
0
0
0
0
0
0
0
0
0
0
0
0
0
0
0
0
0
0
0
0
248
0
0
0
0
0
0
0
0
0
0
0
0
0
0
0
0
0
0
0
0
0
0
0
0
0
0
0
0
0
0
0
0
0
0
0
0
0
0
0
0
0
0
0
0
0
0
0
0
0
0
0
0
0
16
0
0
0
0
0
0
0
18
34276
1
0
2
0
3
0
1143
0
0
1
0
0
0
0
20343
0
0
0
4791
0
0
0
0
0
0
0
0
0
0
317327
0
0
0
0
0
0
0
3
0
0
0
0
0
0
0
0
20108
0
0
0
14040
0
0
0
0
0
0
0
0
0
10
0
0
0
0
0
0
88
0
0
33688
0
0
0
0
0
1
53990
0
334
0
0
0
0
0
0
0
0
0
0
0
0
0
0
0
0
57
0
0
4765
158
0
0
0
0
0
0
0
0
0
0
0
0
0
0
0
0
0
0
0
0
0
0
0
0
0
0
0
0
0
0
0
0
0
0
6212
0
0
0
0
0
0
0
0
0
0
0
0
0
0
0
0
0
1084
0
0
1
0
0
0
0
0
0
0
0
1
4669
44
0
4
0
0
0
0
0
0
0
0
0
0
0
834
0
0
448
0
4658
0
0
853
0
0
0
0
0
0
0
0
0
5006
0
27214
0
0
0
253
0
0
0
0
0
0
0
0
0
0
0
0
29345
0
0
0
0
0
0
39300
0
3249
0
0
0
0
0
0
5
0
0
0
0
0
0
0
0
0
0
0
0
0
0
0
0
0
0
0
0
0
0
0
0
0
0
1
0
0
0
0
0
0
0
0
0
0
0
0
0
2222
0
12660
0
0
38497
0
0
0
0
0
0
0
0
0
0
0
0
0
0
0
0
0
0
33130
0
0
0
19747
0
0
0
16339
177
0
0
0
0
0
0
0
0
948
0
0
0
0
0
125
0
0
370344
122
0
0
0
0
0
0
0
0
0
0
0
0
0
0
0
0
0
0
0
0
0
0
0
0
0
0
0
0
0
0
0
0
0
0
0
0
0
0
0
0
0
0
0
0
0
0
0
0
0
0
0
0
0
0
16155
22362
0
0
0
0
0
0
0
0
0
0
179133
0
0
1063
0
386
0
0
7070
0
0
0
0
9
0
0
0
0
0
0
0
0
0
0
0
0
0
54200
0
0
0
0
0
0
0
0
0
0
0
0
0
0
0
0
0
0
0
0
0
0
0
0
0
0
0
0
0
0
0
0
0
0
0
0
0
0
0
0
0
0
0
0
0
0
0
0
0
0
0
0
0
0
0
0
0
0
0
0
0
0
0
0
0
0
0
0
0
0
0
0
0
0
0
0
0
0
0
0
0
0
0
0
0
0
0
0
0
0
0
0
0
0
0
0
0
0
0
0
0
0
0
0
0
0
0
0
0
0
0
0
0
0
0
0
0
0
0
0
0
0
0
0
0
0
0
0
0
0
0
0
0
0
0
0
0
0
0
0
0
0
0
0
0
0
0
0
0
0
0
0
0
0
0
0
0
0
0
0
0
0
0
0
0
0
0
0
0
0
0
0
0
0
0
0
0
0
0
0
0
0
0
0
0
0
0
0
0
0
0
0
0
0
0
0
0
0
0
0
0
0
0
0
0
0
0
0
0
0
0
0
0
0
0
0
0
0
0
0
0
0
0
0
0
0
0
0
0
0
0
0
0
0
0
0
0
0
0
0
0
0
0
0
0
0
0
0
0
0
0
0
0
0
0
0
0
0
0
0
0
0
0
0
0
0
0
0
0
0
0
0
0
0
0
0
0
0
0
0
0
0
0
0
0
0
0
0
0
0
0
0
0
0
0
0
0
0
0
0
0
0
0
0
0
0
0
0
0
0
0
0
0
0
0
0
0
0
0
0
0
0
0
0
0
0
0
0
0
0
0
0
0
0
0
0
0
0
0
0
0
0
0
0
0
0
0
0
0
0
0
0
0
0
0
0
0
0
0
0
0
0
0
0
0
0
0
0
0
0
0
0
0
0
0
0
0
0
0
0
0
0
0
0
0
0
0
0
0
0
0
0
0
0
0
0
0
0
0
0
0
0
0
0
0
0
0
0
0
0
0
0
0
0
0
0
0
0
0
0
0
0
0
0
0
0
0
0
0
0
0
0
0
0
0
0
0
0
0
0
0
0
0
0
0
0
0
0
0
0
0
0
0
0
0
0
0
0
0
0
0
0
0
0
0
0
0
0
0
0
0
0
0
0
0
0
0
0
0
0
0
0
0
0
0
0
0
0
0
0
0
0
0
0
0
0
0
0
0
0
0
0
0
0
0
0
0
0
0
0
0
0
0
0
0
0
0
0
0
0
0
0
0
0
0
0
0
0
0
0
0
0
0
0
0
0
0
0
0
0
0
0
0
0
0
0
0
0
0
0
0
0
0
0
0
0
0
0
0
0
0
0
0
0
0
0
0
0
0
0
0
0
0
0
0
0
0
0
0
0
0
0
0
0
0
0
0
0
0
0
0
0
0
0
0
0
0
0
0
0
0
0
0
0
0
0
0
0
0
0
0
0
0
0
0
0
0
0
0
0
0
0
0
0
0
0
0
0
0
0
0
0
0
0
0
0
0
0
0
0
0
0
0
0
0
0
0
0
0
0
0
0
0
0
0
0
0
0
0
0
0
0
0
0
0
0
0
0
0
0
0
0
0
0
0
0
0
0
0
0
0
0
0
0
0
0
0
0
0
0
0
0
0
0
0
0
0
0
0
0
0
0
0
0
0
0
0
0
0
0
0
0
0
96
0
0
0
0
0
0
0
0
0
0
0
0
0
0
0
0
0
0
0
0
0
0
0
0
0
0
0
0
5
0
0
0
0
0
0
0
0
0
0
0
0
0
0
0
0
2
0
0
0
0
0
0
0
0
0
0
84
0
0
0
0
0
0
0
0
0
0
0
0
0
0
0
0
0
0
0
25324
0
0
6688
0
0
0
0
0
0
8279
0
0
0
5961
7806
0
209
0
0
0
0
0
0
0
0
0
0
0
0
0
6808
0
0
9768
0
0
9817
0
0
0
159140
3642
0
0
0
0
0
10434
0
0
0
0
0
0
0
0
0
0
6
0
0
0
0
90353
0
0
101721
0
0
0
0
0
0
0
0
4028
0
0
0
0
0
0
0
0
0
0
0
0
0
0
0
0
82
0
1
0
0
0
0
0
0
0
0
8595
0
0
11866
0
0
0
0
0
0
0
0
0
0
0
0
0
14216
0
0
11950
23402
0
0
2600
0
0
0
0
0
0
6356
0
0
0
0
0
521
0
0
0
26019
507
0
4671
0
0
0
0
0
0
0
0
0
0
0
0
0
0
0
0
0
0
0
0
0
0
0
0
0
0
0
0
0
0
0
0
0
0
1
0
0
0
0
0
0
0
0
0
0
0
0
0
0
0
0
0
0
0
0
4
0
0
0
0
0
0
0
0
0
0
0
0
0
0
0
5
0
0
0
0
0
0
9
0
0
0
0
0
0
2484
0
0
0
264
0
0
0
0
159
0
0
0
2493
0
0
378
0
0
0
0
0
0
0
0
0
1
0
0
0
0
0
0
0
0
0
0
0
0
6928
0
0
0
0
0
0
0
0
0
0
0
0
0
0
34685
0
0
0
0
0
0
0
0
10193
9010
0
0
0
0
0
0
7512
0
0
0
0
0
0
0
0
0
0
0
1976
1145
0
0
0
0
0
3928
0
0
0
36412
0
1
0
0
0
0
0
0
0
0
0
0
0
0
0
0
0
0
0
0
100
0
0
25792
0
0
0
0
7
0
0
0
0
181
0
0
1805
0
0
0
0
0
0
0
0
104
191
0
0
0
0
572
1059
0
0
15359
0
0
0
0
0
0
0
0
0
0
0
0
0
0
0
0
0
0
11102
4212
0
54226
0
0
0
0
0
17760
0
0
0
0
0
0
0
0
114
870
0
28
0
7394
1
0
0
0
0
2
0
0
0
0
0
0
0
0
0
0
0
0
0
0
0
0
0
0
0
0
0
0
0
137
2
0
0
0
0
0
0
0
0
0
0
0
0
0
0
0
0
0
0
8590
0
0
0
2195
0
0
0
0
0
0
0
246
0
0
0
0
0
0
0
0
0
0
0
0
0
0
0
0
0
0
0
0
8
0
380
0
0
0
0
0
0
50
0
19548
0
1
0
0
0
0
2202
0
0
0
0
0
0
5
0
0
9950
0
0
0
299
0
0
0
0
0
0
6668
0
20468
0
0
0
0
0
0
6632
0
3
0
0
0
0
0
0
0
0
3
0
0
0
0
0
0
0
65
0
0
0
28952
0
0
0
0
0
0
0
0
0
0
0
0
0
0
7875
0
0
12856
0
27
0
0
0
0
0
0
0
0
0
0
0
0
0
0
5
0
0
0
0
0
0
29111
0
0
1890
0
0
0
0
0
0
43
2
1
0
0
1
0
0
0
4
1
0
0
0
0
0
1604
0
0
0
70
0
0
0
0
0
36563
0
0
0
0
0
0
0
0
0
39261
0
1
0
0
0
0
0
25
0
0
0
1130
25341
13848
0
0
0
0
0
0
0
6341
0
0
0
0
86
0
0
0
0
0
0
146
0
0
0
0
0
0
0
0
0
0
0
0
0
0
1
0
0
11323
27277
0
0
0
263
0
0
20
1
0
0
0
0
0
0
0
0
0
0
0
0
0
0
0
0
0
0
0
4101
0
0
72200
0
0
0
0
0
0
0
0
0
0
0
0
0
0
0
0
0
0
0
0
0
0
362
35
15409
0
0
0
0
0
0
0
0
0
0
0
0
0
0
19620
0
0
0
0
0
0
0
0
0
0
0
0
10024
0
0
0
0
0
0
0
1
0
11660
0
0
0
2968067
0
1
0
0
3975
0
0
0
0
9498
0
0
0
0
0
0
0
0
0
0
0
0
0
0
0
0
0
0
0
0
0
0
0
30
0
0
0
0
0
0
0
0
172
0
0
0
0
20777
0
0
0
0
0
0
0
2
1
254
2690
0
0
0
0
826
0
0
0
0
0
0
0
0
58187
0
0
0
0
0
0
0
0
0
0
0
0
0
0
79014
0
0
1768
0
0
176
0
30
0
0
0
0
0
0
0
1
0
0
0
0
0
0
0
0
0
6
0
0
0
0
5
0
0
0
0
0
0
0
2746
139
0
0
0
0
0
25977
0
10
0
4941
0
4
12
0
0
0
0
0
0
0
0
0
0
0
0
0
0
0
0
0
0
0
0
0
0
0
0
0
0
0
0
0
0
0
0
0
0
0
0
0
0
0
0
0
0
0
0
0
0
0
0
0
0
0
0
0
0
0
0
0
0
0
0
0
0
0
0
0
0
0
0
0
0
0
0
0
0
0
0
0
0
0
0
0
0
0
0
0
0
0
0
0
0
0
0
0
0
0
0
0
0
0
0
0
0
0
0
0
0
0
0
0
0
0
0
0
0
0
0
0
0
0
0
0
0
0
0
0
0
0
0
0
0
0
0
0
0
0
0
0
0
0
0
0
0
0
0
0
0
0
0
0
0
0
0
0
0
0
0
0
0
0
0
0
0
0
0
0
0
0
0
0
0
0
0
0
0
0
0
0
0
0
0
0
0
0
0
0
0
0
0
0
0
0
0
0
0
0
0
0
0
0
0
0
0
0
0
0
0
0
0
0
0
0
0
0
0
0
0
0
0
0
0
0
0
0
0
0
0
0
0
0
0
0
0
0
0
0
0
0
0
0
0
0
0
0
0
0
0
0
0
0
0
0
0
0
0
0
0
0
0
0
0
0
0
0
0
0
0
0
0
0
0
0
0
0
0
0
0
0
0
0
0
0
0
0
0
0
0
0
0
0
0
0
0
0
0
0
0
0
0
0
0
0
0
0
0
0
0
0
0
0
0
0
0
0
0
0
0
0
0
0
0
0
0
0
0
0
0
0
0
0
0
0
0
0
0
0
0
0
0
0
0
0
0
0
0
0
0
0
0
0
0
0
0
0
0
0
0
0
0
0
0
0
0
0
0
0
0
0
0
0
0
0
0
0
0
0
0
0
0
0
0
0
0
0
0
0
0
0
0
0
0
0
0
0
0
0
0
0
0
0
0
0
0
0
0
0
0
0
0
0
0
0
0
0
0
0
0
0
0
0
0
0
0
0
0
0
0
0
0
0
0
0
0
0
0
0
0
0
0
0
0
0
0
0
0
0
0
0
0
0
0
0
0
0
0
0
0
0
0
0
0
0
0
0
0
0
0
0
0
0
0
0
0
0
0
0
0
0
0
0
0
0
0
0
0
0
0
0
0
0
0
0
0
0
0
0
0
0
0
0
0
0
0
0
0
0
0
0
0
0
0
0
0
0
0
0
0
0
0
0
0
0
0
0
0
0
0
0
0
0
0
0
0
0
0
0
0
0
0
0
0
0
0
0
0
0
0
0
0
0
0
0
0
0
0
0
0
0
0
0
0
0
0
0
0
0
0
0
0
0
0
0
0
0
0
0
0
0
0
0
0
0
0
0
0
0
0
0
0
0
0
0
0
0
0
0
0
0
0
0
0
0
0
0
0
0
0
0
0
0
0
0
0
0
0
0
0
0
0
0
0
0
0
0
0
0
0
0
0
0
0
0
0
0
0
0
0
0
0
0
2
0
0
0
0
716
19
0
0
0
0
680
0
0
0
0
0
0
0
0
0
0
0
0
14
0
0
0
0
0
0
19539
108
276
0
0
0
0
0
0
0
1
0
0
5
0
88680
0
0
0
0
0
0
1
430
0
0
0
0
0
0
0
0
0
0
0
0
0
0
0
0
0
10
0
150
0
0
0
0
0
0
0
0
0
0
0
0
0
0
0
0
0
29953
0
0
0
0
0
0
0
0
0
0
0
0
0
0
0
0
0
0
0
0
0
0
0
0
0
0
0
0
0
66
0
0
0
0
0
0
0
0
0
0
0
0
0
7631
0
0
0
41278
0
11143
43660
0
0
0
0
0
0
0
0
0
0
0
0
0
0
64
0
36129
0
0
0
0
0
0
0
0
0
0
0
0
0
536
0
0
0
614
0
0
0
0
0
0
0
0
0
0
0
328
0
0
0
0
76114
0
0
0
0
0
0
0
0
0
0
0
0
8902
0
0
3
0
0
0
0
23797
0
0
0
0
0
0
0
0
0
0
0
0
0
0
0
0
0
0
0
0
0
0
0
0
0
0
0
0
0
0
0
0
0
0
0
0
0
0
0
0
0
0
0
0
38560
0
0
0
0
0
0
0
0
0
0
0
0
0
0
0
0
0
0
0
0
0
0
0
0
0
0
0
0
0
0
0
0
0
0
0
0
604
1
0
0
0
18569
3
0
0
0
0
0
0
0
0
0
18349
0
0
0
0
0
195
0
0
20005
0
0
22894
0
13
0
0
0
0
0
0
0
0
0
0
0
0
0
0
0
0
0
0
0
0
0
0
0
0
0
0
154
0
0
0
0
0
0
0
0
0
0
0
0
0
0
0
23700
0
0
127
0
3
0
0
0
0
0
17
0
0
21530
0
0
79
0
0
0
0
0
0
0
0
0
0
0
0
0
0
0
0
0
0
0
0
0
0
0
0
0
0
0
0
0
352
0
0
0
0
0
0
44
0
0
0
0
0
0
0
0
0
0
1666
0
0
8
0
0
0
0
0
0
0
0
0
0
0
0
0
0
0
0
0
0
0
0
0
0
0
0
0
0
0
3
0
0
0
0
5
0
0
35
0
0
0
0
0
0
0
0
0
115524
0
0
0
0
0
0
0
0
0
0
3
0
0
0
0
0
118318
0
0
0
0
0
0
40717
0
13
0
0
0
233637
0
0
0
1366
0
0
1622
0
0
0
0
4844
0
0
0
0
0
0
3455
74535
0
3
0
0
0
927
0
0
0
0
0
0
0
0
0
0
0
0
0
334
0
0
0
0
0
14810
0
0
0
0
0
0
0
0
0
0
0
0
0
0
0
0
0
0
0
17409
0
0
0
0
0
0
0
0
0
0
0
0
0
0
0
0
26499
0
0
0
0
0
0
0
0
0
0
0
0
0
0
36
0
0
0
0
0
0
0
0
0
0
0
0
0
637
20981
1
15881
11215
0
0
0
0
0
15312
0
0
0
0
0
0
0
11
0
0
2
0
0
0
0
0
0
0
0
0
0
0
0
4
0
0
0
3340
0
0
0
31571
12784
0
0
0
0
0
0
0
0
0
0
0
0
3103
4947
0
0
0
0
0
0
0
0
0
0
0
0
0
314
0
0
0
0
0
0
0
0
0
0
13354
0
0
0
347
0
0
27102
304
0
0
3
242
0
0
0
0
0
0
0
0
7838
0
0
3576
5996
0
0
0
0
0
0
0
0
0
0
0
0
0
0
13
0
10695
0
0
0
0
27761
9
0
0
0
0
0
0
0
0
0
5107
0
0
46159
0
0
0
0
0
0
0
0
0
0
0
0
0
0
0
1
0
0
0
0
0
0
0
0
27374
0
0
0
0
0
8688
0
0
0
0
0
0
0
0
0
0
0
0
0
0
0
0
0
0
0
23774
3
0
0
0
0
0
0
0
0
0
0
0
0
371969
0
0
0
0
0
0
0
0
0
0
0
0
0
0
0
810
0
0
0
0
0
0
0
9
0
0
1
0
0
0
0
68357
27565
0
0
0
0
0
0
0
0
5691
0
0
0
23
21087
0
0
0
0
0
357
0
0
0
0
0
0
451
0
0
0
0
0
0
0
0
0
0
0
0
0
0
2246
4875
0
0
0
0
0
0
16019
0
0
0
0
0
0
0
0
0
0
0
0
0
0
0
0
0
0
0
0
0
16
0
0
0
0
0
20
0
0
0
0
0
0
0
0
0
0
0
0
0
0
0
0
0
0
0
0
0
0
1
0
0
0
17
0
62
0
0
0
0
0
0
0
0
0
0
0
0
0
26
0
0
0
0
51591
0
0
0
1446
1413
0
0
0
0
0
0
0
0
0
0
0
0
0
0
0
0
0
0
0
0
1
0
0
0
0
0
0
0
0
0
0
0
0
0
1
0
0
0
0
0
0
0
0
0
0
0
0
0
0
0
0
0
0
0
0
0
0
0
0
0
0
0
0
0
0
0
0
0
0
0
0
0
0
0
0
0
0
0
0
0
0
0
0
0
0
0
0
0
0
0
0
0
0
0
0
0
21354
0
0
0
0
0
11
0
0
0
0
0
0
0
0
0
0
0
52880
0
0
11597
0
0
0
0
0
0
0
0
1
0
0
0
23
0
0
0
0
0
0
0
30714
0
0
0
251
0
0
0
0
0
0
0
0
0
0
0
0
0
0
0
17616
0
0
0
0
0
0
0
0
0
51
0
0
0
0
0
0
0
64
0
0
0
0
0
0
0
0
0
0
0
3
0
26906
0
0
0
0
0
0
0
0
0
0
0
0
0
0
0
0
0
0
0
0
0
0
0
0
0
0
0
0
0
0
0
0
0
0
0
0
0
0
0
0
0
0
0
0
0
0
0
0
0
0
0
0
0
0
0
0
0
0
0
0
0
0
0
0
0
0
0
0
0
0
0
0
0
0
0
0
0
0
0
0
0
0
0
0
2
0
0
0
0
0
0
0
0
0
0
0
0
0
0
0
0
0
0
0
0
0
0
0
0
0
0
0
0
0
0
0
0
0
0
0
0
0
0
0
0
0
0
0
0
0
0
0
0
0
0
0
0
0
0
0
0
0
0
0
0
0
0
0
0
0
0
0
0
0
0
0
0
0
0
0
0
0
0
0
0
0
0
0
0
0
0
0
0
0
0
0
0
0
0
0
0
0
0
0
0
0
0
0
0
0
0
0
0
0
0
0
0
0
0
0
0
0
0
0
0
0
0
0
0
0
0
0
0
0
0
0
0
0
0
0
0
0
0
0
0
0
0
0
0
0
0
0
0
0
0
0
0
0
0
0
0
0
0
0
0
0
0
0
0
0
0
0
0
0
0
0
0
0
0
0
0
0
0
0
0
0
0
0
0
0
0
0
0
0
0
0
0
0
0
0
0
0
0
0
0
0
0
0
0
0
0
0
0
0
0
0
0
0
0
0
0
0
0
0
0
0
0
0
0
0
0
0
0
0
0
0
0
0
0
0
0
0
0
0
0
0
0
0
0
0
0
0
0
0
0
0
0
0
0
0
0
0
0
0
0
0
0
0
0
0
0
0
0
0
0
0
0
0
0
0
0
0
0
0
0
0
0
0
0
0
0
0
0
0
0
0
0
0
0
0
0
0
0
0
0
0
0
0
0
0
0
0
0
0
0
0
0
0
0
0
0
0
0
0
0
0
0
0
0
0
0
0
0
0
0
0
0
0
0
0
0
0
0
0
0
0
0
0
0
0
0
0
0
0
0
0
0
0
0
0
0
0
0
0
0
0
0
0
0
0
0
0
0
0
0
0
0
0
0
0
0
0
0
0
0
0
0
0
0
0
0
0
0
0
0
0
0
0
0
0
0
0
0
0
0
0
0
0
0
0
0
0
0
0
0
0
0
0
0
0
0
0
0
0
0
0
0
0
0
0
0
0
0
0
0
0
0
0
0
0
0
0
0
0
0
0
0
0
0
0
0
0
0
0
0
0
0
0
0
0
0
0
0
0
0
0
0
0
0
0
0
0
0
0
0
0
0
0
0
0
0
0
0
0
0
0
0
0
0
0
0
0
0
0
0
0
0
0
0
0
0
0
0
0
0
0
0
0
0
0
0
0
0
0
0
0
0
0
0
0
0
0
0
0
0
2
0
0
0
0
0
0
0
0
0
0
0
0
0
0
0
0
0
0
0
0
0
0
0
0
0
0
0
0
0
0
0
0
0
0
0
0
0
0
0
0
0
0
0
0
0
0
0
0
0
0
0
0
0
0
0
0
0
0
6
0
0
0
0
0
0
0
0
0
0
0
0
0
0
0
0
0
0
0
0
0
0
0
0
0
0
0
0
0
0
0
0
0
0
0
0
0
0
0
0
0
0
0
0
0
0
0
0
0
0
0
161
0
0
0
0
2
0
0
0
0
0
0
0
0
0
0
0
0
0
0
0
0
0
0
0
0
2185
0
0
0
0
1
0
0
0
0
0
0
0
0
0
0
39857
0
0
0
0
0
0
0
0
0
0
0
0
0
0
0
0
18826
0
0
0
0
0
0
0
0
1
0
0
0
0
0
0
0
0
0
0
0
0
31
0
0
0
0
0
14354
0
2
0
0
0
0
609345
0
0
0
0
0
0
0
0
0
11568
0
0
0
0
0
0
0
8540
0
0
0
0
0
0
0
0
0
0
0
0
2410
0
0
0
55664
0
0
0
0
0
0
0
0
198
0
0
1418
0
0
0
0
0
0
4
0
0
0
0
0
0
0
0
0
0
0
19
0
0
986
0
0
0
0
0
0
0
0
30525
0
0
1
0
0
0
0
9501
0
3675
5
0
0
0
0
0
0
0
0
11088
0
0
0
0
0
0
0
0
0
11642
0
0
0
0
71
0
0
0
0
0
0
0
0
0
0
0
0
0
0
0
0
0
0
0
0
0
117
0
0
0
0
0
0
0
0
9
0
0
0
0
0
0
35422
0
0
0
0
0
0
0
0
0
0
0
0
0
0
0
0
0
0
0
0
0
0
0
0
0
0
0
0
0
140717
0
0
0
0
0
0
0
0
4951
941
0
0
0
0
0
0
0
0
0
0
0
0
0
0
0
0
0
3
0
0
0
0
0
0
0
0
0
0
0
0
0
0
0
1
0
117
0
0
0
0
0
0
52394
17628
23673
46
0
0
0
17
0
0
0
0
0
0
0
0
0
0
57
2055
0
0
0
0
0
0
267
10891
0
0
0
0
0
0
0
0
0
0
0
0
0
0
0
0
0
0
0
0
0
0
0
0
0
0
0
0
60
0
0
0
0
0
0
0
0
1
0
0
0
0
0
25
0
0
0
0
0
0
0
5
0
0
188
0
0
0
0
0
0
23
19088
0
0
0
0
0
0
0
0
0
0
0
4
0
0
0
0
0
0
0
0
0
0
0
0
0
5054
0
0
0
6953
909
0
1
0
0
0
0
0
0
0
0
0
0
0
0
0
0
0
0
0
0
0
0
0
0
0
0
0
0
0
0
0
0
0
0
0
5
16104
1
0
0
0
0
8390
27280
0
0
0
0
0
0
0
3
0
0
0
0
0
0
0
0
0
0
0
0
0
27926
0
0
0
0
0
24168
0
0
0
0
0
0
0
0
0
106
0
0
0
0
0
0
0
0
0
0
0
0
0
0
0
0
0
312
0
0
0
1
0
0
0
0
147598
0
0
0
0
0
0
0
0
0
0
8835
33109
0
0
0
0
0
0
8291
3
0
12328
0
0
0
0
0
0
0
0
0
0
0
0
0
0
0
0
0
0
0
0
1
0
0
1
0
0
0
0
0
0
0
0
0
0
0
0
0
0
0
0
0
0
0
0
0
0
0
0
1
0
0
0
0
0
1
0
0
0
37
0
0
0
0
0
0
401
0
0
0
0
0
0
0
0
0
0
0
0
0
0
0
0
461
0
0
0
0
0
0
0
0
0
0
0
0
0
0
0
0
0
0
0
0
0
0
0
0
0
0
0
0
0
0
0
0
54
275
0
0
2
0
0
0
0
0
0
0
0
0
0
0
0
0
0
0
0
0
0
0
0
11
0
0
0
0
0
0
0
0
0
13477
0
0
0
0
0
0
0
0
0
52655
0
0
0
0
0
0
0
0
0
0
0
0
0
0
0
0
0
0
0
199
0
0
0
0
0
0
0
0
0
0
0
45055
0
0
0
0
0
0
0
0
0
0
0
0
0
0
0
0
0
0
0
0
0
13835
0
0
0
0
77
167
0
0
92
0
674
251
0
0
0
0
0
0
0
0
0
0
0
0
0
0
0
0
0
0
0
0
158933
6380
0
0
0
0
166
0
17643
0
0
0
0
0
0
0
0
0
0
0
0
0
0
0
0
0
0
0
0
0
0
0
0
1
0
0
0
0
0
0
0
0
0
0
0
0
0
0
0
259
0
0
0
1
0
0
0
0
0
0
0
0
0
0
0
0
0
0
0
102
0
0
0
4
14
0
0
0
0
0
0
0
0
0
0
0
0
0
0
0
0
0
0
0
0
0
0
0
0
0
0
0
0
0
0
0
0
0
0
0
0
0
0
0
0
0
0
0
0
0
0
0
0
0
0
0
0
0
0
0
0
0
0
0
0
0
0
0
0
0
0
0
0
0
0
0
0
0
0
0
0
0
0
0
0
0
0
0
0
0
0
0
0
0
0
0
0
0
0
0
0
0
0
0
0
0
0
0
0
0
0
0
0
0
0
0
0
0
0
0
0
0
0
0
0
0
0
0
0
0
0
0
0
0
0
0
0
0
0
0
0
0
0
0
0
0
0
0
0
0
0
0
0
0
0
0
0
0
0
0
0
0
0
0
0
0
0
0
0
0
0
0
0
0
0
0
0
0
0
0
0
0
0
0
0
0
0
0
0
0
0
0
0
0
0
0
0
0
0
0
0
0
0
0
0
0
0
0
0
0
0
0
0
0
0
0
0
0
0
0
0
0
0
0
0
0
0
0
0
0
0
0
0
0
0
0
0
0
0
0
0
0
0
0
0
0
0
0
0
0
0
0
0
0
0
0
0
0
0
0
0
0
0
0
0
0
0
0
0
0
0
0
0
0
0
0
0
0
0
0
0
0
0
0
0
0
0
0
0
0
0
0
0
0
0
0
0
0
0
0
0
0
0
0
0
0
0
0
0
0
0
0
0
0
0
0
0
0
0
0
0
0
0
0
0
0
0
0
0
0
0
0
0
0
0
0
0
0
0
0
0
0
0
0
0
0
0
0
0
0
0
0
0
0
0
0
0
0
0
0
0
0
0
0
0
0
0
0
0
0
0
0
0
0
0
0
0
0
0
0
0
0
0
0
0
0
0
0
0
0
0
0
0
0
0
0
0
0
0
0
0
0
0
0
0
0
0
0
0
0
0
0
0
0
0
0
0
0
0
0
0
0
0
0
0
0
0
0
0
0
0
0
0
0
0
0
0
0
0
0
0
0
0
0
0
0
0
0
0
0
0
0
0
0
0
0
0
0
0
0
0
0
0
0
0
0
0
0
0
0
0
0
0
0
0
0
0
0
0
0
0
0
0
0
0
0
0
0
0
0
0
0
0
0
0
0
0
0
0
0
0
0
0
0
0
0
0
0
0
0
0
0
0
0
0
0
0
0
0
0
0
0
0
0
0
0
0
0
0
0
0
0
0
0
0
0
0
0
0
0
0
0
0
0
0
0
0
0
0
0
0
0
0
0
0
0
0
0
0
0
0
0
0
0
0
0
0
0
0
0
0
0
0
0
0
0
0
0
0
0
0
0
0
0
0
0
0
0
0
0
0
0
0
0
0
0
0
0
0
0
0
0
0
0
0
0
0
0
0
0
0
0
0
0
0
0
0
0
0
0
0
0
0
0
0
0
0
0
0
0
0
0
0
0
0
0
0
0
0
0
0
0
0
0
0
0
0
0
0
0
0
0
0
0
0
0
0
0
0
0
0
0
0
0
0
0
0
0
0
0
0
0
0
0
0
0
0
0
0
0
0
0
0
0
0
0
0
0
0
0
0
0
0
0
0
0
0
0
0
0
0
0
0
0
0
0
0
0
0
0
0
0
0
0
0
0
0
0
0
0
0
0
0
0
0
0
0
0
0
0
0
0
0
0
0
0
0
0
0
0
0
0
0
0
0
0
0
0
0
0
0
0
0
0
0
0
0
0
0
0
0
0
0
0
0
0
0
0
0
0
0
0
0
0
0
0
0
0
0
0
0
0
0
0
0
0
0
0
0
0
0
0
0
0
0
0
0
0
0
0
0
0
0
0
0
0
0
0
0
0
0
0
0
0
0
0
0
0
0
0
0
0
0
0
0
0
0
0
0
0
0
0
0
0
0
0
0
0
0
0
0
0
0
0
0
0
0
0
0
0
0
0
0
0
0
0
0
0
0
0
0
0
0
0
0
0
0
0
0
0
0
0
0
0
0
0
0
0
0
0
0
0
0
0
0
0
0
0
0
0
0
0
0
0
0
0
0
0
0
0
0
0
0
0
0
0
0
0
0
0
0
0
0
0
0
0
0
0
0
0
0
0
0
0
0
0
0
0
0
0
0
0
0
0
0
0
0
0
0
0
0
0
0
0
0
0
0
0
0
0
0
0
0
0
0
0
0
0
0
0
0
0
0
0
0
0
0
0
0
0
0
0
0
0
0
0
0
0
0
0
0
0
0
0
0
0
0
0
0
0
0
0
0
0
0
0
0
0
0
0
0
0
0
0
0
0
0
0
0
0
0
