9
23
1
0
15964
3
0
98
0
0
150
1109
0
0
1
0
4
6
2
0
1
12
1232
0
6
18
0
0
3
11
28620
6
8
0
19
0
7
636
0
43
1
3
12231
0
0
0
4
8
0
0
11
100
0
2
12045
4730
12
2437
0
0
0
190
1
0
31
2
0
1
0
28761
0
1
12
0
0
44089
33
0
1
0
0
4
7
0
0
216
0
40279
99
2
9
0
4
0
0
6356
0
20
7
53
1
0
0
0
25
1
0
9589
16
848
10
0
0
27
12
0
3
0
0
34
25995
7
3
4
28
1
126
4
0
3
0
0
0
0
0
1
0
0
0
102
0
0
0
0
0
1
2
22
2384
0
0
16
0
0
0
0
18
9
0
0
0
0
3419
3
8
27159
12
1
0
0
30
1
1
15
10
0
13
0
1
10
0
0
0
229
0
0
8
0
1
1885
0
0
0
2
1
0
11
0
1
1233
17988
0
43
4019
9540
3
0
2
0
0
5
0
4
0
165
20328
8
1
5
0
24
0
0
0
0
0
1
33
0
5766
9
0
0
16
0
121
0
2
8332
1165
2
0
0
1
0
17
233
0
0
0
17424
0
0
5
0
0
0
0
26
0
5
1
0
0
2
11
2
2
13
0
0
0
25
0
1
0
0
1
0
15
0
0
0
0
84
0
189
186
9
0
757
4
0
1
0
3
0
11
62
12
1
0
0
3
0
47
1
5
12
0
0
0
0
11
72
0
0
4
0
9
0
0
1
11
25
0
2937
5
3
0
18
13
1547
6
0
13
0
0
1
10
0
257
12
0
125
0
0
20234
2
2
160589
2
0
0
11
0
3
46
0
5241
0
39871
32
0
0
0
0
0
0
0
0
1
7
1
0
1
1
148
0
247
13
76
0
0
0
0
829
34
0
6
0
27631
12
18
0
0
0
4
7
0
0
15838
0
1
44
15
4
812
28116
0
0
0
1
0
7
1
0
3
0
25
15
0
0
2
0
4
0
2
0
0
0
28
4
0
0
0
2
0
2
6
3
35
0
2
53611
1
0
1
1
0
0
1
17589
2
3
4
0
0
0
0
2
9
0
0
0
50
24
0
0
1
2
12
0
19
0
0
230
36
1
0
0
1
0
4
6
12
0
6
0
4
1
0
3
21
0
0
0
0
0
71
0
38
0
11
8
70731
2714
10
0
0
0
0
1
0
0
6
0
0
0
25
0
0
51
979
1
13
34
0
0
0
4
0
0
1
1
0
0
0
26843
225
5
68882
0
8970
0
0
1
0
3
1
1
1
6
0
4
101
3
0
1
1
10
25
20
0
0
0
0
0
0
0
0
0
0
0
0
0
7
0
0
0
190
363
22
0
1
0
8
0
0
0
8
30
0
32
1
3
16
0
0
27
0
0
0
34
4
516
1
0
16
0
0
0
1
0
0
0
7193
19
11523
3
1
0
1
0
9743
1765
6
7
11
47477
10939
3
0
0
0
11
0
3
0
17
0
0
0
0
1
0
0
0
19
0
0
1
6
0
0
3
0
0
27
2
1
3
0
0
7
7
0
2
0
0
1
1
5
5418
19861
0
21
0
40
0
0
2
1
0
1
48
0
975
61
22
2
0
0
1
74
2
15
4
29
2
12
0
0
12366
10
0
0
7
12457
107
0
26038
25
2
3
0
8636
0
6
0
39
37
2664
13
74
0
0
66
3
62
35
0
0
10
1
0
0
0
0
0
4
0
0
453
0
0
2
0
2
3
0
1
0
0
1
1
3
3
23
0
1
1553
0
0
12
21
0
0
0
4
1
0
1
0
19
12912
0
2
19
0
2
0
0
0
0
1
1
861
0
16
22
1
4
0
0
3
0
47263
0
0
0
0
7
29738
1
0
0
0
0
837
52
0
0
1
0
0
1
0
0
0
0
2
0
0
0
0
0
0
0
0
1
0
0
0
0
0
2
0
1
2
0
0
0
0
0
0
0
0
0
1
0
0
0
0
1
218
0
0
0
0
0
0
18
0
0
1490
1
1
2
0
1
1
206662
0
0
0
0
2058
18
0
0
0
4
0
0
0
6
0
16679
0
0
0
2
0
72
7
3
0
0
0
37606
0
0
0
64
0
1
0
0
1
1
0
7033
0
1
0
0
0
0
67
0
0
0
0
7
0
5
5163
0
0
0
0
0
0
0
1
0
2
14
0
0
0
0
0
0
0
0
0
0
10843
52
0
0
0
224
27
1
7
4
178
1
0
0
0
0
446
0
0
2
2
0
0
21
4
1
0
0
0
1
25
0
0
0
60853
0
0
1
0
1
4
133538
0
1
9
2768
0
81
0
6
0
0
4
0
0
0
0
0
0
3
7
0
4
0
0
0
0
0
0
524
0
1
6
0
321
0
0
0
32343
0
0
878
6
0
0
0
0
0
0
165
0
75038
0
0
0
0
0
1
0
0
1
0
0
0
0
0
6
704
0
54
0
0
1359
0
0
15
3
0
281
0
0
45
0
14
15
0
19770
41
84
0
0
0
0
354
19
19
0
5
0
0
73
3
1
1
0
9
193
9
0
0
2
0
90745
2
0
83
0
8
0
0
0
4
6
3
0
0
4
0
0
0
10554
0
0
0
1
0
0
16
0
0
11
8
0
0
0
0
0
0
2
4
2
0
8
1
0
0
0
0
0
0
0
0
0
0
0
0
2
14482
0
40096
0
31
1717
2012
2
315
0
0
0
13901
1
0
0
13
0
1
1
1
0
1
5
2
0
354160
0
147712
0
0
0
12319
15076
398
8
3
0
3
0
342
0
0
0
8
0
4
0
1
0
0
0
20
0
9
0
24
0
150
0
0
0
0
0
8
0
1
0
0
0
0
0
0
0
4
0
0
0
0
19443
0
0
0
45
0
0
0
0
0
0
0
0
3
1
0
0
0
0
0
0
0
0
0
0
7
0
0
5
0
0
0
0
0
0
12
0
0
0
0
0
7
0
0
0
0
0
0
2
4
0
0
0
1
0
0
22
0
0
0
0
0
0
0
0
3
0
0
0
0
0
0
0
0
0
0
0
0
0
0
19
12
0
0
5
0
0
3
0
0
0
0
0
52
4
0
0
0
0
2
0
8
0
0
66
0
0
0
3
0
0
0
0
0
0
16
0
2
1
0
0
15
0
0
0
0
0
0
0
0
0
0
4
0
0
0
0
0
0
0
0
0
0
0
0
0
0
0
0
0
0
0
0
0
0
0
0
0
0
0
0
1
3
0
0
0
0
0
0
0
0
0
0
0
0
0
0
0
0
5
0
0
0
0
0
0
0
0
0
0
0
0
0
0
0
0
0
0
0
0
0
0
0
0
2
15
0
0
0
0
0
0
0
0
0
0
0
0
0
0
0
0
8
0
0
0
0
0
0
0
0
1
0
0
0
0
0
0
0
0
0
0
0
2
0
0
0
0
4
0
0
0
0
0
0
0
0
0
0
0
0
0
0
0
0
0
0
0
0
0
0
0
0
0
0
0
0
5
0
0
0
1
0
0
0
0
6
0
0
0
0
0
0
0
0
0
0
0
0
0
0
0
1
0
0
0
0
0
0
0
0
0
0
0
0
0
0
1
0
0
0
0
2
0
0
0
2
0
0
8
0
0
0
0
0
0
0
0
0
6
0
0
1
0
0
0
0
0
0
1
0
0
0
1
0
467
0
0
0
0
0
0
0
0
0
0
0
0
0
0
3
0
6
0
0
0
0
0
3
3
0
0
0
6
0
0
0
1
0
0
0
0
0
0
0
0
0
0
0
0
0
0
0
0
1
8
0
0
0
0
0
0
0
0
0
0
0
0
216
0
0
0
0
0
0
0
0
0
0
0
0
0
0
0
0
0
0
0
0
0
0
6
0
0
0
0
12
0
0
0
0
0
0
0
15
67
0
1
0
0
0
1
0
0
0
0
0
0
0
50
1
0
0
0
0
0
0
0
0
0
0
0
0
3
0
0
4
0
0
7
0
0
0
231
0
0
0
0
0
24
0
0
1
0
0
0
4
0
0
0
0
0
2
7
0
1
0
0
2
0
0
0
0
5
0
0
0
0
5
414
0
24
22
7
0
0
3
2
0
0
0
1
0
0
0
0
0
0
0
0
0
6
5
0
0
0
11
2
0
0
83
0
0
1
0
0
0
0
0
0
0
0
0
0
0
0
0
0
0
0
0
15
0
0
0
1
0
0
0
0
0
0
0
0
0
0
0
0
0
0
0
0
1
0
0
0
0
0
6
0
16
0
0
0
0
0
0
0
0
4
0
0
0
0
0
0
0
0
0
0
0
0
0
0
0
0
0
0
0
0
0
0
0
0
0
0
18
0
0
0
0
0
0
0
0
0
0
0
0
0
0
2
0
0
0
0
0
0
0
0
0
1
0
0
0
0
0
0
0
0
0
0
84
0
92
2
0
1
14323
12
0
0
0
67
2
15
2404
0
0
14649
0
4
5
0
0
34
0
0
3
13
9
2
5
4
6
0
2
6
1386
0
0
0
29220
0
1
49
5
1
0
8405
0
6
44000
8845
74
12
0
0
3
155
0
0
0
0
0
0
0
8649
198
0
8
0
0
5
9320
0
0
2
25
3
3
0
0
2
1
0
122
9
802
145
1
0
0
0
0
6
12849
2
24
4
37
0
1
1
3
14281
0
4
0
0
1
0
0
0
0
1
0
139
0
5
0
1
11
0
0
28
4
0
0
26
3
2
85435
438
2
0
0
3
66629
2
32
0
4462
0
13
2
1
7
3
4760
17
0
7
0
5
3
966
16
8183
0
1
1
4
9
1
0
5160
4
0
0
0
35
9
34
0
1
840
0
225
0
4306
0
24
6
0
1621
7
5
0
0
0
8
12
52
69
79035
29
14
0
2
0
0
0
0
11670
0
1
0
0
0
0
18
3
9
0
0
37
6
19
7
0
1
0
4
0
11
0
0
179
1
28557
46
7
0
5
1
0
0
0
0
0
0
17
0
48
3
2
3
90
0
2
53
7
12
17
1
0
5
16
0
4
268
0
0
0
10
43
0
2
5
19
2
1
1
0
11
2
0
0
3
0
0
1
0
6
0
4
52
0
0
8
18
2
56
12
0
0
9
1
0
58
304
2
0
4
15878
22
41
0
6
0
390
0
0
0
0
0
16229
0
0
0
0
0
26914
0
0
2
0
335
0
72
0
1
22653
3
285882
4
2
0
118
0
1312
12
0
3
16
15173
0
0
0
0
0
77
7
2
16
46111
109
7
1
16
0
0
3
0
37
0
0
5
330
0
0
0
8
1
22
0
1
0
20
0
4
20
583
0
0
0
0
0
16
3908
0
66
4
16
0
0
15115
0
0
0
1
109
0
22
1
17028
144357
0
0
0
8
1
2
0
0
0
32
0
0
0
10
0
0
0
0
78
14
1
1
3
0
1
7
252604
0
7
115
0
0
0
0
0
5
0
77
0
1
0
0
4357
5
0
0
1
3
17
2
4564
0
0
0
0
0
0
0
0
10
0
0
0
0
0
0
52
1
0
0
0
0
0
0
0
0
0
0
0
0
0
0
0
0
0
0
0
0
0
0
0
0
0
11421
0
1
0
1
0
0
0
33
1016
1
10635
1
10483
0
0
56
48
32
0
0
0
0
0
0
45635
6
9
11
0
0
0
5
8
0
18356
5
0
10130
0
6399
1
0
7
0
6
17
1
86
0
0
0
2
30
0
1
0
2328
0
3
0
0
0
0
0
0
1
0
874
27
16
0
2
7
2
7
51
0
39
0
0
0
0
0
0
0
10326
0
0
0
0
0
0
0
0
0
0
0
0
0
0
0
0
0
25523
27
3
0
4640
8
17
0
2
6
6
110
24
0
2
267
5
0
10
0
1
0
0
1
0
4
0
0
0
8
0
1
3
0
9
0
0
0
2
1
0
177
0
590
0
1
4
0
0
0
22
16818
0
0
0
0
4379
2
7
0
4
0
0
27589
0
0
0
5
0
0
0
0
0
0
0
0
0
0
0
0
0
0
0
0
0
0
0
0
0
0
0
0
2
0
0
30
96
0
0
0
2
1
0
3
0
0
0
0
0
0
0
0
0
0
0
0
0
0
0
9
0
7
5
2
1
0
0
0
13993
0
0
0
0
0
0
0
2
1
271
0
1
0
0
1
29
9
0
0
0
0
0
0
0
0
0
665
0
0
0
0
0
0
1
24264
0
28
0
0
0
0
0
0
0
0
8
2
0
2
0
0
23061
0
0
0
0
1
0
0
45
0
2
15763
6
0
5
1
10
1
0
14599
1
1
0
0
196
4
2633
0
0
0
0
0
0
0
1
0
0
0
0
0
0
13
2938
9197
0
1
0
0
0
0
1
1096
1
0
346
0
0
0
0
4417
39191
732
10
0
0
198
0
0
0
0
0
0
0
0
0
0
14
0
0
0
0
0
34
17757
10
338
0
0
0
0
0
0
0
0
0
0
0
0
0
0
0
0
0
0
0
1
0
1
7816
40344
0
4755
2
0
0
0
0
0
0
0
0
14514
0
5
1
1
20
0
0
6
48
0
15
1
0
12
5
0
0
0
0
2
27
1
38617
15
0
0
5
0
0
0
0
0
2
307
825
0
0
9257
0
0
0
3
0
0
20
0
36
10
0
15
11
206
0
9
0
4
0
0
34099
0
4312
2
77218
142818
0
0
0
1
0
33335
0
5
22
1
0
3
6
4
464
0
0
0
0
3
0
0
0
0
23591
0
1
0
0
24
4
0
5
1
0
0
0
1
0
0
0
0
0
0
0
3
6
44
4
0
0
0
0
0
0
0
1
2
0
0
0
0
19
0
0
0
0
0
1
0
0
0
0
0
0
0
0
0
0
0
0
0
0
0
0
3
0
1
0
0
0
3
0
0
0
0
0
0
0
0
0
0
0
0
0
0
0
0
1
0
0
0
0
0
0
0
0
0
0
12
0
21
1
0
0
0
0
0
0
0
3
0
0
0
0
0
0
0
0
0
0
59
15
0
0
0
0
9
0
0
0
0
0
0
0
0
0
0
4
8
0
0
0
0
0
0
0
0
0
1
0
0
0
0
0
0
0
0
0
0
0
0
0
1
0
0
0
0
0
1
0
0
0
0
0
0
0
0
0
0
2
1
0
0
0
0
0
0
0
0
10
0
0
0
0
20
0
0
0
0
1
0
0
0
0
0
0
0
0
0
9
1
0
4
0
0
0
14
0
0
3
0
0
1
0
0
0
9
3
0
0
0
9
0
0
0
0
39
1
9
0
2
0
0
0
0
0
0
0
0
0
0
0
0
0
0
0
0
0
0
0
0
0
0
0
0
0
0
0
0
0
0
0
0
0
0
0
0
0
51
1
1
0
0
1
0
0
0
0
0
0
0
0
0
1
0
0
0
0
0
0
0
0
0
11
0
3
4
0
0
0
3
0
0
0
0
0
0
11
0
0
1
0
0
6
0
0
78
2
0
0
0
0
2
0
0
5
0
0
1
0
0
0
10
0
0
0
32
0
1
0
3
0
0
0
0
5
0
0
0
0
0
0
0
0
0
0
10
0
0
0
4
0
0
0
0
0
0
0
0
0
0
0
5
0
0
0
1
31
0
0
0
1
1
0
0
0
0
0
0
0
0
0
0
0
0
9
0
0
0
0
1
0
0
0
0
0
0
25
0
0
0
0
0
0
0
0
0
0
0
2
0
0
0
0
0
0
0
0
1
0
0
0
0
0
0
0
0
0
0
0
0
0
0
0
0
0
0
0
0
0
0
0
0
0
0
0
0
4
4
0
0
0
0
0
0
0
0
0
0
0
1
0
27
0
8
0
0
30
0
0
0
0
0
0
0
0
0
0
0
0
1
0
0
0
0
10
0
0
0
8
0
0
0
0
0
0
0
0
32
0
0
37
2
0
0
0
0
1
0
0
0
0
0
23
0
9
0
2
0
1
0
0
1
0
0
2
0
0
1
0
13
0
0
0
1
0
0
0
1
0
0
0
0
0
0
0
14
0
1
0
0
0
0
0
0
203
0
0
1
0
0
0
0
0
0
0
0
0
0
2
0
0
0
0
0
0
0
0
0
0
0
0
0
0
0
5
14
0
0
4
0
0
0
0
0
0
0
0
0
0
0
0
0
0
0
0
0
0
0
0
0
0
0
0
0
0
0
0
0
0
0
0
0
0
0
0
0
0
3
0
0
0
0
0
0
6
0
0
0
0
0
0
8
3
0
0
0
0
0
0
1
0
1
0
0
1
0
0
37299
0
0
0
2
59
3
0
0
0
2
0
0
0
0
25
0
0
5
99
2
737
0
4
1
7
1841
0
2
0
5929
1
0
2816
55915
45
0
18
7
0
3
1
3
2798
0
0
1
4
6
0
0
1
61
2
0
0
12
67
0
0
0
37
2210
0
0
0
0
4642
24
75670
3
4
15256
0
11
8
0
0
6
9786
0
0
0
1
0
0
0
4
0
0
0
11
0
6320
795
36
11768
0
0
3811
18360
0
0
1
1
3
0
9
1
299
23
2
22
0
15968
1
0
0
0
0
0
0
3
10
0
0
28600
241
0
26
3
0
0
0
19
0
0
0
58
29
13645
1
0
7
0
0
550
0
0
28
0
0
2274
5
1
0
9
0
0
0
0
0
0
0
0
0
0
0
0
3
0
0
0
0
18
0
0
0
0
0
0
0
0
1
0
0
0
0
0
0
0
0
0
0
0
0
0
0
0
0
0
0
0
0
0
0
0
10
15696
19
585
1
0
0
2
33
0
27
0
164153
0
5
0
0
1
0
0
0
0
0
3
6050
0
4
0
1
0
0
2
0
6
1
0
2
1
0
0
0
5
27612
0
0
0
4
0
0
0
0
0
0
0
0
21
7
14
1
13
0
1
1
434
0
6665
37
31
0
0
0
578
0
30643
2
0
17
0
0
46
0
0
31
3
0
768
0
0
0
0
0
0
0
8
3
0
0
0
106
1
0
1
0
5544
34
1
0
20906
0
0
0
0
11
6
12
93
0
2
0
13107
0
4
0
0
4
0
6
4122
1
122
22458
1
0
0
0
0
4
0
0
3
0
0
5
1
0
0
0
7208
0
0
0
0
0
14716
1
2
3798
0
0
4
0
2
0
0
0
8
4
0
0
3
0
143
0
0
9
9
0
0
12
6
0
0
56
0
2
0
14
24315
0
0
0
9
0
0
0
1
0
18
2
0
0
1
16
0
15
0
0
5
1
258
1
2
0
4
0
36
3
0
3
3
0
0
0
1
31902
0
0
2
317
0
911038
1
0
0
85
0
0
0
0
0
0
3
0
0
0
0
1254
47700
0
0
0
0
0
1
0
0
0
0
10
0
0
0
0
1
1
0
0
0
1
0
0
0
6
0
0
0
3
0
0
0
0
0
0
0
0
5
0
0
3
0
1
10458
14
5
11
0
0
31492
0
0
3
2
5
0
0
14
0
1
23117
18
4
200
0
0
0
0
3
0
1
0
6
1
0
26302
9
0
0
0
0
39
1
0
5871
0
3
1
0
9774
0
0
3
2
84
0
0
0
0
0
0
0
0
0
0
0
0
0
0
0
0
0
0
0
0
0
24
27176
4
9
22
0
1
83
3
0
0
0
0
0
0
2498
79120
0
0
0
0
96100
1
0
4
0
0
1
1221455
25
0
0
11523
17
276
1
0
0
102356
0
0
0
1
44
0
0
7
16
10
4
253
79
1
446
16
9
8
0
0
3
1
0
0
0
0
8
4207
2
1
7
19
0
0
11835
0
0
0
3
0
0
6069
5
0
1
1
3586
0
1
0
781
0
0
0
44
0
0
600
830
0
0
0
0
3
0
3
0
11
0
0
0
0
0
0
0
0
0
0
0
0
1
1
0
0
1112
5
0
505
106
15040
4
4
5
0
0
0
3
0
0
0
0
0
0
0
4
0
0
17
1
0
5
8
0
0
1
0
0
18601
0
33
0
6
1
41232
3
0
133892
0
0
2
0
4
3
0
0
0
22
0
3
0
4
81
3
11
23
0
2
11
6
1
12
9
27
25121
5
1
1
0
0
77
0
7
0
0
0
0
0
0
10
26
0
6
13658
10
15112
2
7
3
9
28
0
17
4
0
0
1
12
0
0
11
0
0
0
0
0
0
0
0
0
0
0
0
1
18
6
0
2
17079
12
0
136
1
0
0
1
0
0
0
0
0
52
11370
4
0
2113
558
14
6
0
0
24
0
14
0
2
266
0
0
13
1
1
2
1
4
8
11319
0
0
0
0
4
2150
0
30
15878
9
0
0
6
0
0
5
1
16
2196
269
7
231
0
12
0
76
6
8195
13430
0
0
0
71
2191
0
0
0
0
47
0
0
0
15857
40
0
0
1094
0
0
0
26
3
2
1
4
0
4
0
1
0
8
0
1
0
33643
0
0
8195
0
0
1
0
0
0
76872
0
22921
0
0
0
1
0
1
0
0
0
8
0
0
0
8
37720
10
0
0
2
0
0
931
0
466
15
0
8
3272
0
0
0
22
14
0
1
14240
0
4
860
14
0
0
1
0
0
0
0
0
22
21
0
0
2017
0
0
46
46
4
1
27
7628
2
0
0
0
76
0
0
0
359
0
0
0
0
0
12040
8
0
2
6
0
2
34
80040
0
1
17141
0
0
0
0
163548
0
0
0
1
0
0
23891
0
0
0
0
7
3
3
0
16242
3
0
0
0
0
0
0
0
0
0
6963
0
0
0
8
0
0
4916
0
94232
0
48030
0
19569
0
2
5
0
31
1
1693
0
0
13
0
14019
454
0
1
9
1
1
14
4
0
2
116
0
0
0
0
21
0
0
3353
0
0
4
4
1
0
0
2
6910
3
0
0
111
135
0
0
0
0
0
0
0
4
4099
4347
2
8
34
0
6
12770
4
7
2
3
0
17
0
0
1
15
12
0
0
1
0
11
0
8
0
1
0
1
5
23689
165
0
4
3
3
78
0
0
3
28
32
0
2
0
0
0
0
0
0
0
0
0
0
29
0
54150
0
0
21890
0
0
0
0
0
1
0
3
3
6427
1
38
0
0
6
0
92
0
257
420
0
0
67
24676
3
0
14
5
1
53
5
0
0
0
0
0
26
0
0
0
0
12
0
0
0
0
0
10764
23
0
6
21
0
0
0
0
0
0
0
0
1
0
9
0
0
0
0
0
0
0
0
1
8870
0
0
12
0
0
0
31427
0
158
0
0
0
0
0
0
0
0
0
1
0
0
0
4743
0
0
0
0
0
34092
0
2
0
0
21
0
0
0
0
512
0
19536
0
19
36
0
0
0
0
0
0
3
0
45
16
0
0
0
0
0
0
0
0
0
0
0
0
0
0
0
0
0
0
0
0
0
0
0
0
0
0
36
0
0
0
0
0
1
0
0
1
4
0
0
0
10
740
11
0
0
0
4
14
1
0
26213
793
0
1
0
0
2
14
0
0
0
0
7
0
0
0
0
38
0
0
0
0
0
0
0
0
3
0
0
0
0
0
0
0
0
0
4
63
0
0
0
0
0
0
0
13
0
0
0
0
0
0
0
5
0
4
109
3
0
1
15
0
304
0
0
0
0
0
15
0
4
0
0
0
0
18565
0
89
3
0
0
2
1
0
0
0
1
0
5170
12
1
18666
6
0
0
0
2
13
10
0
2
0
0
0
7
0
0
114
3
3
4
82
23
113
1
0
0
0
0
0
0
14
0
8207
0
0
1
0
4
0
0
15861
1
0
2
1
2
7
0
3
0
0
1
0
0
4
1
0
216
1
0
0
3
0
1
0
0
0
4
16
2
0
28
99694
0
0
0
0
2330
62
0
0
0
0
0
0
0
2
0
0
1063
1
2458
1952
3
0
5
1
9
0
23619
7
0
0
1
0
2
432
1
0
20
468
0
3
0
0
21269
0
0
3
23
1835
16
18
4
0
0
4
0
0
0
81
0
0
0
0
0
1149
1651
114
0
0
0
0
1
10158
0
4
1
0
0
0
0
0
0
0
0
0
0
0
0
0
0
0
0
3
0
0
0
0
2
0
0
0
0
0
10
8
0
0
0
0
0
0
0
0
0
0
0
0
0
0
0
0
0
0
0
0
0
0
0
0
0
0
0
0
0
0
4
0
0
0
0
0
0
0
0
0
0
0
0
0
0
2
5
0
0
0
52
0
0
13
0
21
0
0
0
0
0
0
2
2
0
0
0
0
0
1
0
0
0
0
0
0
0
0
0
0
0
0
0
0
0
0
0
0
0
0
2
0
0
0
0
0
0
0
21
0
0
0
0
1
0
0
0
0
0
0
0
0
0
0
0
0
0
0
0
0
0
0
3
1
0
0
0
0
0
0
0
0
0
0
0
0
0
0
0
0
0
0
0
0
0
0
0
7
0
0
89
0
0
0
0
2
0
0
0
0
0
0
0
1
0
0
0
0
0
0
0
0
0
21
0
0
0
0
0
2
0
2
23
0
0
0
0
0
0
0
0
0
2
0
0
0
13
0
0
0
0
0
0
0
0
0
0
0
0
0
5
0
0
0
0
0
1
0
0
0
2
0
0
0
0
22
0
0
1
0
1
0
0
0
0
0
0
0
0
0
0
0
0
0
0
0
0
0
0
0
6
2
0
0
0
11
0
0
0
0
0
0
0
1
0
0
0
0
0
0
0
0
0
0
0
0
0
0
0
0
0
1
0
0
0
0
0
0
1
0
0
0
0
0
0
0
0
0
18
0
0
0
0
0
0
0
1
0
11
0
0
4
0
0
0
0
0
0
0
0
0
0
205
0
0
0
0
0
4
0
0
0
0
0
0
0
0
0
0
0
0
0
0
0
0
5
0
0
0
0
0
0
0
0
0
0
0
0
0
0
1
5
0
0
0
0
0
0
0
0
22
0
0
2
0
0
0
0
7
0
0
0
0
0
6
0
0
0
0
0
0
0
0
0
0
0
0
0
8
0
0
0
0
0
0
0
0
0
0
1
0
0
0
0
0
0
0
0
0
1
0
0
0
0
0
0
0
0
28
0
0
0
0
1
0
0
0
0
0
0
0
0
0
0
0
0
0
3
0
0
0
0
0
0
0
0
0
0
0
0
0
0
0
0
0
0
0
0
0
0
0
0
0
0
0
0
0
0
3
1
0
0
0
0
0
0
0
0
0
2
0
1
0
0
0
0
0
0
0
1
0
0
0
0
0
1
0
0
0
0
0
0
0
0
0
0
0
0
0
4
0
0
0
3
0
0
0
0
1416
0
0
0
0
0
0
0
0
0
0
0
15
0
0
229
0
0
1
0
0
0
0
0
13
0
0
0
18
0
0
0
1
0
0
0
6
0
0
0
0
0
0
0
0
0
0
0
0
0
0
0
0
0
0
15
1
0
1
0
6036
0
0
0
11
30
4
0
8
360
29
0
79
0
3
0
9
1
0
0
12
1
6
0
0
0
79956
1
84
25
0
22211
0
21
0
2
1
0
0
0
0
165
30
0
8
4
0
0
3
8
2373
20807
0
0
0
2759
13
7
0
63
0
4183
10
0
0
0
1
9
1015
0
0
1
11
0
10
1670
0
101
0
0
0
2
86
17
16890
0
4
7
0
4
6
8
0
0
0
0
0
0
0
0
2505
7
0
1
0
78
0
18
14
1
5
0
1881
2
0
13753
0
0
0
0
4
27
0
38
5
0
0
0
0
0
0
78157
176
5
0
115
0
0
5
29
20
12
0
4664
0
0
0
0
0
13467
23
1311
0
0
0
2
16970
0
3
9
0
25
0
0
0
1
0
0
7
1
25
336
4
16
2
4
8
1
0
0
755
0
0
0
14862
0
1
3
2
6
58
1
5
5539
1400
0
2
0
2
0
0
0
0
13
1
4
0
1
4
0
11
0
31
1737
5481
0
0
1
0
3
1
7
0
2
0
2
4
0
199
0
12
1
1
0
0
12
1
0
769
1
0
30
8
7
3
15
0
0
14841
32
0
21957
17
2
13
0
21633
30
32260
0
1
2
0
1
5
79
32288
9
46
6
3
0
5
1
27
0
0
1
0
1
33
0
4
1
0
2667
23
7797
0
0
0
0
0
19
40
4
0
94
0
0
3
0
0
7
0
0
19
0
520
0
0
0
0
1
9819
0
14915
0
0
0
0
0
0
0
0
6
9
1
0
0
33
0
13
0
0
0
0
2
0
1
0
0
1
4
2948
27
1
15
0
3
0
0
682
0
40423
13
0
0
0
0
1
1
2
0
4
1
0
0
13
6
15
0
2313
1
14
51
0
0
406
1146
4356
12
0
4
0
0
6
3
87
0
3
2
1
0
14
1
261
0
542
0
0
34
4
0
18067
8
0
2
6
3
5
5
0
0
0
0
0
0
170
0
0
69
814
2524
0
20
7595
2
0
25
0
7
0
3
2550
4538
1
6
51361
24
1
4
44
7
1
4
0
10004
1
0
0
1687
19734
1183
1
0
0
60746
0
0
0
14
6
7
1
1
0
0
0
0
16
0
0
25
0
0
0
2
0
0
9
28049
15
0
613
0
0
50
2
24662
32045
0
0
0
0
795
0
0
0
0
0
0
0
1
0
5
1
0
0
2
0
0
1
2
0
10804
0
0
0
8389
1
1
0
1
0
2531
57
27524
0
0
6
6
18
3722
0
0
0
0
1
20763
0
0
0
1
0
64605
2
5
0
0
0
0
0
0
0
0
0
0
2
0
0
0
0
1
0
0
1
3
0
0
0
0
16
0
45345
1
0
2
0
0
0
0
0
14
0
0
9
0
16
0
0
0
0
0
0
0
21
0
0
0
0
1
0
0
0
0
41416
0
0
1
0
706
7790
0
0
0
0
6
3
0
5
7
0
2
6
7
11
26
0
0
0
5
0
0
11
1
4
0
0
224
0
0
275
0
3
1
0
1
1
0
4
0
0
1
0
0
0
0
0
0
0
0
0
0
0
0
0
0
0
0
0
0
0
0
3
0
0
0
0
3
0
0
0
2
0
0
0
6
0
0
0
0
0
0
0
0
0
0
0
0
0
0
0
0
1
0
0
0
0
2
0
0
1
0
0
0
0
0
0
0
1
0
0
0
4
0
87
0
2
0
0
0
0
100
9
0
0
0
0
0
0
0
0
0
2
0
0
3
0
2
0
1
0
4
0
16
0
4
0
6
0
0
3
0
0
3
2
1
0
0
0
0
0
1
0
0
0
0
0
0
0
0
0
0
0
0
0
0
0
3
0
0
0
2
0
0
0
0
0
0
4
0
0
0
0
0
0
7
1
0
0
3
0
0
1
0
0
0
0
0
3
0
0
2
0
0
0
0
0
0
11
0
4
0
0
0
0
0
0
0
0
1
0
0
0
0
0
0
0
0
0
0
0
8
0
1
0
0
0
5
0
0
0
0
0
0
1
0
0
0
0
0
0
0
0
0
1
3
0
1
0
1
0
0
0
0
0
0
2
3
0
0
6
0
0
0
0
10
0
0
0
0
0
0
0
0
0
0
0
0
0
0
0
0
0
0
0
0
0
1
0
0
0
0
0
0
0
0
0
1
0
0
0
6
1
0
0
0
0
0
0
0
0
0
0
0
0
0
40
0
0
0
0
0
0
0
0
3
0
0
4
2
7
0
0
0
0
0
0
0
0
0
0
0
0
0
0
3
0
0
0
11
13
6
0
3
2
0
0
0
0
0
0
13
0
0
0
0
1
7
1
0
0
0
0
0
0
0
0
0
0
0
0
0
0
0
0
0
0
0
0
0
0
4
0
0
0
0
0
0
0
0
0
0
0
0
0
0
0
0
0
0
1
0
0
0
0
0
0
1
0
0
0
0
0
0
0
0
0
0
0
0
0
0
0
0
0
0
0
0
4
0
1
36
0
0
0
0
0
0
1
0
0
9
0
0
3
0
0
0
0
0
0
0
0
1
0
0
0
0
0
0
0
0
0
0
0
0
0
9
0
2
0
0
0
0
0
0
0
0
0
0
1
0
0
0
0
2
1
7
0
0
0
5
0
0
0
0
0
0
0
0
0
2
0
0
15
0
0
0
0
0
0
0
0
0
0
0
0
11
0
0
0
0
0
9
0
0
0
0
0
0
0
0
0
17
0
0
0
1
0
0
0
0
0
4
1
1
0
0
0
2
0
0
0
0
0
0
0
0
8
16
45
0
0
1
7
29
0
0
0
0
14
11
5
0
0
13427
1
0
0
0
0
0
30
8
0
0
0
0
0
0
0
43
1
0
0
0
0
0
0
0
0
0
0
0
0
0
0
0
137
0
1
0
0
0
0
3
0
0
0
0
0
0
0
0
0
0
0
0
1
0
0
0
0
0
0
0
0
0
0
0
0
0
0
7
0
0
0
0
3
59
2
12
0
5
0
0
0
0
0
0
0
0
0
0
13
0
0
0
0
10
16085
0
0
4
0
18
5
0
34
0
1
0
0
0
11
12996
5
6
1
3
0
0
0
170
0
1345
0
11
0
12
0
800
9
32
3
0
0
1
3
10
0
1
1
3
0
2
3247
0
1
8274
0
1
1
4
0
90
1
1
6
0
0
0
2
5
0
27013
5
3746
31
14
3
4
0
2252
56
3
85
0
0
21957
5
0
0
0
0
22837
0
0
14
0
0
0
0
0
0
46
0
0
0
1
2
0
53
6
0
0
0
0
0
5
1
0
0
4542
0
2
0
0
2
0
0
14
0
0
0
6
0
0
0
0
0
510
8
75
4
0
1
0
0
0
0
0
0
6
0
0
4
515
2
1
0
2
11
15
1642
0
1
58
0
0
0
0
0
1
2
1
0
27
308
5
0
0
1126
4
0
1
27
176
0
2
4
65
155
0
0
0
15916
0
0
4
5
0
0
0
151
5175
0
5925
28
8972
0
13
1
3
0
0
1
0
0
431
0
0
0
56218
0
2
0
5
0
470
0
4
4
0
0
3
38
0
0
1
0
1
10
0
1
0
1774
0
35
0
2
0
0
0
0
0
59
54
4
0
0
1
0
0
0
11007
819
1
250
0
55
15
1
63
0
23
21
21
23
0
0
0
5670
17
0
1
1
0
0
120
7
21
0
3
74364
0
0
0
0
1
6
0
267
2
0
33
0
52
0
11
0
1
13
0
3
15
1910
0
7
1
0
58
0
0
456
1
0
4220
0
35054
19
0
172
2
5
0
590
39
28
118
0
0
24
0
0
171
0
0
26
34
62
8
0
0
19
13
69789
0
5
4067
294
170
0
57
3
69
1
1
0
43
0
7556
11
2
0
11
0
7
0
0
1
0
42
10
0
0
13035
3
0
7
0
172
7
0
11
1
0
44780
0
4321
2
11
0
3766
25456
0
142
0
2
11
13
7
0
1
73
10
4
6
0
28
21
1
2
13
12
28221
0
72686
0
0
0
1
0
7
2
7
5
1189
0
0
0
1
0
0
253
4
6
0
0
11
1
0
411
4
7
0
0
0
4
38
0
84
0
8
1
10
0
0
63
25741
8
0
49
0
0
0
0
0
0
0
10065
0
14
1
24
9371
2
0
3
10
0
4055
27
24
254
0
0
8
0
8
0
0
0
9
0
0
0
0
1
0
2
0
0
0
0
1
0
0
0
0
0
1
0
0
0
0
0
0
0
0
0
0
0
0
0
0
0
0
0
262
0
0
0
0
0
0
0
0
0
0
0
0
0
0
0
0
0
0
0
0
0
0
0
14
1
34
1
2
6
1
0
2
9
13
0
0
0
0
0
0
0
0
0
3
0
0
0
0
0
0
0
0
5
0
0
0
0
0
19391
3
3
11
1
0
0
0
0
234
0
1
0
0
0
0
1
1
7
0
0
0
0
0
12
0
0
0
0
0
395
1
2530
0
3
0
1
2
0
0
1178
0
0
0
0
0
2
0
12
4
1
0
0
0
0
0
0
12
0
22
0
3
1
0
8
0
0
0
0
0
38
2
0
0
0
0
0
0
0
0
0
1
0
0
0
0
0
0
0
6531
2538
3
2
14187
84
0
0
0
11
3
7
1
3
0
0
0
0
0
1
0
0
0
0
2
0
6699
0
0
0
0
0
4
0
15
0
0
0
0
0
0
0
0
0
0
0
0
0
0
0
0
0
0
0
0
0
0
0
7
27
0
0
0
0
0
9
0
0
0
0
0
0
0
1
0
2
0
0
0
0
0
0
0
0
0
1
0
0
0
0
0
0
0
0
1
0
0
0
0
18
0
0
0
0
4
4
0
0
0
1
0
0
0
0
0
0
0
0
0
8
0
0
0
0
0
13
3
0
0
0
0
0
0
0
0
0
0
0
0
0
1
24
0
1
0
0
2
0
0
1
0
28
0
0
0
0
0
0
0
0
3
0
1
0
1
0
0
19
0
0
0
0
0
0
0
0
0
0
0
0
6
4
0
0
0
0
0
0
0
0
0
1
0
1
0
0
0
0
0
0
0
13
0
0
1
0
0
0
0
0
0
0
0
0
7
0
7
0
0
0
0
0
0
0
7
0
0
0
2
3
0
0
15
0
0
0
4
74
0
0
0
1
15
0
0
6
0
1
522
0
0
0
0
0
0
0
0
0
0
0
15
0
0
0
0
0
0
2
0
0
0
0
0
0
0
5
2
1
3
12
2
0
0
0
0
0
37
0
0
0
0
0
0
0
0
0
0
0
0
1
1
0
24
0
0
0
0
1
0
0
0
0
0
4
1
1
0
0
0
0
0
0
0
0
0
0
0
0
0
0
0
1
0
3
0
0
0
0
0
0
0
0
0
0
0
67
0
0
0
0
0
4
0
0
0
8
1
0
0
0
0
0
2
0
0
0
0
0
0
0
0
0
0
1
0
4
0
0
0
11
0
0
0
0
0
0
0
0
0
0
0
0
0
0
0
0
0
0
0
0
0
0
4
0
0
0
3
0
0
0
0
0
0
0
0
0
0
0
0
0
0
0
5
1
6
0
0
2
0
0
0
0
0
0
0
0
9
0
0
0
0
0
0
0
0
0
0
0
0
0
0
0
0
0
0
0
0
0
5
0
0
44
0
0
0
0
0
0
0
0
0
1
0
0
0
0
0
0
0
0
0
0
0
1
0
0
0
0
0
0
0
0
0
0
2
0
0
0
0
0
0
1
0
0
0
0
1183
0
0
0
0
3
0
0
21
0
5
0
19
0
0
4
0
0
2
0
0
0
0
0
0
0
0
0
0
0
0
0
0
0
0
0
0
0
0
0
0
0
0
15
0
0
1
0
0
0
30
2
0
0
0
0
0
0
1
2
0
0
1
0
1
0
1
0
0
0
0
5
0
2
0
18
0
0
0
0
0
8
0
0
0
102
6
0
1
0
3
0
0
0
0
0
2
0
13
0
0
0
0
0
0
0
0
0
0
3
1
10
0
0
0
0
18
0
0
0
0
0
0
0
1
0
28
3
0
0
0
9
3
0
0
0
0
0
0
0
3
0
385
0
0
0
0
0
2
0
0
0
3
0
0
0
0
0
0
0
0
0
0
0
0
0
0
0
0
0
0
7
0
0
1
0
3
0
0
0
5
0
0
1
1
0
1
2
0
1
0
0
0
0
0
0
0
4
0
0
18
29
0
1
1
6
2
3
4
0
13
0
17
2
0
0
0
25661
0
37
3
0
1
19
14349
0
7
0
0
2657
747
0
0
0
13205
0
0
7
0
0
3235
0
21
0
1437
1
0
13
162
0
23
0
1829
284
2
1
20
7
3
4
0
0
1
3
0
0
0
7
7
11
0
0
16522
23620
1
0
9
0
0
2
0
0
0
0
181
1
1
170
0
0
147
75
24
0
0
1
0
0
3
91
1
0
0
0
0
275
1
0
0
4
0
1
10
74
0
0
7
1
0
0
0
138
0
0
0
1
0
0
7926
9
74
4
8017
27
0
8
9
3
27
14
28
0
1
0
29
0
11
1
26
154
7
0
9
6
0
0
7
8
0
1
13
49
0
0
138
6
1
3
6
0
0
0
0
211
0
8
0
30
1
0
10
13625
0
1
0
0
0
8
0
1684
2868
20
33
0
0
0
0
0
0
0
0
0
0
0
2
14439
0
0
0
0
0
77
0
5646
0
0
16872
6303
0
0
9
0
520
0
0
18
0
4175
0
3127
0
1
0
0
0
1
0
0
4
17
0
0
21
0
0
344
0
2
14
1
0
0
8
2
0
2
18
4
0
0
0
0
0
0
0
0
0
0
0
0
0
0
0
0
1
0
0
0
0
0
0
4
0
1
1
28
0
0
0
3
157
4789
0
0
8
18
12
3
0
40
1
2399
20
0
1217
44
2
4
0
3
0
0
0
12742
0
0
3
70
1
0
6
0
7572
1
21886
18
0
0
2
8595
0
2
0
18
0
5383
0
0
16
0
46
28834
132
24
4
0
48
0
0
0
0
0
8106
0
0
0
0
0
0
0
3
0
0
6
1
0
0
4
1
0
0
0
2
4
0
37161
3
0
0
17372
0
0
0
24
27
0
0
40
590
2
0
0
0
387
20
0
18
10
162
2
0
0
0
2
16
2
1
1
0
1
1
0
0
0
0
0
36
5
0
0
0
0
9
5
1
0
1
0
8
4430
2
13
0
0
5
0
0
226
0
4
3
1
0
3
0
0
0
0
0
1
0
1
0
89904
0
6
8
97
9645
4283
4
243
80137
0
10
44
0
0
32
1
0
0
0
1
0
130
10
22664
12
0
0
0
0
0
0
0
6504
0
167
0
3
0
1
2
0
4
0
6436
0
0
5
4
4
0
0
31344
11142
0
0
1
0
3
3
0
0
44
0
0
0
1
2
0
0
1
23707
10614
0
0
0
27391
6043
0
0
0
0
0
0
10
0
0
0
141877
0
0
0
0
0
0
0
0
0
0
0
0
11
0
0
351
1
11
12
19395
38379
5845
0
0
16
58
1
0
0
5
16
28
0
0
0
4
0
6
4472
1
16
1
0
0
5
0
0
0
0
2900
0
0
11
0
0
0
0
0
0
0
6
0
0
0
0
0
0
0
0
0
0
2784
0
0
0
0
0
0
0
0
0
0
0
0
0
2
0
0
65
0
35960
47
7
2
0
0
0
0
0
0
0
8
4
4
0
0
0
0
2
0
0
0
0
0
0
8
0
0
0
4
0
0
0
321
0
72
1
7
0
56
0
0
0
11657
6
0
0
0
0
0
0
0
0
2
0
3
1
1
0
0
0
3481
8
1
0
0
12
0
0
0
0
0
1
1
5
1
0
0
42
0
0
0
0
0
0
0
0
0
0
0
0
29
3
1
0
0
7
0
0
1
0
11917
0
0
0
0
0
0
0
0
0
0
2
0
0
0
0
0
0
0
0
0
0
3
0
0
0
0
0
0
0
0
0
0
0
0
0
0
0
0
0
0
4
9
0
3
0
0
0
0
1
9
0
0
0
0
0
0
0
0
0
0
0
3
0
0
0
0
0
0
0
0
2
2
0
7086
1
0
0
872
0
0
0
1
0
0
0
0
0
0
0
0
0
0
0
0
1
0
0
0
0
0
0
0
0
0
0
0
0
0
0
0
5
0
0
0
0
0
1
1
0
0
2
16
1
4
11
0
6
0
0
0
0
0
1
0
0
1
0
1
0
0
0
0
1
0
0
0
0
0
0
0
1
0
3
0
0
46
0
0
0
0
0
5
0
0
0
2
2
0
0
0
0
0
0
0
0
2
0
0
0
0
0
0
0
0
0
0
0
0
0
0
2
12
0
0
0
3
0
0
0
0
0
0
0
0
19
0
0
0
0
0
1
0
0
0
0
0
0
0
0
0
0
1
17
0
0
0
0
1
0
0
13
14
0
0
0
0
0
0
0
0
0
0
0
0
0
0
0
0
1
0
1
0
0
0
0
11
0
0
0
0
0
0
0
0
0
0
0
0
0
0
0
0
0
0
0
0
0
0
2
0
0
0
0
0
0
0
0
0
3
0
0
5
0
0
1
0
0
5
31
0
0
0
0
0
0
4
3
0
0
0
0
0
0
0
0
0
0
2
0
0
0
0
0
342
1013
0
0
0
1
0
0
0
2
0
0
0
0
0
0
0
0
0
0
0
0
0
0
0
0
0
0
0
0
1
5
1
4
0
0
0
0
0
0
0
0
0
0
0
0
0
0
0
1
5877
0
2
0
0
0
0
0
0
0
0
0
0
0
0
19
0
0
0
0
4
0
0
0
0
0
0
0
0
0
0
0
4
0
0
0
1
0
0
0
0
0
0
0
0
0
2
6
20
0
0
0
0
1
0
0
0
0
0
0
0
0
2
0
0
0
0
19
0
0
0
0
0
0
0
0
0
6
0
0
0
0
0
0
0
0
0
0
0
0
0
0
0
5
4
0
10
0
0
0
0
0
4
1
0
0
1
0
0
0
0
0
0
0
0
0
0
0
0
0
0
0
0
0
3
0
4
0
0
0
6
0
0
0
0
0
0
0
0
0
0
0
0
0
0
0
0
0
1
0
0
6
0
0
0
18
0
0
0
0
0
0
0
0
0
0
0
0
0
0
0
0
2
0
1
0
0
0
2
0
0
0
0
0
0
0
25
4
0
0
304
0
0
0
55
0
0
0
0
0
0
0
0
1
0
0
29
0
0
5
4
0
7713
0
69
0
31
0
0
0
112
0
32
4
11822
27
0
5
11
0
98
10
11
0
0
0
0
0
0
0
18
0
13
2
4
0
3
0
0
0
4
0
0
0
407
0
0
0
38
12
0
31
5
25
5
0
4
0
4
1
3
9
2
0
1
5
3
7
0
0
4
7
0
0
19286
0
7868
11
3
0
0
0
0
4
1
11
2293
3
2
3
0
0
0
12
35773
0
21
0
2
560
407
0
0
16
3
0
66
21729
3
0
0
1
17
0
0
0
0
0
21
0
3
0
4
0
0
7
2
13
0
6
30594
32
1
0
154
0
0
2
0
2
0
0
0
16540
13
1
13
0
4
0
1
0
6
7
23
0
1
2
5
1
215
16833
0
1
1
0
0
0
26
0
21265
0
7
0
11722
13
5
0
64
0
308
103
23
9
1
32
0
38
15
0
2
21
1
18
6753
0
0
0
2
21598
9
1
0
1
0
0
46
0
14
0
0
28
0
0
212
12
12
3
0
0
0
1
0
18
0
14
0
0
5206
0
801
0
0
0
0
10
20
48
0
0
447
0
0
0
0
0
0
0
9
0
0
0
3
59
0
78
0
314
0
0
0
46
0
0
17
0
3
8
2
0
0
0
0
0
0
0
10
0
22232
0
0
26
0
10
5
129
0
0
0
4
0
40
0
20
34
1217
0
15
11
0
0
0
17
158
6
2
1
0
0
59
37
0
5
0
0
3
1
1
0
4
0
0
1
0
12
0
0
42
2
818
0
0
15
7142
0
8
0
9
171
0
20671
0
5
3
5
0
0
300108
219
0
5
0
0
0
19
3245
0
26848
0
1
0
0
58
31
3
1
1
4
6
0
0
58
4
1
31
12
0
131
6
5114
0
2267
2
581
0
0
83
16
466
0
0
4
17
1
1
10
1
2
0
15
0
9
0
0
0
0
0
0
0
0
0
0
0
0
4
1
0
0
0
21897
0
0
0
0
0
104
709
0
0
0
0
0
0
0
0
0
0
0
0
0
9356
0
0
0
0
0
0
90
13
4
0
4
0
136
14
3
0
0
0
0
0
1
0
998
0
0
0
0
0
3
23
569
0
0
0
0
0
1
2
12960
0
0
7
0
0
0
0
1
18
1337
0
22
2
4
15
0
15277
17
6
0
41813
31690
1
0
90
1
1
0
0
0
5
0
89
0
47
0
0
0
16
1
9
0
5
7
6
2299
5
18323
0
0
3
3
0
0
0
0
0
0
0
24779
26134
0
0
0
38
0
7
0
0
0
0
0
1
0
0
0
0
0
0
0
0
0
0
0
4979
0
0
0
0
0
1
4
4
0
11
5
0
2
0
12
5858
422
0
0
1
0
0
0
0
0
0
0
61
4
25
0
0
0
0
0
0
0
0
0
0
0
0
0
0
0
0
0
0
0
43
99
6
0
0
0
0
0
0
0
0
0
0
0
0
0
241
0
0
6
3211
226
0
0
0
9
4
0
8
43
0
1
0
0
0
22
0
0
0
0
0
0
0
0
0
6
313
4
0
0
0
852
0
0
5
8
0
0
3
0
0
0
0
2
1
25777
3
0
2
42861
0
0
0
19351
1
0
0
20623
10
1490
0
6187
0
0
0
0
0
0
1
0
0
0
1
0
465
4162
0
0
21063
0
0
0
0
4
0
420
0
0
0
0
0
0
1
3
8
0
1
1
0
4
6165
95
0
0
0
1
0
0
0
0
0
0
0
0
0
0
420
1
24026
0
0
5271
0
0
0
0
48
3
0
0
0
7
0
3
208153
13
0
9900
0
0
0
1
41
0
0
2
2
0
0
0
72
19
0
0
0
0
0
0
0
0
0
0
0
0
0
0
1
3
17
6
0
0
3
53
79
0
8
0
0
0
0
0
0
0
0
0
1
0
0
0
0
0
0
0
0
0
0
0
0
0
0
0
0
0
0
0
0
0
1
0
0
0
0
1
0
0
0
0
0
1
0
0
0
0
1
6
13
0
0
0
4
0
0
5
2
70
1
7
0
1
30
0
0
0
1
0
150
0
6
0
6
0
0
38
2
0
0
5
0
3
0
0
0
0
0
0
0
1
0
0
0
0
0
0
0
0
0
3
0
0
0
0
0
0
0
0
0
0
0
10
9
0
0
0
0
0
0
161
0
0
0
0
0
0
0
0
0
0
0
0
0
0
0
0
0
5
0
0
0
0
0
1
0
0
0
0
0
3
0
16
0
0
0
0
0
0
0
4
0
0
0
0
0
0
0
0
0
0
0
1
0
2
2
13
0
0
0
0
0
0
0
0
1
2
0
0
0
0
0
0
0
0
0
0
0
0
0
0
0
0
0
0
1
0
0
0
0
0
0
1
0
0
0
0
0
0
0
0
0
0
0
11
0
114
2
0
1
0
0
0
0
0
0
0
0
0
0
0
0
0
0
0
0
0
0
0
0
0
0
0
0
0
0
39
1
0
0
0
0
0
0
0
0
0
6
0
1
0
0
0
0
3
0
0
0
0
0
0
0
0
0
0
0
0
0
0
17
63
0
0
0
0
0
0
0
2
0
0
0
0
0
0
0
0
0
0
0
0
0
0
0
0
0
0
0
0
0
15
0
0
0
0
0
0
0
0
8
0
0
0
0
0
0
0
0
0
0
0
0
0
0
0
0
0
0
0
1
0
0
0
0
0
0
0
381
0
0
0
47
0
0
3
0
0
0
0
0
0
0
0
0
0
0
0
0
0
0
0
0
0
0
0
0
0
0
0
0
0
0
0
0
0
0
6
0
2
0
0
0
0
0
0
0
0
1
0
0
0
0
0
0
5
0
0
0
6
0
19
0
1
13328
0
3
4
33
11
9
0
12
17
0
9300
2
12
26
0
0
10
194
13
0
0
3
20
5
1
133
0
44
1
0
0
1
2
10
3
1
0
0
25230
0
1
0
12
0
1513
28
1
319
1
1
25
24
11
0
0
0
0
0
0
1
0
0
0
9
0
0
1
0
35
0
22888
5
0
1
49
3
75
9
0
0
0
2
3
0
25
0
1791
4
0
0
30
0
4
0
0
0
13994
0
2
140
1
2
6
0
0
7
424
3840
1
4
8927
1
107
5
0
0
1
21
0
1475
10
8
2
3
0
0
0
1
0
0
19
0
0
1
0
0
0
0
12910
0
0
0
259
0
0
0
0
25973
0
4
0
35735
5
2
1
0
0
44
1
0
9
0
1
0
1
119206
8
7870
2
2
0
0
4
2
0
0
0
0
190
0
0
0
0
0
0
0
0
0
0
0
0
0
0
0
0
0
0
0
0
0
0
0
0
0
3
11
34
2
0
48483
511
0
0
1
12281
0
0
3389
0
5
0
0
0
0
10
0
0
81
0
9
0
10
5
0
0
126
3
0
0
1
2
3
0
134
8
0
0
0
45
5
42
0
46
0
0
0
3187
0
0
598
12
21942
114
193
15
0
4
30
0
19
0
1
3
23802
0
0
0
9763
1
0
0
0
0
14
0
0
0
0
7
0
1
0
9
0
2
0
21
5
56
0
0
0
0
0
0
0
0
0
0
0
0
0
0
0
0
0
0
0
0
0
0
0
0
0
0
0
0
0
0
0
0
0
0
0
0
81
0
0
0
0
0
0
2
1029
0
130
1
6
0
12
21
0
3
2
0
3
0
9
0
0
0
0
2
0
0
23658
0
2
0
6
0
3980
0
0
16
30651
2
0
0
22227
0
0
32
1
3
0
0
162
0
5
58149
8102
421
0
13
41186
16
0
3
187
0
0
0
0
0
10
0
1
16
1
0
836
0
0
0
7860
0
0
453
0
0
15843
0
2
0
2
0
103
2950
65
4
4
3
6
0
1
2
0
0
0
11
0
0
7
0
87
0
16
4
73
2
2
8487
117
10
0
14
7
2
10
4
0
6
0
0
7
0
0
0
0
4
0
0
0
1022
0
0
0
4
52
36412
0
0
0
0
1
1
0
0
2
0
2
31
0
61
28
23
1
133
4
2
0
154
64
1150
6
13
1
0
19976
49
13
1
2
0
0
72
0
1
31
0
2907
0
3
77
48266
1
0
2
0
27
2
0
4
5
0
1
0
0
2
21
0
0
0
0
1
5
0
1
38
0
4
0
0
0
2
19341
25
1081
0
0
3
5
0
0
0
0
0
2
0
1691
7
0
0
0
0
0
0
1
1
14139
0
32
3
4
8
37985
3
1
0
24
2
40
0
0
13799
0
839
0
10521
0
0
0
6
0
141
0
0
1
0
0
1
12
10032
14
0
0
0
0
0
0
1
2
0
1
1
5
0
432
5
4790
7184
0
0
0
0
10
0
0
4206
177
0
6
0
0
1
0
0
0
0
0
0
0
0
0
0
0
0
0
0
0
0
0
0
3
1
0
0
0
0
0
0
0
0
6
0
0
0
0
0
4
0
0
0
0
0
0
0
0
88
0
13
2
0
0
0
0
0
0
0
3
0
0
0
0
18
0
0
0
0
9
0
0
0
0
1
0
0
0
35
0
0
0
33
4
0
2
0
0
0
0
0
0
1
0
0
4
0
0
1
0
1
0
32
0
0
0
0
0
0
0
3
1
0
3
0
20
0
0
0
0
0
18
3
0
0
0
49
0
0
19
0
0
0
0
5
0
9
0
0
0
0
0
0
34
0
0
0
5
0
0
0
0
0
0
0
0
1
0
0
0
0
0
0
0
0
0
0
0
0
7
0
0
0
0
0
6
0
0
0
0
0
0
0
0
19
0
0
0
0
0
0
0
0
1
0
0
0
0
0
0
0
0
3
0
0
0
0
0
0
10
0
0
0
0
0
0
0
0
0
0
0
3
0
0
0
0
0
0
0
0
0
0
0
12
0
0
1
3
0
0
0
0
0
0
0
0
1
0
0
0
0
0
0
0
0
0
3
0
0
0
910
134
0
0
0
0
1
0
1
0
0
0
0
0
0
0
41
0
0
0
0
0
0
0
2
42
0
0
0
0
0
0
0
0
0
0
3
0
0
0
0
0
1
0
1
1
0
0
1
1
0
0
0
0
0
0
0
0
1
0
0
16
20
0
314
0
0
0
0
0
0
0
0
1
0
0
0
0
0
0
0
0
0
0
74
2
2569
0
3
2994
3215
0
1
0
2
1
5
0
332
0
0
11
0
0
28056
0
0
0
1
0
0
0
7
0
0
3
0
0
0
2
0
0
0
0
41
0
24
0
7
0
0
0
14
2
0
0
0
95
12
0
5
0
12
0
21
0
0
0
0
0
0
0
0
24
228
6
4
0
0
6
0
0
0
0
93
32
30
0
0
20
20
36525
3
1
2
0
7
0
0
0
0
0
0
0
4
1
0
0
0
1
0
0
0
6425
0
0
2
4
4
44009
1
0
9
1
1
0
0
2445
0
0
0
13909
0
37214
1
0
6143
0
0
0
11
0
0
3
1
0
0
0
11
2
0
0
0
0
1
0
91
0
0
0
0
0
0
0
0
0
0
1
0
0
0
0
0
7
0
0
0
0
0
0
6
0
0
0
18
3
2
11
0
1725
0
0
1
0
0
7140
0
1
0
0
0
0
1
0
971
0
0
28
0
80
74
1098
0
7
0
74
74
0
21901
0
1
2
11
1
0
0
11
0
45
0
2278
15
8
0
11169
10405
1
19
31136
0
5570
0
46
0
0
0
0
0
0
6
144
2
2
0
1746
13
4
2
8
0
0
0
7
9230
1
4
798
13209
0
0
0
2
0
0
6
0
0
0
0
183
2
0
0
0
0
0
0
0
1
0
0
0
0
0
2
0
0
26268
1
8206
0
0
0
0
27964
1
0
4645
18
185
4
0
29
0
0
13
113392
0
2
1
405
76
7
1
0
0
605
12
0
2
0
0
2
3
65
0
4
1
7866
8
0
0
49
35559
0
0
0
5973
6986
0
7
4
2
5
0
26
0
0
6
0
0
0
0
662
129106
7021
21
12
0
79
0
0
0
0
0
0
0
0
0
0
24859
0
0
1
0
0
0
1420
1
0
2
0
0
0
0
0
111
0
0
0
0
1
0
51
0
0
0
2
20
0
0
0
0
0
0
0
0
0
0
22
186
0
1
0
1
0
0
14
21
0
0
3
0
8120
19661
0
33
1
2
5
35
35
4
3423
1
2
0
0
1
26
0
15
55
4
12
34
72
1
0
0
0
0
84
0
1
3
0
0
34
0
1227
7
0
0
1
2
5
22
1
43586
0
0
1
4
0
0
0
0
1
0
0
1
9
8
0
25
0
3
0
0
1
0
0
15
0
0
0
0
0
0
0
0
0
0
1
3
0
5
0
0
0
0
8522
0
0
38648
0
1
66
1
8
9
7
0
0
0
0
0
0
0
0
0
3
0
0
0
268
58
0
5
5
1
6
3022
1
231
0
3
263
14
0
0
0
1
2
1
4932
0
0
3
0
7
5
0
0
431
0
13405
507
0
6
0
131
1
0
2
0
0
0
0
5
2
95
1
0
2229
0
84
1
0
0
0
32
10
2
7
2
2
0
1
0
4
5
4
1
0
63157
0
0
1
2
0
0
193
2
0
10064
1
0
1
0
0
0
0
9
0
0
0
4
2865
0
0
15
34
0
1
0
2
0
0
0
0
5880
5554
2
13
2
10
0
0
0
0
2631
3015
0
0
0
8
1
1324
2
5
0
2
7741
0
0
58844
179
0
2
8
14
11
3
3
0
0
0
0
0
0
0
0
3
1
4
1
0
1
0
0
0
1
0
0
0
0
0
0
0
0
1
0
0
2
0
5393
0
0
0
10
8
0
3
123
0
0
0
0
0
0
0
0
0
1
0
0
0
54
0
14750
34543
0
0
0
1
4
0
0
2
3
0
0
0
0
0
4
0
0
0
0
0
0
0
1
4
8
0
0
0
0
0
1
0
1
0
0
0
0
0
6
0
0
0
0
12084
0
1
2
21
0
1
0
0
5
0
0
0
1
178
11
0
0
0
9
0
0
1
0
0
0
0
91
0
0
0
0
0
2
0
0
907
252
0
0
0
0
0
0
0
0
0
0
0
0
0
196251
0
0
0
0
82
0
2
0
3
3
18
0
6
0
0
285
0
0
0
0
0
0
0
0
0
12220
7609
2
0
0
0
0
0
0
0
0
3
0
0
0
4
0
0
5
532
255
0
0
0
0
106
0
5
0
1083
0
0
0
19
0
4842
19
9153
0
27
0
0
0
0
0
0
0
7128
60907
0
1320
0
1
0
0
0
320
0
38
1
57
0
0
0
0
17976
0
0
0
0
0
0
0
0
0
129032
0
68326
324
0
0
0
2
0
2
0
3
3
0
0
0
0
0
0
0
0
3
9
0
7143
0
2
0
0
10748
0
0
0
3
0
0
0
0
0
23877
7136
1
0
0
18057
0
0
0
1
0
0
0
0
0
0
0
0
1
0
0
232
61834
0
0
0
10174
0
372
1018
0
0
0
0
3
15
0
0
2
0
24703
0
0
1
26
0
9
0
0
0
2349
0
0
0
0
1937
1
0
1
1
32
101781
0
0
0
0
0
0
0
2
2
0
0
0
0
0
0
0
0
5
0
0
0
0
0
0
0
0
0
0
0
0
0
0
0
23
0
0
0
0
0
0
0
0
0
0
0
0
0
0
0
0
0
0
0
0
0
0
1
20
0
0
13
0
0
0
0
9
0
0
0
0
0
0
0
0
0
0
0
0
0
0
0
1
0
0
0
1
0
0
2
6
4
1
3
0
0
0
0
0
0
0
0
0
0
0
0
0
1
0
0
0
40
0
0
1
0
4
0
0
0
0
0
0
0
0
0
0
0
0
13
0
0
8
0
0
0
0
6
0
0
0
0
14
0
10
0
0
4
0
2
0
0
0
0
0
0
0
0
0
0
0
0
0
0
0
0
0
0
1
0
0
0
0
0
0
0
0
0
3
0
1
1
0
0
1
0
0
14
0
0
0
0
0
0
0
7
0
0
0
0
0
0
0
2
0
0
0
0
0
0
0
0
0
0
0
0
1
0
0
0
0
0
0
2
0
4
0
3
0
0
0
0
0
0
0
0
0
0
0
0
0
0
0
0
0
0
0
0
0
0
0
0
0
0
0
0
0
0
0
0
0
0
0
0
0
3
0
24
0
0
0
1
0
0
0
0
0
0
0
0
0
0
0
0
0
0
0
0
0
0
0
0
0
0
0
0
0
0
0
0
0
1
3
0
1
0
0
0
2
0
0
0
0
0
0
1
0
0
17
0
0
0
0
0
10
0
0
0
0
1
0
0
0
0
0
0
0
0
0
0
4
0
0
0
0
0
0
0
0
0
0
0
1
0
0
0
0
0
0
0
0
6
1
0
0
0
0
0
4
2
0
0
0
0
2
0
0
0
0
0
0
0
0
0
0
0
4
0
0
2
0
0
0
0
0
3
0
0
0
0
0
5
39
0
0
0
0
1
0
0
0
0
0
0
0
0
0
0
0
0
178
0
0
0
0
0
0
7
9
3
0
0
0
2
27
0
0
7
0
11
0
3
0
0
0
1
0
0
1
0
0
0
0
1
0
0
0
0
0
0
0
0
0
0
0
0
0
0
3
0
0
0
0
0
0
0
0
0
0
0
0
0
0
0
0
0
0
0
0
2
3
0
0
0
0
0
0
0
0
0
0
0
7
0
0
0
0
0
0
0
0
0
0
0
5
7
1
7
17
27
15
1
0
1
0
0
0
1
0
0
64
5
1
0
0
0
114
1
3
7
2
10
9
11
7
20
60334
1
43
1
97
0
5
0
3
6
0
0
15
0
2
2
11
1
7
0
10
0
8165
0
1
0
0
0
2295
0
27121
1
0
0
1
12
0
9
1
6665
8
2121
27
10
24
0
0
0
22
56118
3
0
6
0
15
4
0
0
0
2
0
0
4
0
16073
2790
24
2
0
0
185
0
269832
3984
50
17
0
40
1
0
41
0
1106
0
11215
0
1
0
2
12358
7
3
7428
1
0
0
313
0
8
0
25
5
0
0
1
0
3
25
0
0
0
0
0
0
0
0
3
19
1
0
0
0
0
4341
54
3
0
0
0
0
0
0
0
0
0
0
0
0
0
0
1
0
0
0
0
0
0
0
0
0
0
0
0
0
0
0
0
0
0
0
0
0
0
0
0
0
0
0
0
0
0
0
6
0
0
0
0
0
0
0
0
0
0
0
0
0
7
0
0
0
0
0
0
0
0
0
0
1114
0
1
0
0
6
0
5
0
1
50
6
1
1
1
325
0
327
15
38
0
0
2
0
0
0
14
0
4
0
0
17786
29
4
0
20
0
3
2815
0
13
0
15
10
10
0
10
10
0
4
0
0
1
61
4
2
1
14
0
13
6
0
404
0
0
107
0
12
0
5
5
5
110
0
0
15
0
0
0
0
0
0
64
0
0
13
0
3
14
0
5
0
34
0
291
0
3
0
0
0
103
11
312
89
0
0
24
7
26
6
1
5
10
1
0
111
0
174
8
0
3
4
0
11
10
5
64
0
0
3
11
86403
60
0
3
0
0
6
45
4
27
11
0
12
3
5
1
0
0
7
4460
1
1
14134
630
0
41
3
2
4
4
0
14
0
1
3
0
1
1
0
0
0
43
0
5
0
32
1
0
11
406
31
3
0
0
3
0
19
2767
5
1
6
9
35664
1
5
2
20
34
0
1
947
4607
0
0
51
0
0
0
52
1
1
0
15
2
0
1
0
0
0
31
2
0
0
9
202
0
0
1
0
0
0
3
96
4
0
0
115193
0
0
0
0
119
0
1
15795
0
7
0
0
3470
0
3
66
0
0
0
16708
4
1
47
6
3
0
0
1
1
9
1
0
0
0
0
0
0
2
0
0
0
14
0
0
0
5
4
0
0
0
0
0
13
1
0
0
0
0
0
0
0
0
5
1
0
0
0
0
0
0
11
2
6
0
8
34
0
54
0
0
0
0
0
0
0
0
0
1
0
0
0
0
62
0
0
143
0
0
0
0
0
0
0
0
0
0
0
0
0
0
0
0
0
0
1
0
0
0
0
0
0
0
3
0
0
20
0
7
0
0
0
0
0
0
0
1
0
0
0
0
1
2
0
0
0
13
19
0
3
0
0
0
0
0
1
4
0
0
5
0
1
1
1
63
17
0
0
0
0
0
13
0
0
23
0
0
0
0
1
0
0
0
0
0
0
0
0
1
0
0
0
0
0
0
0
0
0
2
0
0
0
0
3
0
3
0
0
0
0
0
0
0
0
0
0
0
0
0
0
0
0
0
0
0
2
0
0
1
0
0
0
0
0
0
0
0
0
0
0
0
0
0
0
0
0
3
1
0
0
5
0
0
0
0
0
0
26
8
1
0
0
0
0
0
0
0
0
0
0
0
0
0
0
5
0
0
0
0
0
0
0
0
0
0
0
0
0
0
0
0
0
0
0
0
0
1
0
0
1
0
0
0
0
0
0
0
2
0
0
2
0
17
0
0
1
0
0
0
0
0
0
0
0
0
0
8
0
0
0
0
0
0
0
0
0
0
2
2
0
0
0
10
0
0
0
0
0
0
0
11
0
0
0
20
0
4
3
0
0
0
0
0
0
0
0
0
1
0
0
0
0
0
0
0
4
0
1
0
0
0
0
0
0
0
0
0
0
5
2
0
1419
6742
27
19
0
21
0
0
302
0
0
40037
2
1
3461
1003
19
0
1
0
0
7
28
1
1
0
0
1
0
18625
2
5
0
0
0
0
0
8807
24603
0
0
0
58991
0
0
6
0
0
29
0
0
0
0
0
25812
5
63
8
1
647
23
4
25
7
1
1
0
0
0
0
0
0
5
3
0
3
0
4
0
0
1
104
0
4
0
1
0
2594
0
0
3
0
1
1
19525
0
0
6
0
45471
0
1
0
3142
0
0
0
7
0
0
5
0
0
186
0
8
9
59
0
5
1
6
0
0
36
0
4631
0
28
1
2
118475
0
0
9
2
0
1
0
2
0
0
0
2
2
0
0
3
0
10483
8
11810
3618
0
9
899
0
0
0
0
0
0
14
9
6
1
0
0
11
0
0
1
201
5
2
0
47
1
84099
1
1
2
0
14599
1
5784
1
1
28
0
0
25
6
0
4259
1
18571
0
0
23
4
0
145988
0
0
29
1
0
3
6
1
7
0
1015
0
36
61092
1
10
5
1
0
7
1
0
1
0
2
0
1
58
1
0
0
0
105
17
2
1
2
536
4
3
0
0
5
0
0
0
5
3504
14
0
0
4
1
0
0
9
2
0
1378
0
3
0
1
0
65
1
0
27376
0
0
1777
3
0
0
0
0
0
0
2
4
0
1
0
13
2
43
0
0
0
0
340
1
0
17
5
0
0
1
0
0
0
0
0
3
194
0
0
0
0
0
0
18
0
1
0
0
6
0
0
45
2
2989
3
53
4523
34
0
132
18
1
0
0
1
184
0
0
1110
19
0
0
0
0
0
0
13
0
0
0
0
0
0
0
0
0
0
0
0
0
0
0
0
0
0
0
0
0
0
0
54
0
0
0
0
0
0
0
0
0
0
0
0
0
0
0
0
0
0
0
0
0
0
0
0
0
0
0
0
0
0
31
0
0
0
0
0
0
0
0
0
0
0
0
0
0
0
0
0
0
41
28
1
0
30
1
721
1398
47
0
4
37
0
13
6
0
76
0
4
0
0
3
99
0
0
5184
2
1
1
0
14
676
6132
1
2
1
151369
0
0
2
0
0
1
2974
0
4
3474
0
1
1702
7
0
2
3
10227
55714
331
0
0
0
0
10
29
0
1
5802
0
0
0
26
2
158
0
1
0
0
2
0
0
4
5
19
1
11058
0
0
0
0
0
0
0
0
16
0
0
0
0
0
0
1
27
1
0
0
0
0
0
0
0
2
7238
0
0
0
0
0
0
44
0
0
0
51998
3
3
1
54696
0
0
507496
0
0
16
0
0
0
0
24
0
0
0
12
0
0
0
0
345
0
4628
0
15600
0
0
948
0
0
0
5
718
0
12
0
0
9
12621
0
0
0
0
0
0
0
0
0
0
0
0
0
0
0
4
1
0
0
0
0
0
0
0
0
31721
0
0
0
0
0
0
5
0
0
0
0
8
0
0
5
0
0
0
3
0
0
0
0
0
0
0
0
10954
0
0
0
6
2
0
0
3
0
1
0
0
1
0
0
0
0
0
8
0
267
7
1
0
0
12385
1397
0
0
5
0
0
2
0
0
1
0
1
3
2
0
208
0
0
0
0
389
0
0
0
0
76533
1
4424
0
0
0
0
2
0
1
0
0
1
1
0
9
0
0
0
0
0
13
0
0
0
0
93
0
0
0
0
0
0
0
0
1
0
0
0
0
0
0
0
0
2
0
0
0
0
0
0
3
0
3
3
0
0
0
0
1
0
0
0
0
0
0
0
0
0
0
0
0
0
0
10
1
0
0
37
0
0
0
20
0
0
0
0
0
0
0
0
0
0
0
0
0
0
0
0
0
0
4
0
0
0
0
0
0
0
0
1
0
0
0
0
0
0
0
0
0
0
5
0
0
0
0
0
0
0
0
0
0
0
0
0
0
3
0
0
0
0
0
0
0
0
0
0
0
0
0
0
0
0
2
0
0
0
0
0
0
0
0
0
0
0
5
0
0
0
18
0
3
0
0
0
0
78
0
0
0
0
0
0
8
0
0
0
7
0
0
0
0
0
0
0
0
0
1
0
0
0
0
0
4
0
0
0
2
0
0
0
0
0
0
0
2
0
0
0
0
0
1
0
0
0
0
0
0
0
0
0
0
5
0
0
0
17
0
1
0
1
0
0
0
0
0
0
0
0
0
0
0
0
0
0
0
0
0
0
0
0
0
0
0
0
0
12
0
435
0
0
0
0
0
0
0
19
0
0
0
0
0
0
0
0
0
0
0
0
0
0
0
0
0
1
0
0
1
0
0
0
1
93
0
0
0
0
0
0
0
0
0
0
0
0
0
0
0
0
0
0
0
0
0
0
0
0
0
0
2
0
0
0
0
0
0
0
0
0
0
0
0
0
0
35
0
0
0
0
6
0
1
0
0
0
0
0
0
1
0
0
0
9
0
0
0
0
0
0
0
2
12775
1
0
0
0
0
0
0
0
0
0
1
0
0
0
9
0
0
0
0
0
2
0
0
0
0
0
0
165
0
0
0
0
15
0
0
0
0
0
0
2
0
0
0
0
0
1
34
41
1060
0
0
0
0
5
0
2
1
0
0
0
0
0
7172
0
42
0
0
0
0
0
0
672
0
0
0
0
0
0
0
0
0
0
0
5
0
0
0
0
0
0
0
0
0
13019
0
8
0
1
0
0
0
1
2
0
16
25
192
0
0
201
0
2
0
5
0
1
0
0
5976
0
0
32
5
387
6
19
268095
0
0
0
0
25
1
2
1
0
0
3
5049
0
0
0
27
0
0
0
4017
4
0
0
0
0
6457
0
113
2
2
0
8847
0
1089
0
0
0
1
0
0
0
0
0
2
0
29
0
2
0
0
30
0
16
11232
4
18
0
1
139
0
4
0
7
46
0
0
4
1
0
25
15
9
0
90
203
2
0
0
28
0
1
6698
5
208
313
1
0
51
0
119
0
0
63
0
0
0
309
1
0
0
0
6
10
11
0
19
2
5
2
0
0
22
2
0
0
0
324
0
0
0
237
646
0
16175
6
1
3
19
37
0
0
2
12
0
0
242
2
52562
20681
1
5057
0
0
41
0
0
0
0
123
0
0
8
14
0
5
26
0
5
0
6
383
1
3
25
1
0
20
0
0
2
628
2617
47
1
0
11
19154
90
1
2
0
1
0
24
0
0
0
4
0
0
9
0
1590
0
0
4
0
1102
18129
0
6
10445
78
34800
15
20
0
0
46
42
4
7
0
0
1
9
7
8777
4
0
13
5
0
0
16
0
10
0
0
0
0
0
10
0
0
4
2
54
29
4
0
0
9
0
4
387
0
0
0
0
0
0
112
0
11
1
0
0
95
0
12
1
0
0
0
2
0
4
3
33
0
0
0
0
0
0
0
0
0
29
9
3
2
15
1
19
1
29
20493
1
0
0
0
0
5
0
0
0
48
0
0
0
0
0
9977
18
24
8
0
7
0
23
1
17
0
0
0
0
1
0
3
5
6
0
1
6
0
5
0
0
6
0
9
1
13202
15641
10324
29
5
11
0
2
8
4
0
0
14
0
208
20
11
5170
0
1364
0
35
1
0
0
13
2
730
0
0
6
6
1
1
1
1
0
19
71
2
0
0
1
0
2
1
0
0
157
3
0
11
34062
305
5
13444
1
17
0
1
0
18
0
6
5
0
4
0
0
1
20678
3
0
1
0
2
0
0
2
1
13
0
252
0
0
1
0
23
770
0
1
8
0
1
196
0
0
0
67
34
0
0
0
0
29
516
0
5
0
0
0
0
0
0
0
0
59
0
0
0
353
2
1
0
256
0
196
1
0
0
0
46
0
0
11
2
0
0
1
0
0
6276
0
0
0
0
0
0
14
0
0
0
0
0
154
0
0
0
0
0
0
0
28
11833
2
0
3
0
3
1
110477
9
0
17
0
13159
0
0
0
0
13
29
0
2
0
0
1
17784
0
1
9
0
0
0
0
1
9
2
0
2
0
37606
40
169
0
924
0
1
0
0
0
2
0
0
1
0
14775
0
0
492
0
0
0
0
1
16
0
0
0
10
0
0
1
0
0
0
0
0
0
0
0
3
6
0
0
0
0
0
0
0
6
0
0
56
0
0
9
0
0
1
0
17
0
3
2
0
0
0
0
945
2307
8
1920
2
2400
5
0
8
16
7
64
34594
0
18
2
10
0
11
4
0
7
1
5
13
550
0
0
0
58
31985
0
0
0
0
4
0
1
1
0
0
0
0
0
0
0
3251
19863
28
0
0
3
267
0
0
15
0
3
4
24106
3
0
0
0
0
0
0
6600
0
0
24
1
0
3
0
0
0
0
1874
17
2
1
45
0
129
0
0
0
0
45
0
0
0
0
0
0
0
0
4
0
0
0
0
0
0
0
0
484
19
1
1
6
0
1
4
21129
3
0
0
0
4637
0
2
0
0
1
0
0
0
0
0
0
6
0
0
0
0
0
1
0
0
0
0
0
3
0
0
0
0
0
10
0
0
0
0
0
0
0
0
1
0
0
0
0
0
0
0
0
0
0
0
0
0
0
0
1
0
0
0
0
0
0
0
3
15
76
0
0
0
0
0
0
0
0
3
0
0
0
0
5
0
0
0
0
0
0
0
0
0
0
0
0
0
0
0
0
24623
0
4906
0
0
0
0
0
0
0
0
0
0
0
0
1
175
0
0
0
0
0
0
0
0
0
0
0
0
0
31
0
0
0
0
0
0
0
0
0
0
0
0
0
0
0
0
26
95
0
1
1
6967
0
0
0
0
1709
21
0
15
2
11
0
1
0
1
0
47
1
20217
237
3
12
0
0
0
87
0
39067
7
82
0
25
24908
0
84
0
6
1
0
0
2
0
2
22
7
0
1
0
3
0
0
4
941
0
7
1
0
0
71
47
4
0
0
6
10585
14126
0
31479
0
0
0
0
20
0
0
0
0
0
0
0
0
5
2
0
0
0
0
0
0
0
0
0
0
2
0
0
1
0
0
0
0
0
0
0
0
32
0
0
0
0
7
0
3
2187
0
0
1
6
0
2017
2
0
1
0
0
8
0
0
0
0
0
1
0
0
270
317
0
0
0
0
0
15
0
0
27687
0
0
5
12624
0
0
0
0
0
9
22287
23458
0
17282
0
3
0
2
0
0
0
1
0
1
0
2
12
0
0
0
6
0
0
0
0
9
0
650
0
0
20096
0
0
4
0
3
0
2
23
2
372
55
59
5
14
5
11
6
0
0
4
3
0
0
0
0
3
10
0
74
1
73
4
20455
0
36
5
0
8
1
0
3
6
18
52
1
0
42
0
90
9
3
6
1271
2
55982
0
0
0
9
0
44
0
3
0
0
0
0
0
8
1
0
0
37
7388
0
0
0
0
0
0
78545
0
0
0
0
1
1
0
2
0
15646
4
0
0
0
0
4
0
0
0
1
2251
0
3
0
0
1
0
54821
207
0
0
0
0
3
0
1
0
0
0
558
0
0
0
0
0
0
0
0
108
121471
5666
37735
0
0
0
0
0
0
0
0
8
3
2549
0
149
1
0
0
0
0
0
0
0
0
0
0
0
0
0
0
0
0
0
0
0
0
0
0
0
0
0
0
0
0
0
0
0
0
0
0
0
0
0
0
0
0
0
0
0
0
0
0
0
0
0
0
0
0
0
0
0
0
0
0
0
2
0
0
12
17
120
0
1
11
0
3
26
0
4146
0
0
0
0
0
4
0
3
1
0
0
0
0
0
0
10
0
0
0
4
3
3
7
2
8597
0
0
275
5
0
0
0
0
0
0
3
78
0
1536
1
1
1
7
0
52
1
0
0
0
0
1
0
3
15
0
0
0
5006
0
0
1
3
0
0
0
17
0
0
0
0
0
0
0
62855
0
0
11035
5
0
0
0
0
15487
4
0
193
0
6
0
0
0
1
4
0
0
4
0
52
0
0
2
0
0
0
0
0
0
0
0
0
0
0
0
0
0
3
0
6
0
1
0
4
0
0
548
7771
0
0
0
0
0
0
0
0
0
0
0
0
0
1
0
0
0
0
0
0
0
0
0
0
0
0
0
0
31570
0
4
0
5
32
0
0
0
5
2
0
4
3
0
0
18648
3195
10097
4
0
0
0
0
94
71521
0
15
0
10
0
0
0
0
0
0
0
30
0
1
2
0
0
0
3
0
0
1
0
0
0
0
0
0
0
0
0
0
0
0
4
7
4
0
0
0
0
0
0
0
0
0
0
52
0
0
0
0
0
5
64
2
11
15
0
3
0
0
0
21
1
4
0
0
0
0
6
1468
0
0
28
40
2
3
0
0
0
0
2
0
0
3
0
50
430
383
0
0
10
0
0
0
1
0
0
143
8
0
66
0
0
0
2
0
8
25297
25465
14
0
1
1
0
5
0
0
0
13
0
1
0
0
0
1
15
1091
29
9
9
0
1
21
2
0
0
2
12226
0
0
0
147
50585
0
3254
0
0
0
0
0
2907
0
9
0
0
1
7
0
0
2
0
1015
3
0
1
10
0
0
11008
4
0
0
0
2
0
1
0
3
21098
1
36601
11215
1
0
1
1024
7
6
0
0
0
0
17
27
12
6
0
1
0
0
0
0
0
0
0
0
0
9
0
0
0
0
0
0
0
0
0
0
0
0
0
0
0
0
0
0
0
0
0
0
0
0
0
0
0
0
0
0
0
0
90
0
1
2
1
0
0
0
0
0
0
0
0
0
20
0
0
0
0
0
0
0
3
0
0
34
0
0
0
0
5
0
0
0
0
0
1
0
0
0
0
0
0
0
0
0
0
0
0
0
0
0
0
0
0
0
0
0
0
1
0
0
0
0
0
0
0
0
0
0
18
0
0
0
0
0
0
0
0
0
0
0
0
0
2
0
7
0
0
0
0
0
1
0
0
0
0
0
0
0
0
0
0
0
0
0
0
0
0
0
0
0
0
0
0
0
0
0
0
0
0
1
2
0
0
0
0
0
0
0
0
0
0
0
0
0
0
0
0
0
68
0
0
0
0
8
0
0
0
0
0
0
0
0
0
0
0
7
0
0
0
0
0
0
0
0
0
5
0
0
5
1
0
0
0
0
0
0
0
0
1
0
0
0
0
0
0
0
0
0
0
0
0
0
1
1
0
0
0
0
0
0
0
5
0
0
0
0
0
1
0
16
0
0
0
0
0
0
0
0
8
0
0
0
0
0
0
5
0
0
2
4
0
0
11
0
0
0
4
0
0
0
0
0
0
0
0
0
0
0
0
0
0
1
95
0
1
0
0
0
0
0
0
0
29
0
0
0
0
0
0
0
12
9
0
2
4
1
0
0
0
0
0
0
0
0
0
5
1
0
0
0
0
2
1
0
6
0
3
0
1
0
0
0
0
0
0
0
1
0
0
0
0
0
0
0
0
0
5
0
0
0
0
0
0
0
0
0
0
0
0
8
1
0
0
0
0
0
0
4
0
0
0
4
0
0
0
11
0
0
42
0
0
0
0
0
0
0
0
0
0
0
0
0
17
0
0
0
0
0
0
0
0
0
2
0
0
0
22
0
0
0
0
0
0
0
0
0
1
0
0
0
0
0
0
9
0
9
0
0
0
0
0
0
0
0
0
0
0
0
4
0
0
0
0
0
0
0
0
0
0
0
0
0
0
0
0
0
0
1
0
2
0
0
0
28
0
0
0
11
0
0
0
0
0
19
0
0
0
0
0
46
0
0
0
5
0
0
0
0
0
0
0
0
0
0
0
0
0
0
4
0
0
0
1
0
4
0
0
0
0
0
0
0
0
0
0
0
0
0
0
0
6
0
0
0
0
0
0
1
0
0
0
0
0
1
0
0
17
0
0
0
0
0
0
0
0
12
0
0
0
0
2
0
1
0
0
0
0
0
0
0
0
0
0
0
0
0
0
0
0
0
0
0
0
0
2
0
0
0
0
0
0
0
0
0
0
0
0
0
0
0
0
1
0
0
0
0
0
0
0
0
0
0
0
0
3
0
0
0
0
0
0
0
0
0
0
1
0
0
0
4
0
0
0
0
0
0
0
0
0
0
0
0
0
0
0
21
0
4
0
0
0
0
0
3
0
12
0
1
0
0
0
0
0
0
64
0
0
0
0
3
0
0
0
0
0
0
0
0
0
0
0
0
0
0
0
0
0
0
0
0
0
0
16
0
0
78
0
0
0
8
0
0
0
0
0
0
0
0
0
0
2
0
0
0
1
0
0
0
0
0
0
1
72
1146
0
0
1
9
14
0
1
2
16428
0
15
1
20
6
0
6
0
0
0
2
0
378
2
7
0
5
20
0
20
0
19
1
0
0
0
0
26
76
0
4
4311
80
135
14
43
31338
10
7
1
4
1
0
110
0
8
2058
149
4
0
8
19
0
0
2
7
7819
0
0
0
0
2
0
1
1
0
0
1
0
4
28
0
7
0
0
0
0
0
0
5
0
0
85831
3
0
0
4036
0
432
1
2
0
2
1
16
0
2
0
18
19261
0
5
0
2
0
1
1
3
19306
0
65
0
2
5044
0
11
0
0
288
0
34
6
0
27
0
2
3603
0
0
0
0
0
0
0
0
243
0
0
0
0
0
4
0
0
0
13
8
0
0
1
28
0
0
0
0
2
3
0
7
2
0
917
0
0
62
3
0
26
0
3
0
4
0
43
0
0
7
0
0
0
40
7
3
0
18908
1
0
0
0
6536
1
0
0
6678
1
0
3193
1
0
0
0
0
0
0
0
0
0
12
9
1
0
0
0
0
0
0
0
0
0
10
48
0
3
7
39
0
0
0
128
0
0
18094
11
0
26
1944
10
1
0
45344
2
8632
0
0
0
1
24
4
0
8
6
0
0
0
6
0
0
1
0
2
0
2
0
14865
15
0
61
11901
0
1
3
4
1
0
1
0
1
25
4727
6948
10
16
0
0
0
0
0
1
0
0
25792
0
0
0
94
3
0
6
0
0
0
8
0
0
15
1
0
3
1
0
0
1
0
0
0
2
2
8
10
3
1
0
3
1
0
4
0
54
0
4
5
0
667
3
3
0
76
3
105
0
0
7
8
0
0
15
0
82
72
0
0
84741
6
2
0
1
1
0
2
0
0
168
0
17
0
0
0
0
0
1
0
105
26
0
0
56543
2213
2
0
4
12
0
33
1
4
0
0
8
20014
0
4
3
0
415
0
0
0
0
0
2
0
4
17
4
2
1
0
8
11
2
1
2
0
0
0
4
0
8
1
0
1
8
0
1
23
0
9
0
31
2
0
23
14
0
1
0
0
21
0
0
0
0
0
2
0
0
0
255
1
1
0
294
16
0
47
1
0
68
0
0
0
2
0
3
4
0
0
0
6
0
33
0
1
8966
1
2
0
2
2
4
0
76
0
0
0
0
0
5
0
1024
0
0
136
877
21
3
5
7
0
30
5
2
3
37
0
0
0
1
0
9019
0
0
0
0
0
491
0
8
25552
23761
1
20382
13
0
0
0
0
0
0
0
306
0
6
430
0
0
0
7
0
0
5
72
0
3858
0
0
0
6
11753
0
0
104
0
79
3470
0
1
1
199
2605
10
22995
0
0
10
0
7606
0
5
1
0
0
0
0
0
2
5
2
0
0
0
0
2
15
560
1
7695
1
2065
0
0
3
6
0
0
0
1
0
4379
0
0
0
1
0
0
1
3
0
0
0
0
3
0
873
1
0
0
0
5688
0
3
4
74
0
14
0
0
0
2
5
10
8
47
0
22077
9
58352
0
0
6
26
0
0
92
0
1
0
1
4
8
0
0
104
0
0
0
0
0
0
29393
0
7
0
439
0
0
0
0
6
0
0
0
0
0
0
0
0
0
0
0
461
0
1
0
0
0
0
0
0
0
0
0
0
0
0
0
0
0
79203
6
0
0
0
21
0
6
3
5
0
3
3
0
0
10
0
0
0
0
24
7
1
0
0
0
0
0
1
0
0
0
0
0
2
0
1308
1
26535
1
1
3
0
0
2
4
12
0
10
1
0
13776
0
0
3
0
2
0
0
0
0
0
0
0
0
0
0
17
0
1
0
0
0
604
0
0
0
0
0
0
0
0
0
0
0
0
0
0
14259
0
0
0
5
1
0
9
17970
1
14
4
2
0
0
1
1462
0
5
15681
0
133
1
10
0
25104
5
0
5376
0
0
0
0
0
0
0
0
1
0
24
0
0
0
8539
0
0
8
1
0
0
0
0
0
0
0
22028
0
0
0
0
0
0
3
0
0
0
193
38566
0
0
138
3
0
11800
0
2
1
14959
2
0
0
0
0
7
0
5
0
0
0
10484
1
0
1
5
2
0
7
40
12670
2
1
0
11
0
1329
0
3
14560
75
0
0
0
101
66
0
0
11
1
10
5
15529
470
16591
2
0
0
10732
0
0
2
0
0
0
1
0
0
0
1
12
5012
3
0
0
1
0
41
0
0
7
5468
9
0
80717
8
1
0
10866
0
0
0
27102
0
0
0
8010
0
0
0
0
0
7
0
0
22
0
13013
0
10
0
0
1
0
0
0
0
0
0
0
10
0
0
0
7
0
0
0
0
0
0
0
0
0
0
0
0
0
0
0
0
0
0
0
3
0
0
0
1
0
0
0
0
0
0
0
0
0
0
0
0
0
0
0
2
0
4
0
5
8
0
0
1
0
0
1
0
0
0
0
0
0
0
0
0
3
0
0
0
0
0
0
0
0
0
0
0
0
0
0
0
0
0
0
0
5
19
66
0
0
1
0
0
0
0
0
0
0
0
0
0
0
0
0
0
0
3
0
0
0
0
0
0
0
0
0
0
1
0
0
18
0
0
0
0
0
0
0
0
0
0
0
0
0
0
0
1
0
0
31
12
0
0
0
0
0
0
0
0
0
0
0
0
0
0
0
0
0
0
0
3
0
0
0
3
0
0
0
14
0
0
0
0
0
0
0
0
0
1
0
0
0
0
0
0
0
0
0
0
0
0
0
0
2
2
0
33
0
0
0
11
1
0
0
0
1
0
0
0
0
0
0
0
0
0
0
3
0
0
0
0
0
0
0
0
0
0
0
0
0
0
0
0
0
0
0
0
0
0
0
0
0
0
0
0
0
0
0
0
2
0
0
1
0
0
0
0
0
0
3
8
10
0
0
0
0
0
6
0
0
0
0
0
0
0
3
0
0
0
0
0
0
0
0
0
0
0
0
0
0
0
0
0
0
0
0
0
0
0
0
0
0
0
0
0
0
0
0
0
0
0
0
0
0
0
0
0
1
0
0
4
0
0
0
0
0
0
0
0
0
0
6
0
5
0
0
8
0
3
0
0
0
10
0
0
0
0
0
0
0
0
0
0
0
0
0
1
0
0
0
0
8
0
1
0
0
10
25
1
0
0
0
0
0
0
0
0
8
1
0
0
0
0
0
0
0
0
0
0
0
0
7
0
0
0
0
0
12
388
0
0
0
0
0
0
0
0
32
0
0
0
0
1
0
0
0
0
0
0
0
1
1
0
0
0
0
0
2
0
8
0
0
0
0
0
0
14
0
0
45
0
0
1
0
0
0
0
87
1
2
0
0
0
17
0
0
0
0
15
0
0
0
3
0
0
0
0
2
0
0
0
0
0
0
5
0
0
0
32
0
6
0
0
0
0
0
0
0
2
0
0
0
0
0
0
0
0
0
0
0
0
0
0
0
6
0
1
13
2
44
0
0
0
2
0
0
1
0
0
2
0
0
0
0
0
1
0
0
0
0
0
0
0
0
0
0
0
15
0
0
0
0
0
0
0
0
1
0
0
0
0
0
0
0
0
0
0
7
0
0
0
0
0
0
0
0
0
0
0
0
0
0
0
0
0
0
0
0
0
0
0
0
0
0
1
0
0
0
0
0
0
0
0
0
0
0
0
0
0
0
0
0
0
0
0
0
1
0
0
0
0
0
0
0
0
1
0
0
11
0
0
24631
2
14285
3
0
0
0
0
0
0
1
5
0
2
10205
4
8
25
0
23483
0
0
14033
21
1
1
2
782
21
1
227
0
0
52152
0
2
3
1216
4
6
0
0
2
10
0
19167
0
3
0
0
3
0
1
3
0
0
0
0
0
0
0
58
0
0
0
14
57
0
0
0
0
0
0
3
1
9
3
1
4
5
0
0
2
64326
1
4
18
0
20989
0
0
10
0
4
3
0
50
7
0
8
57
7
0
12298
0
7
85783
2
19
1
0
57
11
2
3
2
0
17562
0
0
0
0
0
6
1439
0
0
6
47880
0
0
0
0
9
0
0
1
0
13
1
0
0
0
209446
0
46
0
0
0
20
59
0
62
23
27
48
65
0
108995
52
5
1
0
2
0
3
0
0
0
0
106
20
3
5
0
0
0
7
20
0
0
0
0
0
0
0
3
0
4
24362
6946
0
0
0
1
30
0
0
25
0
30
0
2
1
0
13
9
2
8
442
283
14012
0
7
0
0
0
0
2
0
0
0
0
0
2
0
0
2
0
1
0
0
0
171
23058
0
20
15
1
78
1
0
1
3
0
8
0
0
0
33
0
0
4
8
0
199
0
4
26
0
0
2
0
13836
17980
0
0
7
6
2
1
0
0
0
0
1
0
0
13
0
0
0
3
0
17
0
5
2
0
33
1
1
1
28
0
323
0
0
0
0
1
1696
0
4598
0
1
0
0
0
153980
6
3
716
0
0
0
1056
0
106
1
0
0
0
2
380
0
0
3
0
2511
39
36
5
0
0
1
6
1
0
0
1
4
2
4
12031
16
9
2
29046
0
0
2
5
35
20
0
0
36
0
2398
37973
1
13429
1
10
0
26
0
3
1
69
6293
173
309
6
0
78
1
2
13
0
3
2
1401
0
0
4
13
0
19
0
0
0
0
32
9
0
5848
12
6
0
0
0
2
51
119
2
0
11999
0
7593
1
0
0
6
0
0
1
0
0
0
2
10
0
0
10
0
0
0
0
126
25
7
0
5
6
24
112
0
6
31
0
0
0
0
0
26
2
0
257
340
0
1
44
2
3
0
22
14323
0
13
7
0
0
1
12
1
1
2
0
6
4
4
0
2
0
0
33
0
0
0
0
0
0
5
0
3
0
0
0
1
0
0
1
0
0
12
0
0
0
0
0
4
0
0
17
1
0
0
1
0
3
0
0
0
25
3
64141
0
801
0
0
1
0
0
0
22
0
0
0
0
0
0
4
0
3
0
6832
0
0
36
5
0
6551
0
0
0
453
20
2
15
420
187
99
10
0
6
0
0
20045
0
0
1515
1
11198
8
0
0
0
24015
0
0
0
1
13
1
0
225217
24799
0
6
0
0
0
23
0
33
2
2
151
0
14
1
0
0
2
0
2
0
0
8
0
0
0
7
86
6
0
16823
3
0
25190
2
438
0
0
0
0
1
3
2
2
233
5
0
0
0
0
0
0
0
2
0
19
2
0
53
6
45
0
15478
0
0
0
0
0
0
0
0
6
1
30
0
0
0
0
1
0
0
21
1
1
0
0
6
0
1
6
1
13339
0
0
5
0
0
13
12589
0
0
0
5
0
0
0
6
1
0
3
0
5
0
0
3
0
2
0
0
3
2
1
1
0
0
3
19667
2499
0
0
0
0
0
0
0
0
0
485
48
0
0
0
12
0
11
0
2
1
50
5521
3
0
46870
12
9
2
0
8
4
0
6
14
0
5376
0
0
1
3
0
0
0
3
0
9
20
8
14
9
8
0
0
28
0
9581
77
48
0
0
0
0
49
1
1
1
14
10
0
0
0
1
1
7
0
2
0
2
0
0
13
0
1
32222
0
11
36
0
0
0
5
0
3022
0
0
0
15
0
0
0
0
0
6
0
22460
0
3
10
3
217
0
1
0
11
0
218
0
1834
72
0
61
10
30
0
0
2
0
28
0
31
0
1
1
5
0
3
94
10403
0
49386
22452
28907
0
0
4
0
3
7
24830
11
0
8
0
10
0
3
0
11
0
0
2
0
0
0
4157
2
0
0
20
0
0
1
16
0
16
0
17
3
1
0
61
0
0
2
0
75
0
0
0
0
0
0
0
1424
9
16
0
0
0
0
0
0
0
0
10
0
0
6986
0
0
0
31401
0
0
0
0
0
0
1
0
0
4
1
29
4
1
271
0
0
0
7841
1
18
1
0
0
1
4
0
2
2
1
11
3
0
0
0
0
4
12
0
0
6
4
429
11
1
0
5
0
3410
7
0
7
18
0
35
0
0
6
0
1
0
0
0
0
0
35
0
15
21666
0
85
27
2
1
0
1
0
3
2
0
9
0
0
0
45872
3711
0
0
0
0
0
0
73
0
0
2
0
0
0
0
0
0
0
0
2
3
3
0
0
1
0
0
0
0
2308
0
14015
0
0
66
0
0
2
0
3
0
5
0
12
0
0
16
4
1
4
0
2
2
0
1
0
0
0
0
0
0
0
0
0
0
0
2
0
213
0
0
3
0
0
3
0
53
0
2
6
1
0
0
0
0
0
3
0
0
0
0
0
0
0
0
0
0
0
0
0
0
0
0
0
0
0
0
0
0
0
0
0
0
0
0
0
0
0
0
1
0
0
0
0
101
0
3
13
4
9
0
122
3
0
0
23
3
0
0
2
0
0
0
0
1
98730
0
0
0
0
0
0
6
0
0
0
1
312
0
31
58
1
3
0
13
0
0
0
37906
0
1
0
0
0
0
6
47251
21510
0
0
2
0
0
0
0
0
61179
120
0
21
0
24319
0
0
5261
0
0
43
0
3
0
10
0
0
0
2
3
5661
0
0
4
0
3
3
2
0
5
5
0
1
159
1
6
0
9
3
0
0
67
5
1
0
0
0
0
0
0
0
0
0
0
0
0
0
0
0
0
0
0
0
0
0
0
0
0
0
0
0
0
0
0
0
0
0
0
10
0
3
0
0
0
0
0
0
641
0
0
0
0
0
0
1
0
2900
0
1
41000
0
1
0
8588
6434
0
0
1
0
1
0
0
1
0
0
0
0
26
0
0
0
1
0
0
0
0
0
0
2
0
0
0
0
0
0
0
0
0
0
0
0
0
0
0
0
0
0
4
0
0
2
0
0
0
0
0
0
0
0
30
0
2
0
0
0
0
0
0
0
0
0
0
0
1
0
0
0
0
0
0
0
0
0
0
0
1
0
0
0
0
0
0
0
0
0
0
0
0
0
0
0
0
0
0
0
0
0
0
0
0
0
0
0
0
0
0
0
0
0
0
0
0
0
0
0
0
0
0
0
0
2
0
0
10
0
6
0
0
0
0
0
0
0
0
0
0
0
0
0
0
0
0
0
16
0
0
0
0
0
0
0
0
0
0
0
0
0
6
0
0
0
0
0
0
0
0
0
0
0
0
0
0
0
4
7
0
0
1
0
0
0
0
0
0
0
0
0
0
0
0
0
0
0
0
9
0
1
0
0
0
0
0
0
0
0
0
0
0
9
0
0
0
0
7
0
2
0
0
0
0
2
3
0
0
0
0
0
17
0
24
0
3
0
0
0
3
1
0
0
0
0
0
0
0
1
0
0
0
0
0
0
1
0
0
0
0
5
1
0
0
0
27
0
0
0
0
0
2
0
0
0
0
19
6
0
0
0
0
0
76
0
0
0
25
0
0
0
0
0
6
0
0
0
15
37
0
0
0
0
0
0
0
0
0
0
0
15
0
0
0
0
0
0
3
57
0
0
0
0
0
78
0
2
0
0
0
0
0
0
4
0
0
0
0
0
0
0
0
3
0
0
1
0
0
0
0
0
0
0
0
0
0
0
14
0
0
0
0
0
0
0
6
0
1
11
0
0
0
1
0
1
0
0
1
1
0
8
0
0
0
0
0
0
0
1
0
0
0
0
0
0
0
0
0
0
0
0
0
0
0
0
0
0
0
0
3
0
0
0
0
0
0
3
0
0
0
0
0
0
0
0
0
0
0
0
0
0
0
0
0
0
0
0
0
0
0
0
0
0
0
0
7
0
0
0
0
0
0
0
2
6
0
82
0
0
0
6
0
0
0
0
0
0
0
0
0
0
0
0
0
0
103
1
0
0
0
0
0
2
0
0
0
0
4
0
4
0
0
1
0
0
0
0
0
7
0
0
0
0
0
0
0
0
0
1
0
0
0
5
0
0
0
0
5
0
0
10
0
0
0
0
0
1
0
0
0
0
0
0
1
1
2
3
0
33
49
1
12
1
5
6
3
5
2
1
2
0
0
0
44
0
1
4
0
12
0
0
0
4
1
5
42
3
52
133
0
3
8
0
1
0
3
0
0
2
1
2
9165
80
123
0
0
4
1
4929
1
0
0
30
2722
6
0
10
379
0
43209
151
0
0
0
0
0
0
4
0
0
0
0
1549
323
0
1
2
99
221
0
34752
7464
147
0
0
0
7
38
4822
0
68
3
0
215
0
69
0
0
5
0
0
0
21
12
33
7
0
4
711
0
26
0
0
0
17
0
0
0
6
0
0
5
0
269
0
1
0
0
0
1320
42
7
0
0
66
20
8829
1
0
4
0
0
1
7
0
30
0
182
108
0
0
0
2
15
0
0
21
4
2
0
0
42
0
0
0
22803
9
0
0
1
17
0
0
0
0
9
12
0
0
4
0
1152
0
17630
0
3252
0
9
0
18
18399
0
0
53008
1
0
13
0
0
0
0
18191
0
41420
3
0
28
0
0
12
0
0
11
0
941
37
0
10
2
0
19335
0
113
3
0
12457
0
6
14
1
15
0
4
15
0
0
25
0
34
27
0
0
0
2
0
58
0
9064
0
0
4006
12
0
597
107
54603
0
0
2
0
0
5
9
0
1
69498
185
1
397
14
0
1
0
27
508
358
4
0
0
0
0
0
0
0
0
0
0
0
0
0
56
1569
0
4447
0
5071
0
5095
11179
0
0
2
0
1
1
0
1812
8
6651
2
0
13
7
15
22
0
0
0
0
0
1
2
0
11
2
8983
0
0
0
52
5
0
8
0
2
0
1
3
3
2
0
1
0
0
0
69093
12
0
0
2
1
7
0
1
0
0
0
0
0
1
0
2
0
3
39707
0
1
4
2
0
16
0
3
34
322
77
4
129
642
0
0
2
46
1
1
0
0
22890
5
19
2
4
0
4
1
2
56
0
0
24
84
8
2
0
2
15
0
1
11
0
138
534
0
2
0
0
0
0
0
0
16
0
13506
23594
0
1
23
0
13150
0
0
13
0
2
0
2
4
0
0
25
1
0
0
0
0
0
0
1
0
1
0
0
0
0
12
12
18
8
1
1
306
1
13
3
0
14
0
0
0
0
1
0
3
3586
0
0
1
1
0
134
0
1
267
0
6
0
0
0
0
0
0
0
0
113
2
0
0
4
0
10610
0
1
17729
1
68
195
22
0
46
1
0
4
195865
5
0
4
0
0
1999
39
0
0
22286
0
0
6
45740
49235
0
3
0
1
3
4
15
0
1
5
0
0
0
0
4
4
56
7639
23
0
11
49105
0
0
1
6
0
3750
17
0
2427
2
2
0
0
34
0
7
971
10
0
0
742
2
0
0
0
3096
0
3
3
171
0
0
0
0
0
0
4
0
0
0
0
0
0
0
0
33
20
0
1
0
2705
6416
20
1
0
32263
3
0
0
0
5
365
342
7
0
3
30
0
4
0
0
0
10
0
21
0
309
0
1
3917
30
0
3
6
0
0
2
2859
0
26
30
1
0
0
1
0
1
1
48
3213
0
30
0
0
6
1
5452
0
2
333
0
3
1
1145
0
1
24
12
0
8613
19
0
0
0
3
0
1
1
21
41
0
0
0
1
17827
16
1
0
0
26331
0
0
0
34
0
3
0
0
21
1
7
0
0
0
15
0
4
13
34108
0
0
0
7
61
0
0
9
0
0
0
64617
0
0
0
0
0
10
62
24224
2
3
0
2
0
0
0
0
0
77
0
10
14335
0
25967
33349
13
0
1
0
1
0
2401
0
0
0
86
1
13757
0
6
94
1489
0
0
0
0
3
0
938
1193
0
362
0
1
0
0
3
0
0
1
0
0
0
1
0
0
0
2
0
0
48
0
3
192
31
1
31046
0
0
6859
10
0
0
9
3
0
3
5
283
0
0
284
2
0
0
0
3
0
2
56187
0
1
0
1
645
0
0
7657
11
0
0
7
0
10758
0
0
0
0
1
0
0
582
1
0
0
9591
0
0
2
7
0
0
18
0
0
0
2
0
2
7
0
0
4
46500
0
0
0
0
0
8
8
10
2
0
59
1
1
1
0
1
5
72
5
1
0
0
12941
0
19
14
63401
0
0
11301
0
0
0
5
4
0
3
0
1
0
5
9
0
9
0
0
0
2
3
2
2
8
36487
0
0
0
0
0
1
8
0
4
0
9
1
6
0
20306
0
0
2068
1
1579
495
30132
0
1
0
882
0
0
0
2116
0
1
0
902
0
0
0
0
3
4
166
0
0
0
0
0
4
33261
21754
3
0
0
0
0
0
4
0
104
906
0
0
1
11653
5
41
0
6879
0
0
8
0
2
0
2
1
0
22
0
0
0
0
1
5282
0
0
0
0
10
2
589
1
0
0
0
0
0
8
4
0
0
4
0
8
32630
25
1
0
0
1
0
0
0
0
0
0
0
0
1486
0
0
7
3
1
1
45
1848
12
0
0
0
165
0
7
0
1428
4
1
0
2
0
22100
6
0
0
1
0
1
0
0
0
14
0
0
0
0
3
0
0
0
32
2
0
1542
0
4
0
0
0
52
0
77
10
2
0
0
0
1
21
0
0
3
2
2
3
0
1
20055
6
0
0
2
0
0
0
0
1
5
0
0
45
148
0
0
0
1
0
0
0
1
0
4616
0
3
0
1
9
0
0
1
0
9
0
8
0
0
0
0
4
0
0
0
3134
0
0
1
0
0
0
178
13
0
2
0
0
0
46
24505
0
0
735
2
14192
2
25
17
0
0
0
68
1
1
42
11
3
3
2
0
1
4
0
34
0
0
0
0
5
0
0
355
0
0
0
0
3
1216
0
0
3
0
0
0
0
0
0
0
0
1
0
0
0
0
6
9
0
0
0
5555
0
0
1
5
24
11
0
0
5
0
0
0
0
0
0
0
0
0
0
0
0
0
0
0
0
351
0
0
0
0
23
0
0
0
0
0
1
0
0
0
0
3
0
0
18
0
0
0
0
0
0
0
0
0
0
3
0
0
0
3
0
0
0
1
0
0
0
0
0
0
0
0
0
0
0
0
0
0
0
0
0
0
0
0
0
0
1
0
0
0
0
19
0
0
3
0
0
0
0
0
0
1
0
0
0
0
0
0
0
0
0
0
0
6
0
0
0
11
0
2
0
0
0
0
0
0
0
0
1
0
0
0
0
0
0
0
0
2
0
0
1
1
0
0
0
0
0
0
0
0
0
0
0
1
2
0
0
0
0
0
0
0
0
0
0
0
0
0
0
0
0
0
0
0
0
0
0
0
15
0
0
1
0
0
0
0
0
1
0
0
0
0
0
0
0
0
0
0
0
0
0
6
0
0
0
0
0
2
0
0
0
0
0
0
0
0
0
0
0
0
0
0
0
0
0
0
0
0
0
0
0
0
0
0
0
0
0
0
0
0
0
4
0
0
0
5
0
0
0
0
0
0
0
0
0
0
0
0
0
0
0
0
0
0
0
0
0
0
0
0
0
0
0
0
0
0
0
0
0
0
0
0
0
0
0
0
0
0
12
0
0
0
0
0
0
0
0
0
0
0
0
0
0
0
0
0
0
0
0
0
0
0
0
3
6
4
0
0
0
0
0
0
0
0
0
0
0
9
0
9
0
0
10
0
0
0
0
0
0
0
0
0
0
0
0
0
36
0
0
0
0
0
0
0
0
0
0
0
0
0
0
0
0
0
0
0
0
0
0
0
0
0
0
0
0
0
0
0
0
0
0
0
2
0
0
0
41
64
0
0
23
0
0
0
0
0
0
0
0
0
0
2
0
0
0
0
0
0
0
0
0
0
0
0
0
0
0
272
0
0
0
4
0
0
0
0
0
0
0
0
0
0
0
0
0
0
0
0
0
0
0
0
0
0
0
0
0
0
0
0
0
0
0
0
0
0
0
0
0
0
0
0
0
7
0
0
0
0
0
0
0
0
0
0
0
0
0
0
0
0
0
0
0
0
0
1
1
0
1
0
0
0
0
0
0
0
0
0
0
0
0
0
0
0
0
0
0
0
0
0
0
8
0
0
0
2
0
0
0
0
0
0
0
0
0
0
0
0
4
0
0
0
0
0
13
0
3
0
0
0
0
0
0
0
0
2
0
0
0
0
0
0
0
0
0
0
0
14
0
3
0
0
0
0
0
0
43
0
0
0
0
0
21
0
0
0
0
0
1
0
0
0
0
0
0
0
0
0
0
0
0
0
0
0
0
0
0
0
0
11
0
0
0
0
1
0
0
0
0
0
0
0
0
1
1
0
0
3
0
0
0
0
0
0
0
0
0
0
0
0
0
0
0
2
0
0
0
0
0
0
0
0
0
0
0
0
0
21
0
16
0
0
0
0
0
1
8
0
1
0
0
1
0
0
0
0
0
0
0
3
0
28
0
0
0
0
0
0
0
0
0
6
0
0
0
0
0
0
0
0
0
8
0
0
0
0
0
0
0
0
1
0
0
0
0
0
0
0
0
8
0
0
0
2
0
0
0
0
0
1
0
0
0
0
1
0
0
0
0
0
0
0
0
0
0
0
0
1
6
0
0
0
17
0
0
0
0
0
0
0
0
0
0
0
0
0
1
0
0
0
1
0
0
9
0
0
0
32
1
0
39
3
0
0
12
2
0
0
3
1
0
1
0
2
0
0
0
0
0
0
0
4
40
4933
1
0
0
24
0
0
0
0
12
0
0
0
0
0
0
0
2
0
0
0
2
0
0
0
1
0
0
0
0
0
0
1
4
137
0
0
10864
0
8714
2
0
1
280
6
0
5
0
0
23
0
0
3
102
0
3260
4327
0
0
1
0
0
0
0
0
106
0
4
1
4
4
0
0
0
0
0
0
1
2
0
0
0
1
0
0
12
0
0
0
0
0
0
0
0
0
0
8
0
0
0
4
0
0
0
0
35
2
18
0
0
853
7
455
67
0
0
0
0
0
0
0
19640
1
0
0
0
0
52
0
0
11143
0
0
0
1
14
0
0
3
0
0
3
0
0
0
0
2
3
18
0
12
2
0
17
0
0
33866
68
24418
9
1
0
0
0
0
0
0
1448
9
11
0
1
54
0
2
1
3
0
0
55
0
0
0
0
79
6
17035
0
31
0
0
0
8
2
3
0
0
12461
19
0
0
55
0
46
235
1
1
0
0
1
0
1562
0
5
0
0
17
0
2
1
0
0
0
0
29
0
2
0
26
5
0
3157
0
67
0
0
326
0
3
1
25
0
0
6
10
11919
7
4
3
27
0
0
8
0
0
3340
1
0
0
540
6
1
25
3342
0
0
3
0
0
679
1
4375
11
0
6
54
92
5
0
45
2
0
5
0
94
22
1479
0
4
0
8
35
1
2
4
0
1
0
0
17066
61
24
0
1
11
12
0
0
1
0
1
0
0
0
0
5
0
0
0
1
4
9
2
0
5
4528
0
13358
15
0
5517
1
1
30
22
2
19
0
0
19
99
0
0
7419
1
0
0
10
0
47
0
0
21
0
235
0
21
14
33
15356
0
6
1
37
4
1
0
0
0
0
4
0
45
0
0
0
0
4
731
1
5
229
0
12
481
44
5
19
3
0
55
0
0
0
0
0
0
0
5302
0
0
0
0
40509
0
0
0
0
0
0
0
0
0
0
0
0
0
0
1
0
0
0
1
0
0
0
0
0
132
1
0
7
0
0
0
6
0
3
0
0
0
0
0
0
0
0
0
0
0
0
0
30
0
0
17
11
1
3
2
10710
0
4173
0
13212
0
1
0
0
0
0
0
40
0
0
0
87
0
0
0
0
0
0
0
0
14
2
0
6
95
0
6
0
3
0
7
1
0
2
0
36
0
0
10773
0
0
6864
0
0
10
83
1
16
1
16
0
0
50
0
0
31
1836
0
1
8
0
0
0
74
8
111
0
100
0
50
1
0
0
0
0
0
0
0
5
1
5
0
3
0
0
0
0
0
0
0
0
0
0
0
0
54
6
0
0
0
0
0
0
0
11
0
6
4
0
1
0
0
86
0
0
1
0
7
0
0
0
2
0
0
0
0
21217
0
3
2
0
1
4
0
0
12499
10
1
0
6
0
0
0
1
0
0
0
0
3
30
0
1
6
6
14277
0
0
0
393
0
0
8
10
2
3580
3
1
0
12107
1
7
1
0
1
5
0
37
0
0
0
0
0
0
0
0
17
19912
0
0
0
0
0
0
16
2
2
0
32
4
43
0
1825
0
2124
0
0
0
0
0
0
0
0
1
14
0
0
0
0
0
4
0
1
12
48
420
1
15
1
1
0
18
2545
4
0
0
0
7056
3
16
0
455
0
0
9
15
33
6
2
6
4
4
0
54
0
1
8
43
0
7
0
0
30
13
1
2
0
0
5
4
1
0
1
6
52
78
5
6
0
10732
0
0
0
0
0
0
0
22
1
5353
5
0
0
38
3
0
50
15
15
10
4
5498
25
0
0
1
21
184
97360
22
6340
5
0
2
0
12
0
0
0
0
0
8
0
0
0
2703
0
0
0
0
0
13
0
0
1
210
10
2
0
0
0
0
0
0
0
0
0
24
0
0
716
1
0
0
0
0
0
0
0
26
0
0
1
12
5
0
0
1
17240
35888
0
46
52
4
0
3
4420
33
0
7
0
1
0
1
0
0
6
0
28
20
50475
0
0
0
9218
3
1
6
0
0
7
0
1
1
0
2
0
37565
4
0
13
0
0
0
0
0
0
0
0
8
0
8
2
0
3
0
0
0
0
0
13
0
0
35
0
3017
0
0
0
0
1
0
13
0
0
0
0
0
48
22161
0
0
0
0
0
0
0
0
0
0
0
0
1
0
1
0
1
731
666
5
0
1
0
0
42784
0
1
0
0
0
1
2468
0
0
10
0
4
0
1
3
1
9
0
0
2
3
112
5
2
5
0
2
0
0
109
0
0
10
199
1
0
0
0
0
1
0
234
0
1
0
2
0
2
26
1
50078
0
18714
825
0
0
0
0
0
0
0
34
0
0
547066
59909
0
0
0
0
0
0
1
1
7
0
0
16
2
0
22
0
0
26
10
3
3
8690
0
0
0
0
0
0
0
0
0
0
0
0
3
0
6
1
117
5
0
0
12
0
17137
0
0
0
0
0
0
0
0
0
0
0
0
0
0
0
0
0
86
0
0
0
0
0
0
0
0
11
0
0
0
0
0
0
0
0
1
0
36
0
7
0
0
0
0
0
0
0
0
0
0
0
0
0
0
0
0
0
0
0
0
0
0
0
0
0
0
0
0
0
0
0
0
0
0
0
0
0
7
0
0
0
0
0
0
0
0
29
0
0
0
0
0
0
0
0
0
2
0
0
0
0
0
0
0
0
0
0
0
0
0
0
0
0
0
0
30
1
0
12
0
0
3
0
0
0
0
0
0
0
0
0
0
0
0
0
0
0
0
0
0
0
0
0
0
0
0
0
0
10
0
0
0
1
0
1
1
36
0
0
0
6
3
0
0
0
15
0
0
0
0
0
0
0
2
0
0
0
0
0
0
0
0
0
3
0
0
0
7
0
0
0
0
0
1
0
0
0
9
0
0
23
0
0
0
2
0
0
0
0
0
2
0
0
0
0
0
0
0
0
0
0
14
6
0
0
0
0
0
5
0
0
0
0
0
0
0
0
0
0
0
0
0
0
0
0
0
0
0
0
0
0
6
0
0
1
0
0
3
0
0
0
0
0
0
0
0
0
0
0
0
3
0
0
0
0
0
0
0
0
0
0
0
0
0
0
0
0
0
1
0
0
0
0
0
0
0
0
1
0
0
0
0
0
0
0
0
7
0
0
0
0
0
0
1
0
0
0
0
0
0
0
0
0
0
0
0
0
0
0
0
0
0
0
0
0
0
0
0
0
2
0
0
0
0
0
0
0
0
0
0
0
0
0
0
0
0
0
0
0
341
0
0
0
0
0
0
0
0
0
0
0
0
0
0
0
0
0
6
1
0
5
0
0
0
0
5
0
0
0
0
50
0
0
4
0
1
0
0
0
0
0
0
3
0
0
4
9
0
10
0
20
0
0
0
0
2
0
0
8
0
0
0
0
0
0
0
0
0
0
0
0
0
8
0
0
0
0
0
0
0
0
15
1
0
0
0
0
0
0
0
2
0
0
511
0
0
0
2
0
1
0
55
0
0
0
0
0
123
0
0
0
0
0
0
1
0
0
0
0
0
2
2
0
0
1
0
0
0
0
0
1
0
0
0
0
0
0
0
0
0
0
0
0
0
0
0
0
0
0
0
154
3
0
1
0
6
0
0
0
0
0
0
0
0
0
0
0
0
0
1
934
0
0
0
0
0
0
1
0
3
0
0
0
0
0
0
0
0
3
0
71
0
0
135
0
0
0
0
0
0
4
0
32
0
10
0
0
0
7
0
0
0
1
0
52956
0
0
0
0
4
0
0
170
0
3
21
0
34
0
0
0
21
1
0
0
1
1
10
0
0
0
74
394
0
0
0
0
0
0
0
1
0
36
4
0
0
0
0
0
0
4
334165
0
2609
1
0
0
19
0
0
0
0
0
0
0
0
0
0
0
0
0
0
9
0
0
0
0
3
0
0
0
2
0
0
1
1
0
0
0
1
0
0
2
0
0
0
1
1
0
0
34
0
1
0
0
0
0
0
0
0
7
0
0
8
0
0
0
0
0
0
0
345
0
5668
0
0
3
413
0
1953
0
0
0
0
0
17
0
0
0
0
0
2808
0
0
0
148
0
0
0
0
0
0
8
0
0
1883
0
0
1
1
6
28
14
13587
20
10830
15
0
0
0
0
0
0
0
0
0
0
2
0
0
1
0
16
1
0
1
0
12
0
0
0
0
0
0
0
0
0
0
0
0
0
0
0
0
0
0
0
1
5
0
1
0
0
0
0
0
2
6
0
397
1
1
0
18
0
19
0
56
125
2
1
7
0
1
16
29
7
0
0
1
0
3
1
0
18837
1
0
0
1
0
0
0
1
0
24
0
2
0
0
0
0
0
0
0
0
3
6
0
357
24575
1
10
0
0
0
0
0
0
1
0
2
0
29
3
9
0
1
3
0
0
10
0
4
8
1
4870
0
0
44
24
0
0
237
76
0
0
0
0
0
0
0
8
0
0
0
0
0
0
4
14
241
0
0
0
0
0
0
0
0
94
0
0
0
0
0
0
0
0
0
3
0
0
0
0
0
2
0
0
0
0
0
0
0
0
0
0
0
0
0
0
0
0
0
0
0
0
0
203
52
0
6141
17
4
0
6
20
0
4
0
0
1
0
0
0
0
0
0
19
0
0
2
0
66
0
31373
0
16
13065
0
3
0
0
0
1
1
386
0
93
18
0
0
0
208
0
2
18300
0
0
0
0
1
0
5522
0
2
0
0
0
151
0
0
0
2
0
0
0
0
1370
1
0
348
2
0
3
3
15250
14
0
0
5
0
11618
0
2
280
0
0
0
17383
0
3
2
0
0
547
0
0
0
0
0
0
2
0
0
0
0
1
0
0
0
0
24
2
0
0
0
14
10334
0
2
0
3
0
9993
0
0
29935
0
7
0
0
0
2
0
0
146
2
0
0
0
0
0
244
1
0
1
1
0
0
0
4
13
12
0
23166
4
0
0
74
15
6
0
8
0
0
0
0
0
0
1173
5892
0
20934
277807
0
1
1
254
3
0
0
0
60
0
0
3
0
22
0
5
21
0
0
0
0
0
4
0
0
4
12
58
0
2
103
0
0
13
0
0
0
0
0
0
3
0
0
0
74
9
0
2
68589
1
2
70
4
0
0
0
0
0
0
0
0
0
0
0
0
0
0
0
0
0
0
0
0
0
5
0
0
8260
0
883
29
0
0
0
0
0
0
0
11
0
0
0
0
0
0
8138
15
0
0
0
0
0
0
0
0
0
0
0
0
10
0
0
0
2
0
0
0
0
0
0
0
0
0
0
0
0
0
0
0
0
0
0
0
0
0
0
0
0
0
0
0
0
0
0
1
0
0
0
0
0
4314
0
46
5
0
0
47559
337351
0
1
0
0
7
0
251
0
5
12
0
0
0
0
4
0
0
0
9
0
0
2
0
0
34
0
0
0
0
0
12
0
0
0
0
4
0
0
0
0
1
0
0
22661
0
18
0
0
10
0
1
2
0
0
2
1
4
4
0
4
0
0
1
0
0
492
26
0
0
17
0
10
95570
1
4
0
0
4
12
0
0
0
275
2
0
8
0
0
6678
2
0
0
10480
670
0
0
1
1
39
0
0
0
0
19
0
0
0
8
0
0
21
0
4
4
0
1
0
0
0
8
49
0
31
1
5124
0
1
0
5
0
0
0
1
0
0
0
229
258
0
0
2
7
0
0
0
1
811
1
0
12
0
0
0
3
3
0
0
0
0
0
0
0
0
0
2
0
0
1
0
0
0
5
0
25579
0
0
0
47433
6
0
0
0
0
1
0
38
1
0
1
0
0
0
14
13
0
0
0
17
225
0
1359
15
0
5
2
2
0
0
18
0
3
0
0
0
0
7
1
2
3
0
0
1
0
0
1
8
5
0
0
27
8
0
1
0
0
0
0
0
0
0
0
0
0
30
0
5
0
0
1
0
0
0
0
0
0
0
3
0
0
1
0
0
0
1
612
4
0
0
12
0
0
0
0
8
0
0
0
0
0
0
0
14
0
0
0
0
0
5
7
0
1
0
302
0
28892
0
0
0
2418
0
0
3186
0
0
19
16
0
94
0
0
0
0
0
0
3
16
0
1452
0
0
0
0
0
0
0
0
0
0
0
0
1
0
0
0
0
0
8
0
0
0
1
522
0
0
2
0
13213
0
0
0
0
7
11712
650
0
1
0
0
327
4
0
0
1
3
6
0
17493
1
0
8
1
0
5
0
0
307
0
0
0
0
0
0
1
0
0
0
0
1
0
0
7804
0
0
1
0
2
44
37
7
0
260
0
2
0
706
0
0
0
63
2
3
0
0
1
24
210
0
1
409
0
0
14193
0
15
5
0
0
0
294
0
0
0
0
1
3720
0
0
271
0
0
0
0
2994
0
0
0
0
0
13
0
0
0
0
0
0
1
0
146
2
0
0
0
0
247
0
0
0
2
1
11
0
3
0
1
2
12211
15
0
3
0
0
2
4
0
0
13
0
0
1
0
8
0
0
1
0
0
0
5
0
148
0
0
0
50
0
1
0
0
1
5
0
0
2
2
1
0
5
0
0
3
0
0
2
0
4
0
5
0
0
20525
38
145
147
0
0
0
1
0
0
0
0
0
9
2
0
6
2
0
0
0
0
0
2
0
0
0
0
11642
0
0
0
0
0
0
0
0
3
5
0
0
0
631
0
0
0
0
0
0
119
0
2
0
12
0
0
0
0
0
0
2
15487
3
1
329
0
0
7
2
3601
9
10785
0
0
0
1
0
0
0
0
0
0
6
0
0
0
0
0
9
0
0
0
0
0
0
0
0
0
0
0
0
0
0
0
0
0
0
0
0
4
0
0
0
27
0
0
0
3
10
0
0
13
0
0
0
1
0
3
2
0
0
22667
0
0
0
23
1
4
0
0
0
0
0
0
0
0
0
2
0
2
8
0
0
8
1
0
0
5440
0
5608
2
0
0
0
0
0
0
0
0
0
2328
0
11
113
0
0
3
197948
0
0
0
0
0
0
0
1
0
14
0
0
4
0
0
0
0
0
0
0
1
55
0
0
196
0
0
0
2
0
30621
0
0
0
2
0
1
9
0
2
0
0
0
2
0
0
0
0
0
0
0
0
0
0
1
0
0
6
0
0
0
0
0
0
0
0
0
0
1
0
4
0
0
0
0
0
0
1
0
10489
37906
2
0
0
1
0
0
0
0
0
0
0
0
0
5
0
0
0
1
0
0
0
1
0
3
14
0
426
0
0
0
0
4
14
0
0
0
0
1
0
0
0
0
0
0
0
0
0
0
0
0
1
0
0
0
0
0
0
0
0
0
0
0
0
0
0
0
0
0
0
0
0
0
0
0
0
0
0
0
0
0
29
0
0
0
0
0
0
0
18
34276
1
0
2
0
9
21
1547
0
2
1
0
0
0
0
20346
0
0
0
4791
0
0
0
0
0
3
0
0
9
0
317328
0
0
5
1
0
0
0
6
8
0
0
0
0
0
0
0
20167
0
3
0
14045
0
11
0
0
10
0
24
2
73
10
1
0
1
0
13
0
101
3
1
33691
0
0
0
0
1
1
54077
0
334
0
0
0
0
0
0
0
0
0
0
0
0
0
0
0
0
57
0
0
4765
164
0
0
2
0
0
1
41
3
77
0
3
0
0
0
0
0
0
0
4
0
0
0
0
0
0
0
0
0
0
0
0
0
0
0
6212
3
1
0
0
0
0
0
0
0
0
0
0
0
0
0
0
0
1086
0
0
2
0
3
37
11
0
0
0
1
1
8233
44
0
9
0
0
0
1
0
0
0
0
0
0
4
851
0
1
448
0
4662
0
0
853
0
0
1
0
0
0
0
3
0
5008
0
27226
31
0
0
400
0
3
0
12
0
2
0
1
0
1
1
0
29349
1
0
0
0
0
0
39302
0
3813
1
0
0
0
0
0
5
2
0
0
0
7
0
0
1
3
0
0
0
0
0
0
0
0
0
0
0
0
0
0
1
0
0
4
1
0
0
0
0
0
1
1
0
2
0
0
0
2536
0
12668
4
0
38500
0
0
0
2
0
0
0
0
0
0
0
0
0
0
0
0
0
1
33130
0
22
0
19747
0
0
0
16344
711
0
0
0
0
0
1
0
2
3118
0
0
0
0
0
255
0
0
370577
198
0
0
0
0
0
0
0
0
0
0
0
0
0
0
0
0
0
3
0
0
0
0
0
0
0
0
0
0
0
3
0
0
1
0
0
0
0
0
0
0
0
0
0
0
0
0
0
0
86
0
0
0
0
0
16159
22364
67
0
0
0
0
0
0
0
0
0
179140
0
0
1081
0
388
0
0
7071
0
0
5
0
18
1
0
0
0
0
0
0
0
1
1
0
0
0
54661
2
0
0
0
3
0
0
0
5
0
5
0
0
0
0
0
0
0
0
4
0
0
0
31
89
12
0
6
4
0
0
0
0
0
0
0
1
0
0
0
3
0
0
13
0
1
90
0
0
0
0
0
0
0
0
0
0
0
0
0
0
0
0
0
0
0
0
0
0
5
0
0
0
0
0
0
1
0
0
0
2
0
0
0
4
2
0
8
0
0
0
0
0
0
0
1
0
2
0
0
0
0
0
0
0
1
0
0
3
1
0
7
0
0
0
0
0
0
0
0
1
0
0
0
3
0
0
0
6
0
0
5
0
0
0
28
0
0
0
0
0
0
0
0
0
0
0
0
0
0
0
0
0
0
4
0
0
0
0
0
0
0
0
0
31
2
0
0
0
0
0
0
0
0
0
4
0
0
0
0
0
0
0
0
0
0
0
11
1
0
0
0
0
0
0
0
0
0
0
0
0
0
0
0
0
0
0
0
0
0
0
67
0
0
0
0
0
0
0
0
0
0
0
0
0
0
71
0
0
0
0
0
0
0
0
0
0
0
0
0
0
0
0
0
0
0
5
0
0
0
0
0
0
0
0
0
0
0
0
0
0
0
0
0
4
0
0
0
0
2
0
0
0
0
0
0
0
0
0
0
0
0
0
0
0
0
0
0
0
0
0
0
0
0
0
0
0
0
0
0
1
0
2
0
0
0
0
0
0
0
0
0
0
0
0
0
0
0
0
0
0
0
0
0
0
0
0
0
0
0
0
0
0
0
0
0
0
0
8
0
0
0
0
0
0
0
13
0
0
0
0
0
0
0
0
0
0
0
0
14
0
0
0
0
0
11
1
0
0
1
0
0
0
0
0
0
0
0
0
0
0
1
0
0
0
0
0
0
0
0
0
0
0
1276
0
0
0
0
0
1
0
0
0
1
0
0
0
21
0
0
0
0
0
2
0
0
0
0
0
0
0
0
0
0
0
29
0
0
0
0
0
22
0
0
0
0
0
0
3
0
0
0
0
0
0
0
0
2
0
0
0
0
0
0
0
0
0
0
0
0
0
0
0
2
0
0
0
1
0
0
0
1
0
2
0
0
0
0
1
0
0
0
0
0
4
0
0
22
0
0
0
0
0
0
0
0
149
0
0
2
0
0
0
0
3
3
0
0
0
0
0
0
0
0
0
0
14
0
0
2
0
54
0
0
0
56
33
5
0
0
0
0
0
0
0
11
0
0
0
1
18
0
0
0
1
0
0
0
0
0
0
0
2
0
0
0
0
0
0
0
0
0
0
0
0
0
0
0
0
0
10
0
4
0
0
0
0
0
0
10
0
0
0
13
0
0
0
0
1
0
0
0
0
0
0
0
0
28
0
0
0
0
2
0
0
0
0
1
0
2
0
0
0
0
0
0
1
0
0
0
0
7
0
0
0
0
0
0
0
0
0
0
0
0
0
0
0
0
0
0
22
0
0
0
0
0
0
0
0
0
0
0
0
0
0
0
0
0
0
0
0
1
0
0
0
0
0
0
0
0
0
0
0
0
0
0
0
0
0
0
0
0
0
0
0
0
0
0
0
0
0
0
0
0
0
0
0
0
5
0
1
0
4
0
0
0
0
0
0
0
0
0
0
123
0
5
0
0
0
0
4
0
6
1
0
0
0
0
0
0
4
0
102
7
1
8
6
1
0
1
0
0
32
0
0
0
10
1
0
9
0
0
14
0
3
0
0
0
0
2
0
3
10
11
1
0
0
0
2
33
85
0
0
2
0
0
0
0
2
0
0
0
0
1
0
0
0
1
0
2
25330
0
3
6691
0
0
0
5
5
2
8279
0
1
0
6067
7806
13
214
0
5
2
0
0
34
0
0
0
25
0
1
9
6808
0
56
9768
2
0
9817
0
0
0
159179
18311
4
1
1
0
0
10446
0
2
2
0
5
0
12
0
0
1
6
0
5
39
0
90381
1
106
101741
56
0
0
0
0
10
0
3
12771
1
0
0
0
0
0
1
5
0
0
0
0
50
0
2
0
153
0
6
2
1
0
10
19
0
0
1
8595
4
28
11866
0
0
10
27
43
1
0
0
0
65
0
0
0
14222
0
0
11960
23407
0
2
2604
1
5
23
0
0
0
6357
0
32
0
0
58
521
1
0
12
26031
667
11
4673
0
0
5
0
0
0
0
0
2
19
0
0
0
0
0
0
0
0
6
28
0
0
0
6
0
0
0
0
0
0
0
0
0
0
1
2
0
0
0
0
0
0
0
0
47
0
0
0
0
0
0
3
0
0
0
4
0
0
0
0
1
0
0
0
0
1
0
0
0
0
0
8
0
0
0
2
73
0
9
3
4
0
1
11
0
2490
4
5
1
399
0
2
0
0
327
0
798
63
2500
0
2
379
0
0
0
0
3
3
1
0
0
3
0
2
0
0
10
0
0
214
1
47
1
14
6934
4
0
0
0
0
11
0
720
4
0
133
0
104
0
34690
0
0
6
0
0
0
0
26
10196
10673
0
0
71
0
0
2
7528
0
13
0
0
4
0
32
477
2
2
0
1997
1234
9
0
3
0
0
3933
9
10
7
36454
3
4
0
4
0
34
0
0
0
0
0
0
0
0
34
0
7
0
0
6
3317
0
1
25798
0
5
27
21
10
0
3
0
0
181
0
0
1806
9
0
0
0
0
0
0
0
106
193
46
0
2
0
575
1067
0
10
15367
2
0
1
0
1
45
0
0
0
0
9
19
0
0
0
9
4
0
11107
4224
36
54620
0
15
0
0
0
17785
0
1
0
0
0
0
0
10
114
871
0
32
0
8299
1
0
3
2
0
6
9
0
0
0
0
21
0
2
3
0
0
0
0
0
0
0
4
105
0
2
0
0
0
275
2
1
1
0
3
0
0
0
0
0
0
0
0
0
0
0
0
1
0
8590
13
2
1
2196
3
28
0
1
0
0
5
246
0
0
4
0
0
7
0
0
21
19
0
0
0
4
0
0
1
0
0
2
10
19
4266
22
3
21
0
0
0
50
0
120982
0
1
0
0
0
106
2202
1
0
0
1
0
0
5
0
4
9955
0
7
0
301
34
0
0
0
325
0
6690
0
20469
0
0
0
443
75
0
6632
6
74
0
38
4
2
0
0
0
2
5
0
1
60
0
0
2
9
65
0
0
0
28961
1
0
4
2
0
0
0
0
27
0
35
0
0
0
7877
0
0
12858
0
47
2
0
0
0
0
4
5
7
3
0
0
0
0
0
6
0
0
0
0
0
1
29144
0
5
1894
2
45
0
1
0
0
55
3
1
0
0
1
0
3
0
5
1
0
0
0
0
18
1729
0
3
0
71
0
1
1
4
0
36572
0
0
0
2
0
2
0
0
2
39270
0
1
6
0
0
0
0
26
0
5
21
1130
25346
13851
0
0
2
0
1
1
0
6343
0
11
0
5
91
19
0
24
1
4
39
298
0
0
0
0
0
118
0
0
2
12
0
0
0
0
1
1
0
11338
27293
0
0
0
289
0
0
20
1
0
0
0
1
0
12
0
0
0
0
0
0
0
0
0
1
1
0
0
4102
4
0
72222
0
1
1
0
7
0
53
0
0
0
0
0
0
0
0
0
0
0
2
0
4
0
942
88
15428
0
43
75
0
0
0
0
0
1
0
0
0
0
8444
19620
0
51
0
0
53
7
0
3
0
10
17
0
10025
0
0
2
1
0
1
0
2
44
11667
1
0
0
2968147
0
1
0
0
4375
0
0
0
0
9503
13
32
0
3
0
0
0
0
24
7
0
0
0
0
0
0
3
0
0
1
10
0
0
33
0
0
2
5
0
0
0
28
380
0
0
1
8
20794
0
0
0
4
6
0
1
4
1
254
2691
0
0
0
0
1276
0
1
0
0
0
0
1
0
58200
0
0
1
9
10
8
0
0
0
0
1
0
6
0
79228
0
1
2050
0
0
193
0
31
20
0
0
0
0
0
0
5
0
0
0
8
0
0
1
0
0
6
0
6
0
0
11
0
0
0
0
0
0
1
22895
152
1
0
3
1
89
25980
0
11
0
5529
0
5
13
0
0
0
0
1
0
0
12
0
0
0
14
0
0
0
0
0
0
5
0
0
0
0
0
0
0
0
0
6
0
0
0
0
0
0
0
0
0
0
0
0
0
0
0
0
0
0
0
5
0
0
0
1
0
0
0
0
0
0
6
0
3
0
0
0
0
0
0
0
0
0
0
0
0
0
0
0
8
1
0
1
14
0
0
0
0
8
3
8
5
0
0
0
0
0
0
0
0
3
0
0
2
0
0
0
1
0
0
0
0
0
4
7
0
0
0
0
0
0
4
1
0
0
0
1
0
0
0
0
0
0
0
0
0
2
0
0
0
0
0
27
0
0
0
0
0
6
0
0
0
0
0
1
0
0
0
0
0
0
0
0
0
0
0
0
0
2
0
0
0
0
0
0
0
0
0
0
0
0
0
0
0
0
0
0
0
0
0
1
0
0
0
0
0
0
1
0
0
0
0
0
0
0
0
0
0
0
7
1
0
0
0
0
0
0
0
0
0
0
3
0
0
0
0
0
0
0
0
10
0
0
0
0
0
24
5
0
0
0
0
0
0
0
0
0
0
0
5
0
0
0
1
0
0
0
0
0
0
1
0
0
0
0
0
0
0
0
0
0
0
0
0
0
0
0
0
0
0
0
0
0
0
0
0
0
0
0
0
0
0
0
0
7
0
0
0
0
27
0
0
4
0
0
0
1
0
0
0
0
0
0
0
43
0
65
0
0
4
0
2
0
0
0
0
0
0
0
5
0
0
0
0
3
0
0
0
0
0
0
0
0
0
0
0
0
0
2
0
19
10
0
0
0
0
0
0
0
0
0
0
0
0
0
5
0
0
0
0
0
0
0
0
0
0
0
5
0
1
0
0
0
0
0
0
0
0
0
0
0
0
0
0
0
0
0
0
0
0
0
0
0
0
0
0
0
1
0
0
0
0
0
0
0
0
3
0
2
0
0
0
0
0
0
0
0
0
0
0
0
0
0
0
0
0
3
5
0
0
0
0
0
81
2
0
0
0
0
0
0
8
0
0
0
0
0
0
0
0
16
0
0
0
2
0
0
0
0
0
0
0
0
0
0
0
0
2
0
2
0
0
0
0
0
0
0
0
0
0
0
0
0
0
0
0
0
0
0
0
0
0
0
1
0
1
0
0
0
2
0
0
0
0
0
0
0
0
0
0
0
0
0
0
0
0
0
0
0
0
0
2
0
0
0
0
0
0
0
0
0
2
0
0
0
0
0
0
0
0
0
0
0
0
1
0
0
0
0
0
0
0
0
0
0
0
0
0
0
0
0
0
0
0
0
0
0
0
0
0
0
0
0
0
0
1
0
0
2
0
0
0
0
0
0
0
0
0
0
0
0
0
0
0
0
0
0
1
0
0
4
0
0
0
0
0
0
0
0
0
0
0
0
0
0
0
0
0
0
0
0
0
0
2
12
0
4
0
0
0
0
3
0
3
0
4
794
55
10
2
1
1
680
51
0
72
0
0
39
0
1
1
0
0
4
46
6
0
0
0
0
0
19542
177
1207
3
2
50
0
0
24
3
1
1
2
5
4
88822
0
1
0
0
0
0
13
847
2
0
0
0
0
0
0
0
0
4
24
3
0
2
1
4
0
25
2
316
0
0
0
1
0
6
13
26
1
0
0
8
1
1
1
0
2
29960
0
1
0
0
0
9
18
2
1
0
0
0
2
0
0
0
0
3
0
0
0
18
0
0
11
0
10
4
2
79
0
0
15
1
48
0
35
0
4
6
0
0
0
7634
0
8
0
41283
0
11145
43665
0
28
3
10
0
0
0
0
0
1
0
26
0
45
137
2
36141
0
0
0
0
0
1
0
0
3
0
0
13
0
569
0
0
0
614
0
0
0
0
6
0
0
7
0
0
2
335
0
0
0
0
76130
56
0
5
0
0
0
47
3
0
1
0
0
8903
0
0
4
0
0
0
0
58092
0
18
0
0
42
0
0
0
0
0
0
25
0
3
0
0
2
0
0
0
0
0
0
0
0
1
1
0
0
0
0
0
0
0
2
16
0
5
0
0
0
0
0
0
38563
0
0
0
0
0
0
0
0
0
1
0
1
0
0
48
0
1
0
0
13
0
0
6
0
0
0
0
0
0
284
0
0
0
0
0
88
1184
2
0
8
0
18575
299
0
1
0
0
0
0
0
0
1
18368
0
5
1
3
0
352
0
0
20006
0
4
22894
0
14
0
0
0
0
0
28
0
4
0
1
0
2
0
0
3
0
0
5
0
0
22
3
0
0
0
0
155
0
0
3
2
0
7
0
0
0
0
0
1
2
0
24
23710
0
9
127
0
47
0
0
1
0
6
17
0
1
21532
7
0
79
0
0
9
0
6
0
0
0
11
0
8
0
23
0
2
0
0
0
0
11
0
0
0
0
0
26
0
0
7
1027
0
0
0
2
1
0
121
0
0
0
0
0
0
1
0
0
0
1666
0
0
8
0
5
0
0
0
0
0
1
0
0
0
0
0
0
0
0
0
5
0
0
0
0
0
0
1
0
0
13
0
0
1
0
5
0
0
44
1
1
0
0
8
10
0
0
10
115526
3
0
0
0
59
0
0
6
0
0
3
0
0
0
0
0
118553
0
0
0
0
6
1
40773
24
25
6
1
0
233787
0
9
0
3560
0
19
1624
1
3
3
0
4846
0
18
0
0
0
0
3466
74562
0
3
0
0
0
927
1
1
0
0
0
0
55
0
0
21
1
0
0
334
19
0
21
0
0
14965
1
0
0
1
13
0
8
2
0
0
16
1
0
0
0
1
0
0
0
17491
0
0
0
0
0
0
0
0
52
0
0
0
6
0
8
0
26567
0
3
0
0
0
111
0
0
0
0
32
0
0
0
42
0
1
0
2
0
0
3
0
0
0
0
0
13
637
20981
1
15886
11229
0
0
0
1
0
15320
15
27
0
1
0
0
4
23
38
0
33
9
4
3
0
24
21
5
1
21
0
0
0
11
0
21
12
3340
0
0
0
31576
12788
1
13
2
12
0
0
0
0
0
20
0
0
3104
5022
0
0
22
13
1
0
0
12
16
0
0
0
0
319
1
0
3
0
1
0
0
0
0
5
13360
0
1
7
347
0
12
27112
314
0
22
3
483
0
1
7
0
9
3
0
0
7844
0
0
3584
6005
0
34
0
0
15
0
0
0
0
0
0
10
0
14
26
18
17287
1
31
24
0
27768
9
0
0
0
0
0
0
2
0
0
5110
0
0
46175
0
21
3
0
1
3
2
0
7
1
0
1
0
0
3
2
0
0
25
0
1
0
0
2
27375
4
13
7
0
1
8689
1
0
0
0
0
11
6
20
0
7
3
3
0
1
15
0
26
9
19
23789
3
7
16
13
36
0
11
555
0
0
20
139
3
372142
0
0
1
0
17
0
43
12
0
5
30
1
2
15
13
909
6
2
29
1
5
1
0
49
8
0
5
0
59
1
8
68417
27575
1
0
0
0
0
0
1
0
5927
0
5
0
23
21117
6
5
25
0
0
357
0
0
0
0
0
30
460
38
0
0
0
2
0
2
0
0
2
1
1
21
1
2246
6232
4
2
0
2
1
0
20208
0
8
1
0
0
0
1
1
0
0
0
0
0
0
0
0
1
0
0
0
36
42
0
0
26
0
0
20
0
0
0
0
0
0
0
0
0
0
0
0
0
0
7
672
0
2
0
164
0
10
1
34
0
48
33
0
73
0
0
0
0
0
0
0
0
1
0
0
427
7
26
17
0
0
0
51639
2
0
38
1446
1418
18
1
0
0
0
0
0
1
0
0
0
0
11
0
46
316
0
0
0
0
1
0
0
0
0
0
0
0
2
1
0
0
0
0
3
0
0
0
0
0
0
0
0
0
0
0
0
0
0
0
0
0
0
0
0
0
0
0
0
0
0
0
0
0
0
0
0
0
0
0
0
1
0
0
0
0
0
0
0
0
0
0
0
0
0
0
0
0
2
0
0
17
0
0
0
0
21357
0
21
0
0
5
13
2
5
80
0
0
0
0
0
0
0
0
52921
0
0
11597
0
0
0
0
0
0
1
0
2
5
0
0
38
0
0
8
1
39
0
0
30714
0
1
4
273
0
0
15
0
2
0
1
4
0
0
5
0
3
0
0
17619
12
8
2
0
1
0
0
0
0
84
0
0
0
0
25
0
0
64
0
0
0
0
0
0
0
0
0
5
0
35
1
26909
0
0
0
0
0
0
0
17
17
8
2
10
6
0
21
0
0
0
0
0
0
0
0
0
0
3
0
0
0
0
0
0
21
0
0
0
0
0
0
0
0
0
0
0
0
0
0
0
0
0
0
0
0
1
0
0
1
0
0
0
0
0
0
67
0
1
4
11
1
0
3
1
0
0
0
0
93
0
0
0
0
0
0
0
2
0
0
0
0
0
0
0
0
0
0
0
0
0
0
4
1
11
0
0
0
0
0
1
22
0
4
0
0
0
0
0
0
0
0
0
0
0
0
0
0
0
0
0
0
6
5
0
0
6
0
0
0
0
0
0
0
15
0
0
0
0
0
0
0
0
0
0
0
0
0
0
0
0
9
0
1
19
0
9
0
0
0
1
0
0
0
0
0
0
0
0
0
0
0
0
0
0
0
0
0
0
0
0
0
0
0
0
0
0
0
0
0
1
0
0
0
0
0
0
0
24
0
0
0
0
0
0
0
0
1
0
0
0
0
1
0
0
0
0
77
0
0
0
0
1
0
0
0
0
0
0
0
0
0
0
0
0
0
1
0
0
0
0
0
0
0
0
4
0
0
0
0
0
18
0
0
0
0
0
0
0
0
0
0
0
0
0
0
0
1
2
0
0
3
0
0
0
0
0
0
0
0
0
0
0
0
0
0
0
0
0
0
0
27
0
2
0
0
0
0
0
0
0
0
0
112
0
0
4
0
0
0
0
0
0
0
1
0
0
0
0
8
0
0
0
0
0
0
0
0
0
1
0
0
0
0
0
0
0
0
0
0
0
0
3
0
0
0
1
0
0
0
0
0
0
1
0
3
0
0
0
10
0
0
0
0
0
0
0
12
0
0
0
0
1
0
0
0
1
1
1
13
0
0
0
2
1
0
0
0
0
0
0
0
0
0
0
0
0
0
0
5
0
0
0
0
0
1
0
1
0
1
0
0
0
64
0
0
0
0
0
7
0
0
0
0
0
1
0
0
0
0
0
2
0
0
0
0
0
0
0
0
0
0
1
0
0
1
0
0
0
0
0
0
0
0
0
0
0
0
0
0
0
0
0
0
2
0
0
0
0
1
0
0
0
0
0
0
0
0
0
0
0
11
0
0
0
0
0
0
1
0
0
0
4
1
0
0
0
0
0
0
0
0
0
3
0
0
0
0
0
1
0
0
0
0
0
0
1
0
0
0
0
0
0
0
0
0
0
0
2
2
0
64
0
0
0
0
0
0
0
2
0
0
0
0
0
5
0
0
0
0
1
0
0
0
0
0
0
0
0
0
0
0
8
0
0
0
0
0
1
0
0
0
0
0
0
0
0
0
0
0
0
0
0
0
16
0
0
0
0
0
0
0
0
0
0
0
0
0
4
0
0
0
0
0
0
0
0
24
12
0
0
0
0
0
0
3
0
0
0
0
0
8
3
0
0
0
0
0
0
0
0
0
1
0
5
0
0
0
0
0
4
0
0
0
0
0
0
15
0
0
0
0
0
0
0
0
0
8
0
0
0
0
1
0
0
0
0
0
0
0
0
0
0
0
0
0
0
0
0
0
0
0
192
0
0
0
0
0
0
0
0
0
0
0
0
0
0
0
0
0
3
0
2
0
0
0
0
2
8
166
4
0
0
1
2
0
5
0
0
0
0
0
0
0
0
0
0
0
0
0
7
0
0
0
0
2723
12
1
0
0
1
0
7
16
0
0
0
0
39
0
1
39876
1
0
0
2
0
0
0
5
0
0
0
0
1
0
0
93
18914
0
0
1
7
7
0
0
0
1
0
0
0
0
0
0
4
0
0
0
0
5
38
0
0
0
0
0
14354
0
2
4
0
0
0
610308
0
0
0
0
0
0
0
0
0
11568
0
0
0
0
0
0
0
8544
0
2
11
0
592
0
3
0
2
0
2
0
2474
0
0
0
55680
0
1
1
2
0
0
0
12
199
0
6
2082
0
0
13
52
56
2
29
0
0
5
0
0
0
0
0
170
0
0
21
0
0
1433
2
1
93
0
0
12
0
0
30534
0
0
6
0
0
55
0
9503
3
3675
5
1
0
0
0
0
2
0
0
11096
0
0
5
0
0
2
0
0
0
11649
0
0
0
0
78
0
0
0
1
0
1
22
2
0
1
36
0
6
0
0
0
0
0
0
0
0
166
0
3
0
0
0
0
0
14
9
0
9
0
10
0
7
55057
0
1
0
0
0
0
0
0
6
0
0
2
106
0
0
0
0
0
0
2
0
0
12
0
0
3
1
20
4
140779
0
0
0
0
0
0
0
0
4955
942
0
5
0
2
0
0
7
6
0
0
0
0
46
18
0
0
0
5
0
0
0
0
0
0
1
0
0
0
14
0
0
0
0
1
0
122
0
0
0
0
50
0
52395
17629
23762
46
0
3
0
19
0
0
0
262
0
0
3
1
59
0
669
2062
0
0
1
0
0
0
267
10892
0
2
320
15
0
2
3
4
2
0
6
1
0
4
0
5
18
0
30
27
0
0
8
7
0
3
2
9
107
0
0
0
0
0
3
0
0
1
1
0
0
0
0
114
0
3
0
0
0
3
1
7
0
0
188
0
0
0
0
69
0
26
19147
0
17
0
0
0
3
0
0
0
0
2
14
3
0
0
155
0
0
0
0
0
0
0
0
0
5059
1
3
0
6959
3939
25
5
0
0
0
1
0
0
42
0
0
0
0
0
0
0
0
0
0
0
0
2
8
0
0
18
0
4
0
62
1
7
0
12
19
23
16105
1
0
0
0
0
8391
27302
0
2
0
0
0
13
19
21
0
0
6
0
1
0
0
0
0
0
0
0
0
27930
0
0
2
76
0
24178
23
0
0
1
2
1
5
10
0
245
0
0
0
0
0
0
0
0
0
0
0
9
0
0
0
0
23
519
3
1
0
5
0
7
22
6
147873
7
0
0
0
0
32
1
65
3
0
11561
33116
0
0
0
0
0
0
8294
3
2
12331
0
12
2
0
0
0
1
0
0
0
0
29
11
0
0
58
2
4
0
1
1
4
0
18
0
4
0
0
2
0
0
2
0
0
0
0
0
0
5
0
0
0
1
0
0
0
2
0
1
0
0
0
0
0
1
0
0
0
55
0
0
0
0
0
0
401
0
0
0
0
0
5
2
0
0
32
19
0
0
0
0
0
461
0
0
0
0
0
0
0
23
0
1
15
0
8
0
0
2
0
22
3
3
0
0
0
0
1
3
0
0
0
0
0
0
59
275
0
0
2
4
0
0
4
1
0
0
0
0
0
0
0
1
0
0
0
0
0
0
0
11
0
0
0
0
0
0
0
0
0
13478
0
1
0
0
0
0
0
2
1
52683
1
8
0
0
0
0
0
0
0
0
0
0
0
0
0
0
0
0
1
204
0
2
8
18
0
25
3
0
2
0
5
45062
0
0
16
0
0
0
2
3
0
0
32
0
0
6
0
0
5
7
11
0
0
13835
26
0
0
0
77
167
0
0
93
0
675
251
0
0
0
0
0
0
0
0
0
4
0
2
0
0
0
0
0
0
0
0
158944
6978
5
0
1
0
458
1
17645
0
0
0
0
0
0
0
0
0
2
0
462
0
0
0
0
0
0
0
0
0
0
39
0
3
0
39
0
0
0
0
0
0
2
0
0
0
0
0
0
260
0
0
0
1
0
0
0
0
0
1
4
1
0
0
1
13
0
3
1
102
0
0
0
4
14
0
0
0
4
0
0
0
0
0
8
0
1
2
0
0
3
0
0
0
3
1
0
0
0
1
0
0
0
0
0
2
39
0
0
0
0
15
12
0
13
0
0
10
0
0
0
0
0
0
12
0
0
0
0
0
0
0
0
0
2
0
0
0
0
0
0
0
0
0
0
0
0
0
0
0
0
0
0
0
0
0
0
0
0
0
0
0
0
0
2
0
3
11
0
0
0
0
0
0
0
0
3
0
0
1
0
1
0
0
0
0
0
20
0
0
0
0
0
0
0
0
0
13
0
0
0
18
0
0
5
1
0
18
12
16
20
0
0
0
0
1
0
1
0
0
0
3
0
0
0
0
42
0
0
0
0
0
0
0
0
0
0
0
0
0
0
0
0
0
0
0
0
0
0
0
4
0
0
0
0
0
0
0
0
0
0
0
0
0
0
0
0
0
0
0
0
0
0
0
0
19
0
0
1
0
167
0
0
0
0
0
0
0
0
0
0
0
0
0
6
1
0
0
0
1
0
0
0
10
2
4
0
0
5
0
7
0
0
0
22
0
0
0
0
0
0
0
36
0
0
0
0
0
12
0
0
0
0
0
0
0
5
0
0
5
0
0
0
0
0
0
0
0
1
2
0
10
7
0
2
0
0
0
0
0
2
0
0
0
4
0
0
0
0
11
0
0
0
0
0
4
0
0
4
0
0
1
0
0
1
8
0
0
0
0
0
6
0
11
8
41
3
0
0
45
17
1
0
0
0
0
0
7
0
0
0
26
0
0
5
3
1
0
4
0
0
1
10
2
0
3
46
0
1
42
129
0
4
0
17
0
0
0
0
0
0
0
0
0
0
0
0
0
0
0
1
0
0
0
0
0
0
0
0
0
0
0
0
0
0
0
0
0
0
0
0
0
0
0
0
0
0
0
0
0
0
0
0
0
0
0
0
0
0
0
1
0
0
0
0
0
0
0
0
0
0
0
0
0
0
0
0
0
0
0
0
0
0
0
0
0
0
0
0
0
0
0
0
0
0
0
0
0
0
0
0
0
0
0
0
0
0
0
0
0
0
0
0
0
0
0
0
0
0
0
0
0
0
0
0
0
0
0
0
0
0
0
0
0
0
0
0
0
0
0
0
0
0
0
0
0
0
0
0
0
0
0
0
0
0
0
0
0
0
0
0
0
0
0
0
0
0
0
0
0
0
0
0
0
0
0
0
0
0
0
0
0
0
0
0
0
0
0
0
0
0
0
0
0
0
0
0
0
0
0
0
0
0
0
0
0
0
0
0
0
0
0
0
0
0
0
0
0
0
0
0
0
0
0
0
0
0
0
0
0
0
0
0
0
0
0
0
0
0
0
0
0
0
0
0
0
0
0
0
0
0
0
0
0
0
0
0
0
0
0
0
0
0
0
0
0
0
0
0
0
0
0
0
0
0
0
0
0
0
0
0
0
0
0
0
0
0
0
0
0
0
0
0
0
0
0
0
0
0
0
0
0
0
0
0
0
0
0
0
0
0
0
0
0
0
0
0
0
0
0
0
0
0
0
0
0
0
0
0
0
0
0
0
0
0
0
0
0
0
0
0
0
0
0
0
0
0
0
0
0
0
0
0
0
0
0
0
0
0
0
0
0
0
0
0
0
0
0
0
0
0
0
0
0
0
0
0
0
0
0
0
0
0
0
0
1
0
0
0
0
0
0
0
0
0
0
0
0
0
0
0
0
0
0
0
0
0
0
0
0
0
0
0
0
0
0
0
0
0
0
0
0
0
0
0
0
0
0
0
0
0
0
0
0
0
2
4
0
1
0
0
0
0
0
0
0
0
0
0
0
0
0
0
0
0
0
0
0
0
0
0
0
0
0
0
0
0
0
0
0
0
0
0
0
0
0
0
0
0
0
0
0
0
0
0
0
0
0
0
0
0
0
0
0
0
0
0
0
0
0
0
0
0
0
0
0
0
0
0
0
0
0
0
0
0
0
0
0
0
0
0
0
0
0
0
0
0
0
0
0
0
0
0
0
0
0
0
0
0
0
0
0
0
0
0
0
0
0
0
0
0
0
0
0
0
0
0
0
0
0
0
0
0
0
0
0
0
0
0
0
0
0
0
0
0
0
0
0
0
0
0
0
0
0
0
0
0
0
0
0
0
0
0
0
0
0
0
0
0
0
0
0
0
0
0
0
1
0
1
0
0
0
0
0
0
0
0
0
0
0
0
0
0
0
0
0
0
0
0
0
0
0
0
1
0
0
0
0
0
0
0
0
0
0
0
0
0
0
0
0
0
