0
0
0
6
0
0
0
0
0
0
0
0
12
1
0
6
0
0
0
0
0
477
3
8
0
0
203
541
0
7
0
0
15
0
0
0
0
69
721
1188
0
54
0
572
4
2
98
366
1566
16
0
32
16
11748
3012
5949
0
0
0
0
0
0
8
60
127
0
1026
0
0
0
1353
241
4080
18
238
6652
223
1008
3027
0
2
0
0
0
0
0
80
0
0
6825
0
54
42
6664
25
25
1
0
146
0
0
84
1496
30
65
14
0
0
0
0
0
0
0
1
2
0
0
1
0
41
2
471
454
0
1
0
0
337
618
0
1504
147
147
3
0
0
0
0
0
0
0
0
12
0
0
1
0
0
0
0
0
27
1147
2
111062
0
7
177
0
0
0
53
0
0
1
0
182
7
854
0
358
5
87
183
799
0
0
0
3359
0
0
0
0
0
0
746
184
9
41
60
7433
4
0
2
1
0
0
3
1077
22
0
10399
11
17
0
8
2
0
0
17
5
0
0
0
157
4
676
8
22
1446
378
0
4939
152
9590
613
1206
0
0
1466
0
13
45
1
354
0
195
18
0
9
175
6
0
0
3410
2995
1
7
968
0
0
15
0
0
0
0
24
93
156
1136
5
99
1
0
65
214
8
0
0
1463
78
372
1612
75
574
1229
0
44
0
0
0
0
0
0
0
0
0
0
0
0
0
0
0
0
0
0
0
0
0
0
0
0
0
0
0
0
0
0
0
0
0
0
0
0
0
2788
3
0
0
0
3
0
31
0
0
0
20899
3
0
0
54
275
0
248
0
209
0
0
1296
0
0
0
0
0
0
3
727
377
0
0
0
1
0
0
4
0
0
0
15
1
126
91
0
1997
0
0
0
0
309
0
0
0
0
156
0
0
653
0
0
0
306
6371
68
0
0
0
0
1875
9
0
878
93
0
0
0
0
0
0
0
0
0
0
0
10
52
3201
10
104
549
1
557
14
7707
0
8246
3
1
1
616
0
0
315
0
0
0
0
0
0
3
21
0
0
0
0
2
0
0
0
0
92
10
0
619
216
0
2340
9
0
0
14265
2442
383
1
0
0
96
1
0
0
5341
9
5
0
0
2
26485
0
1
276
0
13
1
5
119
0
0
0
1623
0
30
0
0
0
10233
5
8
0
978
7
11
0
76
532
686624
269
13
260
117
102
155
339
1
0
6059
5810
0
0
0
0
7
0
0
0
58
276
2558
1
0
27040
0
481
99
0
0
0
0
10346
0
2750
0
4
6169
5
1593
470
43
58
0
127
0
20
122
0
2
0
0
873
54
0
0
0
15
0
0
0
2149
4
1
204
8194
3064
21182
49
59
0
554
1
3848
493
0
1308
13
274
0
0
226
45
8683
0
3
1
0
33
0
192
26
5214
217
0
0
0
16349
0
2
119
776
1
2687
0
979
2051
412
303
509
1
2
19
435
76
14764
12265
0
0
16
26
1516
167
1714
2124
1289
0
3
0
357
2588
0
0
3722
0
0
3440
148
0
0
0
0
0
0
0
0
0
0
17
2798
0
0
0
17
2705
0
639
4201
0
1
5
0
0
0
51
1
0
2
0
0
1
0
1
14687
0
0
2100
0
145
257
869
1334
0
2
0
196
2608
0
531
3977
186
0
1
100
279
0
0
1
5801
2295
3
0
41
1160
385
0
0
0
678
0
1152
18
6
0
76
0
0
0
172
0
11
0
0
0
0
36
0
0
0
0
0
0
0
0
33
14
92
570
0
11706
1906
0
791
8
296
4
7712
1
156
0
1511
310
0
550
0
0
26
2
1347
1024
5077
46
8
0
195
43
6
5546
3966
0
0
0
0
0
0
16
21
2608
392
1
2587
0
24
116
0
1
0
100
125
136
0
424
2918
571
2370
0
0
0
0
4
0
674
62
993
1
0
0
918
19858
8703
1
1
5390
0
1
0
0
2
1473
19
0
0
51
0
334
29
0
39
11289
837
324
0
0
1241
120
28795
0
71
46
10
18
0
0
293
12
0
0
546
0
0
0
482
0
0
153
0
0
0
0
61
0
0
0
0
1657
0
6
1792
166
3579
1
46361
0
152
32
2
0
1
551
196
16
11
29
19
0
0
3336
6
0
0
0
0
42
50
120
942
1
279
0
553
1
4
603
21
17
0
0
1
265
26
9997
0
2
0
0
0
0
1091
83
273
4
2980
47
6
704368
5
96
0
1
0
1910
108
2387
2
0
0
953
49
80
3
5
9248
9071
12560
7
1418
17
251
87
4
0
0
2
1
0
111
0
5
23
33902
32
84
0
0
0
0
936
24
649
0
0
1259
0
0
0
0
0
0
1
5
13
0
44
2340
0
0
0
0
0
0
0
0
0
0
0
0
0
934
1
341
0
0
1
0
0
0
0
0
1948
0
4
0
0
120
0
27
1
3968
0
2
2416
7110
0
0
0
789
0
0
0
1112
20
131
0
14
1085
3334
0
23
527
5
118
0
0
247
1930
3
0
1
0
83
7
966
0
8244
8
38
0
0
0
13
0
15
0
0
123
468
0
4934
39
0
8704
279
0
0
0
49
2337
715
0
0
0
0
9
0
4
1
192
0
10
0
39
21
0
0
0
0
0
0
1937
0
0
0
0
0
0
1
0
4
0
0
0
0
0
0
16
0
0
0
669
0
1145
5
0
0
0
0
1
12
0
0
0
260
0
658
16
0
0
0
0
71
0
0
1022
0
678
26
0
3677
563
0
0
908
0
0
0
0
0
0
0
0
549
765
247
181
1
0
0
0
33
20
17991
0
1
28
1
0
145
90
10
1332
0
0
0
1
0
41
0
9572
289
0
24
8
17262
0
133
0
0
0
319
0
11
0
0
0
0
0
0
0
0
26
0
409
16388
0
733
62
0
10
0
0
0
0
0
0
15401
15
1
0
0
0
0
10
42
1
0
0
0
0
5
0
0
296
3507
0
0
0
0
0
11
0
3129
700
4
0
0
0
41
0
0
0
0
564
1063
3
689
4276
697
0
1364
8186
39
4
0
2
991
4497
0
0
0
0
0
0
0
0
884
0
0
0
0
0
0
0
0
8
0
18
0
0
1276
5
0
0
2527
26856
42
1871
0
0
448
0
0
94
4
2
43
1185
351
32
1
0
0
0
0
0
372
78
0
1347
0
0
0
0
0
4797
0
2094
147
0
0
1
0
656
0
3
4514
1374
670
251
2169
25207
21094
0
8741
25
11676
0
10
50
126
46
0
0
112
0
1955
0
0
0
0
1006
2
31
132
0
16
0
156
0
0
1119
1388
11
2945
266092
138
3015
1874
1715
681
222
9
0
2537
302
0
0
101
0
0
817
5
0
1
77
3
41
0
1
0
0
178
0
0
0
0
0
0
0
0
0
548
5771
0
0
0
0
0
6
0
0
0
0
0
128
1323
4
87
0
11
0
1164
1339
12
143
19
1073
0
1911
0
0
0
3
14
0
555
282
11
53
65
22
0
0
0
0
0
0
0
4427
76
0
0
0
0
0
0
0
0
0
8
3605
14
314
3087
0
0
0
0
0
311
67
2317
0
0
4879
0
0
0
42
438
315
262
0
148
0
4
103
1364
0
28
2
2116
14595
0
70
118
3
0
0
3552
0
110
0
68
106
83
0
0
0
622
2
0
0
0
13
1278
230
0
0
0
0
0
0
0
2
3
14
233
9
0
6101
0
0
0
0
0
0
0
0
1885
0
911
0
1709
560
0
0
1114
1249
0
0
23
0
333
4283
4704
7
1
5498
5
0
0
731
0
0
0
0
189
1
0
375
5173
704
0
159
0
68
0
0
0
3
163
374
0
395
47
401
605
1
3262
0
14
167
22
16
619
0
2
0
3441
1316
33
0
509
18163
936
0
0
145
9
0
0
53
0
0
0
69
0
1
0
3137
4
0
0
1315
0
0
4014
0
9
293
0
1575
2
0
0
0
4835
0
1
643
1581
19
0
0
0
55
0
122
0
0
0
0
0
0
97
0
1
0
1596
0
600
1032
0
1009
1904
0
0
0
4
69
0
0
1
1
0
1
0
35
0
0
0
0
2
0
46
0
39
209
0
0
0
47
1
0
0
4
1317
119
7
153
1312
1361
71
36
152
14
0
20
12529
2
1
425
6
0
3603
114121
0
1
2494
28
29
0
0
0
971
0
206
48
222
920
0
135
130
0
0
0
0
0
46
0
5
292
0
0
0
0
0
0
0
5217
0
687
0
0
1
575
91
0
5806
0
3842
0
0
0
46
0
0
0
0
0
0
0
0
0
0
1
2
327
109
32
662
4315
6074
0
0
139
379
3
7497
2387
1182
223
15
2
2
75
3542
688
142
78
118117
22
903
0
998
332
0
0
9
49
83
1
80
769
5
414
0
27
4179
5
2
230
106
8700
104
32
149
0
177
0
148
2
18585
408
2
11
4030
0
0
0
0
0
765
48
18
0
101
3
0
0
4
0
4
3
739
14795
2
52784
0
0
0
0
1
2
0
0
0
0
0
0
0
0
0
0
0
0
0
0
0
0
0
0
0
0
0
0
0
0
0
0
0
0
0
0
0
0
0
0
0
0
0
0
0
0
0
0
0
0
0
0
248682
32508
456882
0
0
1
1
237730
58
155602
1
20
0
0
219
0
2
528
394
1880
0
724
0
0
1356
859
2
183
50
19
0
0
52
8970
0
331
896854
2
31987
0
380
2211
6190
0
435
1
289
0
0
0
1998
0
0
0
2210
3
207
0
662
14
0
155
107
1561
0
29
3
0
0
1186
14
0
0
0
393
2982
12495
0
30
6
0
110
1130
0
420
36
239
425
2
0
4318
5
52
1207
0
0
186
405
3560
0
4689
159
1545
339
0
568
2
0
2594
26
15470
14
0
2042
460
5
37
200
2
1
274
1
82
0
9367
21
0
0
8
2
227
0
0
183
1863
2502
0
0
0
0
0
0
0
0
0
0
166
207
2060
1882
352
345
1
1
0
0
563
0
364
0
0
0
140
0
669
0
128
174
0
0
0
284
10
7
1808
17
8
0
0
0
0
0
0
0
0
0
6
0
0
0
0
0
48359
1571
19930
2127
0
0
0
163
0
0
0
0
0
0
0
689
47
235
0
0
0
0
33
1168
0
0
3
0
0
1
0
945
0
26
3
6
221
356
3
4
178
2543
347
0
0
202
0
324
358
0
9771
897
308
234
36
0
0
0
1
1
9890
282
881
0
0
12
5878
90
87
3960
0
106
470
39
0
8529
16651
1
19
0
0
11
171
0
12
0
0
3039
0
1095
0
18
687
0
37
0
337
0
2578
6
0
2
0
0
0
0
76
1084
0
179
2
576
0
0
4
0
20
0
167
9
0
0
0
0
0
0
0
0
11661
386
0
806
0
89
0
0
0
0
0
6
242
102
1
0
0
38
0
0
0
353
725
0
958
0
401
383
0
0
3346
732
0
3392
304
2
0
0
664
260
0
0
0
0
0
110
278
0
524
2
5
0
1093
26
101
8925
0
0
24
210
1664
0
0
0
0
0
81
0
0
0
0
0
0
0
0
0
0
39
25430
0
0
505
240
54
1
44
0
2121
10
1
0
0
0
2
1
7190
1
0
0
0
225
39
237
0
40
1
863
0
24
4499
0
0
3981
342
0
1295
0
0
0
0
8
2600
0
1
0
0
0
0
0
0
2
0
35
13
10
10
0
0
6892
0
84
73
64
782
3
0
0
0
0
0
0
0
451
0
928
0
0
7344
0
142
0
3598
0
202
0
0
0
0
1274
275
0
3
0
0
0
0
0
0
0
0
0
945
0
0
0
880
25
0
0
0
604
5583
0
51
0
0
0
1200
13487
41279
113
0
0
9
729
0
0
523
1621
886
0
577
1450
216
1381
0
0
0
3
0
15
23853
855
0
6
0
0
121
0
527
28
0
0
0
0
0
0
0
0
0
0
0
0
0
0
0
0
903
13
0
0
12
2
0
5771
2711
2172
1308
4184
5
0
0
0
6
0
3
0
150
0
0
0
0
0
0
0
176
192
0
0
542
0
204
0
779
0
0
116209
1
50
1
0
0
0
0
0
0
1
1
0
78
728
0
164
0
0
335
0
0
0
0
126
0
0
0
0
0
0
0
1
203
3
131
0
0
0
293
3
1
0
332
266
0
0
3
0
1019
120
15
215
506
0
0
0
1258
0
2
223
110
293
265
1456
1
0
1
0
0
11
1
1
26
8
332
0
0
0
894
96
159
0
11166
0
3
0
5
0
0
0
1
8
0
0
0
102
31
5023
1
0
0
0
0
0
0
736
55
1
0
232
0
1
0
0
0
12
8
830
0
20493
360
17
2
0
0
1
0
0
0
0
1
38
240
843
0
0
1461
2115
0
3
1188
1
0
0
0
523
2
0
0
49
21
27
2
0
0
0
6273
0
30
2020
0
29
0
9909
116
8
0
9
0
0
0
0
0
0
0
0
0
6
44
0
2
12118
0
1
546
0
0
0
20
0
0
0
1410
1808
717
0
0
17
0
0
8
1
0
3591
1
186
26
0
0
3572
0
277
2832
0
1
0
242
0
0
36
74
1641
777
7
10
144
0
2
517
770
0
0
0
0
0
0
0
209
0
298
0
0
138
0
0
0
0
0
289
4
0
0
0
0
893
1
4
0
0
18
1052
0
0
0
0
0
0
9394
308
2113
1391
0
0
0
1
13
34
213
0
0
0
0
40
0
0
12
3
22
0
0
0
0
103
3
412
37
4996
0
3257
3344
55
143
17
9
954
0
0
83
0
6
5667
1650
0
287
120
0
888
5293
402
83
0
0
29
5619
0
20
0
727
53
2
1037
0
0
300
0
452
0
4409
6
5143
0
0
197
8760
0
142
0
31
91
47
0
0
0
87
44
95
0
0
0
0
0
1856
3493
4116
21071
0
0
5
1
139
0
0
0
0
13
0
0
1
0
0
0
127
122
1
0
0
0
2525
0
12
818
1
821
0
291
64
92
0
11
408
0
0
1
0
0
1753
0
0
2
0
6
0
706
418
1
0
0
2651
2025
0
1024
1164
1853
197
0
0
80
0
0
76
0
0
0
916
220
88
1
32
0
0
0
0
61
2699
396
0
0
33
0
0
0
0
0
0
0
0
0
2
167
17
0
0
13980
40
15930
8
6
0
10
98
0
10080
0
0
4
72
153
611
16
1162
0
0
0
1659
0
1352
0
0
0
0
0
0
0
0
0
0
236
0
0
0
0
0
2
0
0
0
34
2
2190
435
206
481
25
16
0
0
2
0
0
0
2312
0
0
2617
953
0
0
38
0
0
0
6
4477
34
687
0
0
2260
19601
0
0
185
3
0
0
0
310
0
0
1
187
582
0
1
1127
0
1727
1
0
13
124
0
124
0
0
49
360
0
2
0
1
0
0
0
0
0
0
0
0
0
0
0
0
7
0
0
0
0
0
0
0
0
0
0
0
0
0
0
0
0
0
0
0
0
0
0
0
0
0
1
0
0
0
0
0
0
0
1
28
130
107
0
37
0
1
1278
30
0
0
0
0
1554
1
3716
0
0
1117
463
0
8
0
0
0
0
0
0
0
0
0
0
0
972
0
699
0
0
0
0
0
0
0
0
628
0
0
0
0
0
0
0
0
0
7
10
1
0
731
1
0
0
0
0
78
0
0
0
0
0
0
0
15
1763
0
7552
0
434
744
51
59
298
2
6980
196
0
1
0
716
11
0
0
0
0
0
254
3
0
0
0
5570
18949
329
244
0
0
0
1
0
0
0
0
0
0
0
0
8
1516
0
0
0
0
1
0
741
0
0
9
1
0
4752
286
46
3222
4245
0
381
0
4451
46
0
367
435
0
19
0
645
6
4
0
0
0
0
0
5879
0
15
10
1857
0
23
341
27
1
4
2125
246
4
0
1
448
0
166
0
1066
49
0
301
118
110101
0
119
0
67
0
1312
0
1
446
0
0
0
0
2
0
539
159
0
2
0
3
1778
0
1
0
0
0
0
0
1542
7265
0
0
0
1157
0
163
0
0
0
0
0
3266
5
5481
0
5
0
0
1
826
24
0
17
16
1
0
0
0
0
1
0
20145
0
271
0
1304
2374
2767
113
2045
0
0
1275
0
0
3
0
1116
0
1
934
4253
0
0
0
0
3728
0
257
220
1
3
0
0
225
0
3
395
0
60
893
16000
0
6222
0
0
0
1154
0
11575
1
1
139
0
0
0
0
0
0
18
0
0
3340
0
191
0
713
14
0
0
0
0
0
0
0
0
0
0
0
0
205
0
0
147
0
1620
137
0
0
0
0
0
347
0
0
0
2849
0
0
10
0
393
129
0
0
1391
49
59
1
37
0
1
27
0
0
0
0
0
0
0
0
0
0
0
0
0
0
2
0
0
0
3472
0
3
55
0
0
1123
0
549
215
2671
46
244
4013
0
20
0
0
0
0
0
37
5
0
14
0
0
0
0
1
0
0
62
0
0
0
0
0
0
0
241
35
0
749
0
0
0
0
0
71
0
0
0
0
630
0
0
0
0
615
791
3
67
1898
0
669
0
10
11
0
0
1
0
0
0
0
0
0
12
0
0
0
0
0
0
0
0
19
567
1264
0
0
7364
6430
5
0
0
0
0
0
1
2
1640
0
436
0
0
2
32
25
0
0
0
0
0
0
5445
531
0
14
0
0
0
0
608
6977
0
2399
0
0
0
0
0
0
1
0
0
0
16
0
1458
1375
0
0
0
40
6579
1383
88
205
44
6679
26
2626
4412
253
2823
2599
299
0
120
0
2962
2
4
0
10
0
0
18
0
17
35
17
2127
4479
0
2
813
0
4
691
0
3
540
416
0
0
0
4
0
27
224
0
1
526
29220
0
0
0
1151
335
4237
19
0
2883
3443
0
290
0
0
1004
0
1
75
0
1247
124
1014
1
2954
11
78
2887
0
13
1183
10
0
0
0
0
0
44
9
251
42
3027
259
0
1
102
580
5
0
5
0
4557
430
3172
0
0
1693
0
0
0
0
121
2897
1471
0
0
2
1
0
0
1
2983
0
0
95
0
0
0
0
0
24
0
759
575464
0
0
0
0
0
0
0
4
0
241
170
17
0
0
0
0
0
0
1
1405
0
0
0
7
0
2
88
0
5957
0
0
0
0
0
241
347
36
1
0
0
0
0
0
0
5551
0
2
0
0
0
0
1675
0
0
0
0
0
0
0
4391
1
0
0
0
46
1
21
56
0
0
0
1422
675
1166
0
0
0
141
0
0
0
83
1199
0
5457
31
1
0
0
266
0
1152
835
0
349
849
0
1252
52
0
137
0
44
359
0
0
11
0
0
0
0
2207
0
1
0
0
0
0
0
4
2598
0
0
0
0
1736
13
0
8
2999
0
0
3055
43
311
1027
187
1354
2415
0
0
0
0
6545
69
2
3
0
3743
0
0
79
0
0
0
0
0
3295
436
783
0
0
0
0
0
0
0
2
132
10
136
626
527
133
9
81
158
836
460
0
7
0
4
4905
2632
473
3
0
0
41
49
0
387
0
249
1754
91
436
5
0
0
0
0
7
10
1
3
73
8
1
49
0
1142
0
0
105
1015
0
0
155
0
2
0
0
454
0
2
17
503
382
27
85
0
0
1029
785
0
1
631
508
17
0
14
24
0
42
10
17481
134
0
0
768
0
1007
0
0
19
5
2
75
0
0
0
0
0
0
0
0
0
652
238
25
41
0
0
418
2555
0
4
525
0
297
582
1201
1
0
1123
1930
4
1316
2079
0
59
2374
0
115
102
0
1467
37
52
0
2
3
315
0
0
0
49
1259
0
0
404
194
23803
1258
48
0
12
0
0
0
135
16
0
0
1979
1995
0
368
0
22015
22
5
0
0
0
2
0
0
14
0
0
0
0
0
0
0
384
6262
1018
0
3298
15
43
10632
0
0
11
4406
603
0
0
4688
0
0
213
0
1102
2
849
1073
0
1899
1
0
0
282
0
0
25
397
0
2850
47
0
0
56
1316
0
601
372
2
1
0
0
0
0
0
0
0
13
1
4445
0
0
0
21
10
0
285
0
0
0
0
0
0
666
0
0
8233
2
0
1621
0
0
13916
1613
216
334
290
0
6034
4603
8
371
989
1870
0
0
2
1422
0
0
0
0
8
0
0
1759
0
3785
0
2
0
602
0
3
0
0
18
45
0
176
349
166
471
0
0
4372
1
0
0
0
0
0
379
684
0
498
2
69
0
0
256
1474
955
0
671
0
0
0
0
24
0
1407
0
0
1549
1718
242
52
0
32
0
0
45
0
0
4
0
0
0
8274
0
202
3
0
0
0
0
3092
0
2
2
0
0
0
43
3789
0
4
0
0
0
1997
874
0
0
6
0
5
1222
230
3
8
0
0
0
0
134
0
1
0
0
0
0
0
6
10
6
0
0
131
6412
1
736
0
19
1
0
3175
1617
0
126
1
275
0
18
3
0
11
0
0
42
0
392
4
0
0
87
26
919
6
39
218
0
6443
0
14447
1
18676
0
0
0
14
0
0
1
1680
52
57
0
14624
0
1058
5
111
9
62
0
898
9876
2
932
24
329
0
165
127
0
37346
177
49
0
0
24
0
112
426888
91
0
6
43
5732
97
0
2829
413
0
0
0
0
0
0
146
0
1
42
3
0
0
0
0
0
0
0
0
0
0
0
0
2
150
0
0
0
1678
4923
0
2
25
1124
0
0
0
0
0
0
0
0
162
908
1404
1
263
31
0
0
1229
0
0
0
3368
9
1479
213
7587
0
2195
0
126
0
0
0
0
0
0
472
0
0
0
0
1473
112
59
8
783
760
0
0
0
0
0
0
0
0
779
0
1
0
0
0
0
54
0
0
0
0
0
0
0
0
0
0
0
0
0
0
0
0
0
0
0
0
0
0
12
44
0
0
0
35
11
0
0
0
0
0
0
0
0
0
0
0
0
0
0
0
1
77
1255
4611
0
0
0
0
0
0
0
0
0
0
0
0
0
0
0
0
0
0
0
65
0
0
3
1
0
23
73
2
33
83
61
5
43
878
1
987
18121
885
0
3
0
0
132
0
0
0
0
0
0
0
0
0
3
0
0
0
0
0
18
0
513
0
11
0
0
0
0
0
0
0
0
34729
0
0
0
56
0
0
45
103
0
275724
6
0
0
399
0
0
499
11
1
0
8
1065
1041
1858
0
0
2326
59
2646
0
4
1160
0
0
0
4
364
0
772
82
0
89
4948
14916
0
60
15
1
0
0
0
0
0
0
3422
1
0
0
0
1015
0
1
0
0
0
0
0
0
0
0
798
875
0
1330
0
0
0
0
19
0
394
6487
3
3084
1292
128
1
0
0
0
0
0
0
0
5
0
9442
11
436498
811
12582
4
0
0
1
0
0
0
0
0
0
462
1
949
0
0
0
0
0
4
0
1942
1022
1930
0
6
3099
198
17
718
0
127
0
0
0
0
0
206
0
0
13
1
2
0
0
0
0
0
0
0
413
608
0
0
0
0
0
38
0
0
0
0
0
0
0
2
1216
15
0
3
0
0
0
0
0
0
0
0
0
0
0
0
0
0
451
11
0
723
47
0
0
0
68
146
0
0
0
0
0
0
0
0
0
0
0
0
0
2052
9
0
0
4
0
571
973
690
0
0
0
0
0
38
0
0
0
25948
24
168
540
32
225
0
1037
1
2043
0
0
1
0
40
372
0
0
0
0
0
122
0
3774
1252
7
2669
0
0
0
27
1228
299
0
6777
0
1
0
0
0
0
0
0
185
0
8
285
109
0
0
165
0
0
499
0
0
0
0
0
0
0
0
0
0
0
0
2259
0
2381
0
0
0
952
1
0
547
0
0
0
0
76
222
0
0
130
0
0
0
0
350
41
0
23
0
0
0
4
0
0
0
0
0
0
0
0
9
2
0
103
4
0
0
3706
10
1094
0
0
0
0
0
0
3347
17
0
45
1
511
242
13
0
1708
4
0
149
0
2302
3
365
0
48
166
748
0
19
1048
26
108
7845
0
828
5191
955
22
0
0
0
3985
11
7701
562
2092
0
0
0
0
0
0
0
0
0
0
0
0
0
0
0
0
0
0
0
0
0
0
0
0
0
0
0
0
0
0
0
0
0
0
0
0
0
0
0
0
0
0
0
0
0
0
0
0
0
0
0
0
0
0
0
0
0
0
0
0
0
0
0
0
0
0
0
0
0
8
1
2008
0
0
1
0
204
1
0
51
1857
0
576
260
1
20
322
1111
161
9
18139
2
0
895
0
0
0
0
0
0
0
0
0
0
0
0
0
1
0
361
25
1
0
0
0
0
0
0
11
0
7
27
747
60
0
0
0
0
0
0
0
0
0
0
1861
6
1254
0
637
0
515
0
0
0
0
0
0
0
1
0
69
23782
95
571
2
10750
49
0
5684
0
0
0
0
0
0
0
0
0
19
0
10
240
0
0
28
0
1
2477
624
0
196
10
0
0
15
0
848
43
79
50
28
294
14
67
62
0
0
0
0
0
0
7
0
1
22524
8
20
249
154
0
61
207437
0
312
0
0
0
0
0
0
0
725
0
0
2
1302
0
0
656
3
19
831
238
0
4
154
278
0
0
287
19
233
229
23239
0
28
1
0
379
454
6
8431
0
14
105
0
1858
864
471
0
0
2400
401
0
0
0
0
0
0
0
0
0
31
10962
38
1240
0
929
0
3410
0
72
1482
0
49
9662
0
1402
233
0
0
0
0
2499
3560
1286
5324
1
4743
365
12701
4428
25
2
107
124
71
0
0
35
11253
17604
185
488
139
261
0
3
0
0
0
1
0
9131
15
1487
0
217
19
5
169
0
111
38
0
4
0
640
0
3
8
10
4
164
0
1653
0
224
0
0
373928
54
112
13
3
301
124
7
353
1
0
150
87
15
0
865
0
1677
273
1047
69
1408
5
260
49
2807
178
272
9234
0
4
0
0
0
2721
1
168
40
9606
8746
0
0
1
28210
25
4275
526
342
6
1805
0
17756
3
1897
0
19
0
0
0
498
0
0
1
4159
0
0
0
28
1
320
2
29
5
0
4828
15
122
113
1
18
54
2
0
23
0
2533
15
66
484
20
0
1
204
36
8
1
0
0
0
2997
3043
1014
29
29
82
0
0
1
0
2323
179
3
827
0
712
59
0
3
1677
5017
159
235
0
49986
0
0
5667
151
0
18
0
61
209
130
0
8873
11021
26
445
1
1925
50
14
2179
0
0
88
1081
0
8431
276
0
0
0
0
0
53
0
0
0
4
0
0
0
0
0
0
0
28
167
0
0
0
0
0
0
0
0
0
0
0
63
0
4112
0
0
0
6
26
0
0
0
0
5
42
1447
0
0
0
0
0
3
31
16
0
141
0
239
44
1230
0
21
0
586
0
2492
679
2
0
75
186
0
403
0
0
0
0
0
0
12
0
857
0
0
148
2880
3950
0
2
4
0
1
0
367
0
129
68
22
1549
0
0
1053
24
115
0
0
1604
15
278
547
0
0
95
0
233
0
6
1936
0
2153
80
11446
42
0
0
0
0
0
0
472
0
344301
8
33
16
0
0
0
0
126
0
0
6405
0
1
0
0
2983
8
0
0
189
376
1
4
7
12
0
0
0
0
0
460
0
0
7
0
10
0
5138
0
1323
8
6718
1372
0
0
1
521
0
0
5
1
0
13809
601
16
15
14
115
0
0
7
211
0
1
0
0
0
0
0
0
0
0
0
0
0
835
38
74
608
2
1337
0
169
0
3533
0
19
0
1
0
916
3948
320
0
365
0
0
4874
1
743
3732
7
1
27
0
0
18
0
0
0
0
293
0
0
0
0
7
5304
0
0
0
0
0
0
0
0
0
0
0
0
0
0
0
3947
0
0
0
0
0
0
0
0
283
0
0
136
1662
0
10937
1117
1
76
0
0
229
0
0
0
2091
0
2884
0
0
86
0
1
7
22
0
10987
24
0
0
61
11
29
849
0
0
2255
6094
277
127
1201
206
0
0
0
0
0
0
0
0
0
79
0
5
0
85
0
0
0
0
0
1482
1443
2943
7
0
0
0
0
0
0
0
0
0
0
0
0
856
296
0
48
0
0
1
19406
1136
18926
31700
23
0
0
0
636
728
2260
0
0
0
0
3927
231
0
0
24
150
4144
0
2033
1855
7286
94
103
28
1530
0
0
1
0
0
2823
10
0
951
28
0
3
0
2
0
24
0
0
0
15
168
302
0
29
0
0
1093
0
0
0
0
29
286
3
2755
2389
1166
4
362
0
2
7
264
0
0
22
0
0
0
0
84
0
8
361
0
0
0
0
441
0
0
1360
0
1
1
291
1
0
0
0
101
1
2182
0
0
0
52
0
0
0
0
1
0
0
1
0
0
0
307
0
412
0
0
0
0
0
0
0
2169
0
818
348
51
269
1660
10
0
2873
0
3
0
59
0
5
2
12
6
1415
0
0
1
0
8902
39
163
3003
38163
20439
1798
0
55636
0
3829
21
0
73
82
4642
1
0
0
15
4085
0
1
0
291
1
0
2
1273
3
227834
1034
4
0
850
0
0
262
92
21
32
57
88
0
49
0
147
2210
1
0
0
0
0
1
0
0
1
0
16
0
1
0
0
0
0
4
0
0
5
244
1
0
61
0
3
72
11
5017
0
0
0
332
881
74
0
12216
0
0
0
481
0
0
38
0
0
0
0
0
0
0
0
0
0
0
0
72
0
0
0
0
0
0
0
0
0
0
0
0
3972
88
172
242
20
14
8
1
160
10
140
0
0
0
0
0
185
103
65
0
0
0
0
93
111
0
853
156
0
0
0
0
0
1
2
95
0
0
0
0
5
0
0
121
0
222
5691
172
15
0
2
470
0
29
5
0
0
0
0
0
0
0
0
0
0
0
3377
0
482
5
0
0
0
0
105
0
0
0
10
1092
122
0
26014
65
219
2
0
0
0
0
0
264
0
0
0
0
5
0
0
0
0
0
0
0
0
6
0
2
0
45
1293
0
838
4356
125
2
2
0
0
0
0
0
0
0
0
31
258
0
0
0
30
0
0
0
8365
622
1
163
0
41
0
5511
76
15
1523
0
0
1
2
654
919
0
1
0
402
0
0
0
0
0
4
6
0
727
115
0
548
0
0
1
34
156
0
0
8
0
0
0
0
261
0
458
24
0
2902
191
0
0
662
260
450
0
3
3124
1
0
6
0
0
0
0
0
0
0
0
0
0
0
0
18
0
28
0
302
2
306
0
1076
1566
23
0
5637
666
0
80149
5
77
4
71
0
6931
8
2
193
592
142
0
0
297
0
149
421
387
693
6
3
0
6
216
1342
120
184
0
47
115
18550
0
27152
0
0
3377
1819
159
187
1
4
180
88
0
0
1
125
0
82
0
3
4308
0
0
0
839
0
0
0
574
0
37
6
246
752
1
0
17
0
0
1
3
676
7
67
1413
2605
0
0
1
0
236
0
0
0
0
0
170
1250
555
0
0
13
2
1
5
0
12859
1
1924
0
362
1470
489
16744
3
0
0
3
0
3924
94
54
0
56
12
4993
6
0
27
0
1418
0
0
4
15
70
92
1
75
66
84
0
319
1137
7
4721
0
0
0
0
120
0
1
5
0
0
0
8
0
0
0
0
0
0
0
0
0
0
3
0
0
0
0
16
443
15
19
5
4
32
120
0
369
0
8
0
2931
0
0
16
0
2
12
0
222
0
25
0
22
0
0
0
2
1357
10529
0
43
0
1
12
0
3733
1
0
0
0
3
77
4541
0
0
0
0
104
672
0
812
486
0
192
0
0
0
0
0
0
0
0
0
0
0
492
1051
0
0
0
0
5
0
0
0
0
0
0
1
0
1074
3544
192
2
1
9326
0
0
0
0
0
1461
4
0
1505
0
0
0
620
1
0
0
0
46
0
0
0
0
88
0
0
0
3128
0
0
5
121
4205
0
0
0
0
0
0
0
11
6
49
19
0
0
0
0
0
0
6081
0
863
3629
0
135
313
0
0
0
1225
82
0
3
238
0
0
0
0
0
3796
0
0
34
0
0
1
5766
0
0
0
0
192
0
0
3
0
0
4002
13
0
60
0
0
0
0
1502
465
0
0
0
12
364
4567
0
1
67
0
4
241
0
0
2
2918
0
0
235
1770
1313
0
447
17
0
0
20
0
0
0
0
12
0
2067
10
0
718
232
4
101
0
2
18
11538
0
0
0
6
0
0
0
532
1510
4042
7731
100
0
0
0
0
0
0
0
0
1945
2119
786
31
0
0
697
0
0
1812
0
0
1028
9334
3675
759
0
21
0
0
68
0
0
7
40
0
54
0
0
1
3873
87
0
0
2
9
171
0
0
0
10
2
0
79
0
0
0
0
0
1227
62
113
0
0
0
0
0
0
0
181
0
0
0
0
0
0
0
0
701
181
1
0
3
0
7
2827
0
0
103
6089
0
423
1
0
0
0
0
273
616
12
0
0
193
9
195
197
22
0
0
0
1
22
0
0
518
8
431
57
0
0
294
20659
47
5
6
0
1
0
0
0
0
0
0
0
126
8
2027
1
1050
34
153
265
0
0
1825
715
1383
0
163
0
4
0
93
155
22
833
3
406
14
4500
180
56
103
0
4
0
0
0
3
0
0
0
65
54
28
8
0
28
0
0
0
0
1
0
34
0
0
0
0
0
0
0
0
0
0
0
0
0
0
1
19
0
0
18
1
44
0
2
0
0
0
0
0
0
1
29
230
15206
2
1
724
99
3
68
0
209
1511
204
0
0
4
169985
47
4269
813
0
236
1
4275
10518
55
0
60
38
1
186
0
51429
916
0
0
0
0
0
0
0
0
0
0
0
0
0
2
0
0
0
0
0
979
0
0
0
0
0
1889
0
17302
37
2189
2
0
0
232
194
0
536
3078
0
11
0
0
0
0
2
678
0
0
0
0
0
0
0
0
0
0
0
0
0
0
0
0
0
0
0
1
3
16
22077
16
35462
1
43
391
22
3547
15
3
340
2442
3
58
0
306
5
4
0
0
105796
0
0
9587
0
81081
4
671
0
4
0
590
128862
3891
107
44
0
85
25
0
295
1
284
4
5180
258
39
6061
0
0
236
0
1
6
162
2457
16520
20310
270490
2173
1
0
0
0
0
1
58
86
9
1355
1975
9
1
150
0
0
534
0
6014
0
0
0
8
1338
1771
143
0
186
902
14
176
14
1
0
0
0
4155
0
478
0
417
540
325
1
23
3
1
179
27
0
0
161
0
0
0
860
574
0
0
0
0
0
0
0
500
0
172
20944
1049
0
0
2
0
7
0
0
0
6
0
631
0
44
0
0
0
63
1
413
0
1937
362
0
0
0
1393
0
36
0
0
0
0
698
45
0
0
0
0
0
3
0
0
3763
15
0
10653
2631
0
465
38
0
1069
0
0
0
181
0
0
0
630
122
1
0
750
102
0
0
10820
24
1272
647
1701
0
0
98
0
934
0
68699
7
1145
0
523
7288
0
0
0
305
0
0
121
0
0
2
4789
7
3
6
0
1
0
0
0
0
0
0
3960
346
0
271
0
1978
0
2501
0
0
0
0
0
0
0
0
0
0
0
0
0
0
0
0
17
0
57
14781
2
5230
0
0
0
2
0
2
60004
0
22
16919
6
1424
0
0
7
0
1
0
0
0
0
0
0
0
0
34
0
0
0
333
0
17401
0
0
0
0
0
0
0
265
0
0
0
0
0
0
2643
1027
0
0
0
51
0
0
0
0
0
0
0
0
0
0
0
0
0
0
0
0
0
0
569
3470
117
0
0
0
0
0
3599
0
0
0
478
0
1
31
6
6630
0
0
0
0
0
0
0
0
0
0
0
0
0
0
0
0
0
0
2196
658
9
0
0
284
3
5
7645
33
4
0
0
0
108
1595
1349
36
16
0
0
0
4926
0
0
2
859
0
0
34
10047
704
505
461
0
3936
6
3
0
0
15384
1
35
273
0
15316
0
0
1064
0
752
0
7
850
0
0
0
0
47
1
4766
10437
863
4272
0
0
0
0
2733
0
3463
31
1425
0
0
38
0
0
0
0
1197
658
0
30
3
0
0
4169
10
2444
359
0
0
4924
3
1121
77
8
0
9
0
1
0
0
0
57
0
0
0
0
1
55
0
0
29194
205
3087
0
827
1593
0
3758
0
0
79
15
3416
11
0
7993
708
416
0
0
0
2
0
65
0
1554
432
0
0
0
0
173
0
369
19
141
0
24
0
3748
347
0
0
0
0
0
0
11
0
5
2051
2853
0
104
16
933
182
0
0
52
197
319
37
36
0
0
0
0
355
920
402
24
0
0
3
139
0
2244
1657
0
2935
482
193
955
704
50588
3169
267
7225
25
353
217
1626
3023
0
1
6
0
0
24
1
76
52
2156
0
837
202
1
1443
1733
734
132
403
0
1437
0
1196
629
0
339313
2975
141
1038
0
393
2865
36
0
0
1133
66
0
2
844
66
109
4
78
0
0
0
740
0
0
0
0
0
0
0
0
0
0
0
0
0
0
0
0
0
0
0
0
0
0
3195
0
0
0
3
0
0
0
0
44
10
0
21
286
0
0
3770
0
1198
0
0
0
0
151
0
291
0
36
0
392
9024
0
3061
0
0
0
0
0
0
0
0
0
0
0
0
0
0
0
1
1
69
16
0
115
396
0
483
162287
26
212
0
12
6
0
0
16004
0
10
97
3767
3525
1
0
101
2153
1127
0
0
3028
0
0
0
40
0
42
0
133
0
1575
193
231
0
510
1609
5627
0
981
318
1
17
57
23
151
55
0
0
202
20
0
0
1969
0
9
0
111
183
6
0
0
0
35
0
181
3697
0
1272
0
9198
440
0
0
0
0
0
4897
29
195
80
0
2
142
21562
93
0
1021
1681
7
149
0
4763
14
887
3274
39
24
0
1129
1438
460
1492
39
0
639
10
418
0
0
34
0
3
0
0
1835
0
27
1109
196
26
0
109
0
0
0
0
0
0
0
0
0
0
0
76
0
0
0
0
0
0
0
0
0
0
0
0
0
0
0
0
0
1
220
0
965
0
0
0
0
0
0
0
0
0
0
0
0
0
0
0
0
0
1154
0
1
3708
21
0
0
0
0
0
0
0
0
1
0
0
0
4386
0
29
0
158
3
420
2118
0
0
134
1492
0
2
0
0
0
0
0
0
0
0
0
90
0
0
0
169
86
0
62
1390
948
638
1
0
356
91
0
390
146
22
0
7
0
40
0
0
0
0
0
0
0
0
0
0
0
0
0
3
0
9445
0
2529
701
0
0
1473
0
0
0
0
1
89
0
937
0
0
331
525
41
0
6835
60
1505
0
18
1712
2710
1
0
2
0
0
0
0
0
502
0
0
0
1
335
0
6
189
0
13
0
0
0
5840
0
0
325
0
0
0
0
0
1022
0
874
21
0
0
406
0
254
8
0
0
0
1179
0
11
0
4
476159
3
0
18058
7305
79
985
0
0
0
0
0
0
0
472
0
847
43
26931
673
1
0
0
30
541
0
0
2
0
0
4
0
179
0
141
3
1
25061
433
655
0
0
0
0
0
0
0
3610
68
0
0
803
4
0
314
592
2489
3097
0
0
1
3
0
1
0
0
154
0
0
0
0
120
0
0
0
0
1
0
2123
5
3
0
54
0
3513
3406
2743
0
0
0
0
0
0
3
2181
0
0
0
0
0
245
404
0
8
284
4
1
204
3156
55
13723
3279
0
26
0
413
1690
402
602
0
105
0
283
1
1
0
0
0
10118
13272
0
0
0
0
0
97
94
0
0
0
21
0
0
0
0
2
0
44
0
0
0
0
566
0
1629
2932
0
881177
0
0
67
0
462
0
0
0
0
7756
0
0
54006
5
0
164
5
0
269
7776
0
0
917
1
0
0
240
0
4368
0
63618
1
4303
0
68
525
0
0
18
0
2454
0
512
234
961
5037
257
2
379
796
0
469
2821
27
2
0
0
5
40
9058
0
0
0
0
889
5
899
3
505
2
0
0
1
112
1
1
0
629
0
0
8290
0
1042
0
2
0
0
6442
0
0
0
0
0
0
0
0
0
0
0
0
0
0
0
0
0
0
0
0
62
0
0
0
1081
0
0
0
0
0
0
0
0
0
0
0
0
0
0
0
0
64
0
0
0
0
0
0
0
0
0
0
0
0
103
136
154
2456
2592
30
0
0
173
12
0
1
0
0
0
1414
1
38101
4384
22
561
0
0
0
0
0
0
1
131
2
171
0
9059
0
0
70
0
6
0
0
0
0
0
0
0
1082
0
3219
21
0
19
0
0
0
0
3
0
0
0
0
1
0
0
0
0
0
0
0
0
0
0
0
0
0
0
0
0
0
0
0
0
0
0
0
2
0
0
0
0
0
2
0
0
1
634
163
0
0
0
0
249
1
0
0
5
5367
443
0
0
0
0
563
29
0
0
1998
11
0
0
0
1085
0
0
447
0
0
90
914
63
1753
5
6330
0
2
0
429
0
0
0
0
0
52
488
0
3
0
116
0
0
0
1
0
0
0
0
0
0
3950
0
0
0
67
15
5
0
503
0
0
0
0
0
0
0
0
3
0
4668
0
0
0
0
0
0
33
35
22216
1
12
0
0
0
0
0
0
0
24
0
0
0
0
0
0
0
3
0
0
15
0
64
5574
29
0
0
547
0
0
0
765
0
16
0
0
0
0
0
0
1
0
0
0
0
1299
0
0
0
868
0
38
0
5
2
0
0
0
0
0
1558
1371
1124
6
0
3
46
0
432
992
0
0
98
2
92
0
0
0
0
0
0
0
2582
4
0
1632
3331
285
0
0
0
0
0
0
0
0
0
0
0
0
0
0
0
0
0
0
0
0
0
0
0
0
0
0
0
0
0
0
0
0
0
0
170
0
0
607
0
389
0
723
2
2867
0
1269
209
132
0
0
0
0
0
0
0
0
4
2
0
0
0
0
89
0
0
0
0
1
0
0
0
184
889
0
0
84
0
0
0
0
0
0
74
2
0
1
0
13874
189
9620
0
3365
451
2141
1119
0
0
0
6
0
9
0
0
6
0
10
8
25
30
0
6
0
6
0
4
11
38
20
18
13
2
24
23
13
0
15
14
7
121
2
13
37
6
7
23
5
4
67
14
0
6
0
13
19
0
0
0
2
9
2
3
0
1
5
1
0
17
0
12
0
0
0
0
0
0
0
2455
0
0
0
0
0
0
0
0
0
0
0
0
0
0
0
0
0
0
0
0
0
0
0
0
0
0
0
0
0
0
0
0
0
0
0
0
0
0
0
0
0
0
0
0
0
0
0
0
0
0
0
0
0
0
0
0
0
0
0
0
0
892
4
0
13701
0
74
0
2679
589
11407
8
81
0
665
0
212
14
632
0
1
1
52
177
0
6
4375
13
0
7
6
1
15
53
88
3
320
5
0
0
0
125
0
0
0
2630
1
0
3
1546
18
0
0
0
0
9
1280
287
3
0
0
118
345
0
0
54678
984
13
81607
68
0
327
459
78
0
19
1
0
0
3908
538
6
5617
315
330
9
1358
218
152
147
0
12
52
0
243
0
0
0
105
75
0
0
5
0
4674
7359
10
0
0
1
0
0
0
0
0
0
0
0
0
0
0
0
0
0
0
0
0
0
1
0
0
0
0
1388
6947
0
120
1
795
222
4736
1
289
20
4
168
0
129
0
0
0
10
0
0
171
10
0
0
35
0
29
3615
0
0
20568
76
17431
0
4883
1727
2690
43
0
314
0
3510
0
0
754
0
212
0
0
0
0
0
0
592
0
0
0
0
0
0
0
0
0
0
3
0
0
0
0
0
0
0
0
0
0
0
0
883
1
223
562
1
14030
4785
0
74
0
0
0
27
0
0
0
0
0
0
0
0
0
0
0
216
1
196
319
0
0
954
4577
372
5989
0
0
0
0
0
0
1
0
0
0
114777
272
5341
0
0
339
49
401
0
1280
8187
4
0
50
149
539
3137
59
1668
0
157
0
1379
0
68
152
7098
3
0
2711
1
0
0
0
0
2539
0
2
0
0
0
5
0
0
0
537
0
0
0
7259
0
0
510
97
397
2
2174
0
4376
1983
180
0
0
7
655
0
5
0
0
0
229
278
0
418
474
1235
838
199
207
744
17955
119
0
0
119
0
631
0
39
12622
0
0
0
110
2
0
0
355
0
0
0
0
0
0
0
0
1871
430
0
72
0
0
0
9
1223
13102
853
0
6403
0
10
0
385
1513
11
1
1523
3
243
315
9
102
0
1
0
211
7305
1
251
1
0
0
0
0
0
0
2266
265
474
779
0
42
0
0
4
0
0
1912
0
1317
0
0
0
0
0
0
0
0
0
2295
0
59
0
0
19
9754
30
0
0
1421
0
0
244
4
242
0
0
17
0
123
0
2994
8
0
13
14
0
1326
0
3
12
939
0
1
0
36
0
197
0
0
224
3919
1184
7
19
4
66
0
2298
2
130
0
251
516
0
3
0
429
2037
5
732
0
0
59
0
0
644
65
64
0
111
50860
0
9
1
0
0
510
12
5
0
0
0
1124
0
0
176
2
10
16
1
0
593
0
0
0
0
5
1435
0
27
0
37
74
130
0
16455
430
4
5
1
2748
486
2
0
0
0
11
1
0
0
157
1
0
1010
16
0
58
7
0
76
0
87
430
212
48
267
59
0
115
0
0
0
0
18430
157
1
0
0
195
536
2245
1
369
4
0
435
0
74
138
0
509
5
1607
0
0
0
43194
15
0
517
127
0
68
254
81
0
494
1
0
0
513
0
0
0
0
4
0
0
1
26
0
0
0
0
0
0
0
0
52
0
12
0
0
0
10
150
220
0
1
388
1256
0
2315
75
7951
11019
0
84
0
0
0
0
0
0
0
0
0
0
0
0
438
1
4
1583
0
29
0
1641
0
0
0
0
0
0
0
0
0
0
0
0
0
0
0
63
0
0
0
0
0
0
0
0
0
0
0
643
485
0
0
4
0
0
0
2
96
1
0
0
1378
96
0
18
0
622
0
0
0
0
65
0
1
153
463
0
4222
668
0
87912
0
0
0
0
25
0
0
0
0
0
883
1064
0
0
3056
4
3738
11
1208
81
3282
2785
13070
1922
0
113
476
85
679
0
0
0
150
0
25
19
1
48
593
667
1
0
0
0
0
15
0
0
6
4561
421
726
9008
6
0
0
24111
0
0
0
0
0
0
0
0
0
0
0
0
5388
16
718
0
162
4
214
372
0
2
0
2
67
87
0
0
0
0
0
0
0
0
0
679
322
1
0
11521
0
0
2503
0
0
0
3
0
0
0
662
4
3
0
0
0
0
0
43
0
0
965
1828
1
0
0
1
4
0
0
4170
0
6
1
0
3872
50
0
0
3564
0
0
60
3
0
0
0
0
10
0
0
0
0
0
0
0
16
0
0
0
0
0
0
0
0
0
72
4494
2
0
0
0
6091
64181
245
24
135
734
389
1
0
3696
0
1220
143
954
0
0
0
0
11390
0
0
0
13652
2888
160
0
12
0
411
754
1
690
0
0
10
121
220
0
0
0
27510
85
0
0
0
1
0
0
0
0
0
0
0
0
91
0
24
9269
258
0
0
0
0
0
2
0
300
0
2
4
80
10
2
480
316
25
179
55
1
395
0
19
11063
1
28
0
465
9
0
595
0
1
1097
0
331
61
1724
11428
0
0
0
0
0
0
0
0
0
0
0
0
0
0
0
0
2
0
0
0
0
0
0
0
0
0
0
0
0
0
0
0
0
0
0
0
866
0
15
0
2
0
0
0
0
3
0
0
0
24
5
0
1
0
0
0
0
0
34
0
0
0
0
3
0
0
0
4
0
0
0
36
1
0
0
0
4
0
0
0
0
0
0
6
0
0
1
0
0
0
0
0
16
0
0
0
0
0
0
18
0
0
0
0
3
0
0
0
0
0
0
0
1
0
0
0
1
0
0
0
10
0
0
0
0
0
0
0
0
0
1
2
0
0
1
0
0
0
0
0
0
2
0
0
0
0
0
0
1
4
1
0
2
0
0
1
2
2
0
0
0
0
0
0
0
0
0
0
0
0
0
0
0
0
0
0
4
0
0
0
0
0
0
0
0
0
0
0
0
0
0
0
0
0
0
0
0
0
0
0
0
0
0
0
0
0
0
0
0
0
0
0
0
0
0
0
0
17
350
2416
822
0
0
0
1
0
0
0
0
0
0
0
0
0
0
0
0
0
6183
14
28
0
0
0
3730
0
131
0
0
0
0
0
0
0
0
0
0
0
0
0
0
0
0
1921
0
0
8
0
1
114
0
0
0
0
0
1
0
0
0
1
0
0
28
17
2
6
28
0
0
1
20
5
0
75
475
7
0
80
8
1197
2
0
0
0
10
32
0
4
8
0
55
3
0
0
0
150
1
4
0
0
0
183
0
526
0
1798
1156
536
0
1841
0
109
885
590
0
0
0
0
1986
111
0
0
0
0
1208
1
0
0
0
0
54
0
1
0
0
0
0
44
1
0
182
652
480
0
1
12
0
0
0
0
0
0
0
0
0
686
0
68
0
0
0
3696
13730
74
0
0
52
0
49
1
1
2526
0
0
0
5
1
0
0
0
131
1356
15
1
0
0
2
419
9
156
7
0
495
177
1759
0
81
0
42
43
0
0
46
0
0
0
3579
0
0
0
0
680
12
503
1046
8298
1
19
231
0
0
1308
0
47
0
0
4
1
2
11
103
0
0
0
0
0
0
504
0
1817
447
46
35
5506
2908
0
321
376
0
31
28
0
0
217
1
2344
4
190
0
740
0
0
0
0
0
454
34
155
626
3
126
0
4
0
35
0
12983
2
0
54236
1
55
2488
199
0
2619
0
0
2121
0
288
3937
3306
217
30029
426
0
0
0
52
0
0
0
0
0
0
33
0
11
0
39
0
191
37
0
0
34
0
0
2095
0
4155
0
0
0
0
0
0
0
0
0
0
0
61
0
0
0
0
0
6534
6
0
0
853
1
0
1
0
0
2110
0
3280
433
193
0
0
1051
462
0
16
6
513
146
2
5178
0
0
0
2601
0
2792
0
1
302
0
0
1
0
0
0
5682
0
0
0
0
360
787
7721
0
0
2583
110
0
0
0
0
326
0
0
1
40
2536
834
0
178
0
0
0
0
0
0
0
6104
2037
639
96
2279
0
58
0
0
0
251
236
125
0
0
8
0
0
951
7
0
1584
1568
0
0
0
0
0
3
0
119
0
4
0
101
27
0
0
3712
0
499
0
1004
13706
0
74
0
789
0
15
0
5302
6986
1
0
0
15206
1306
97
1467
0
0
0
0
0
0
0
0
0
0
0
0
23027
2
0
0
0
0
0
0
0
35
0
0
0
0
603
0
0
0
5220
13569
6517
666
0
0
0
0
8082
7
0
2669
0
28
0
402
2756
84
17524
201
3
12
992
203
361
0
0
0
0
1
0
10
4
0
0
1341
443
0
0
0
0
0
37
4528
2260
0
82
0
0
1706
1657
241
60
0
1905
2795
0
0
413
1
492
412
0
473
54619
260
0
0
0
0
0
2
0
188
0
860
4
38
2017
0
342
0
0
2155
5
174
18
0
38
0
11
10895
14
0
0
0
0
69
0
3
0
0
135
870346
0
4
0
0
327
0
0
0
0
0
0
224
0
0
0
6
1
0
0
0
0
0
0
923
0
2
0
0
3850
281
0
0
0
0
2209
0
0
0
0
807
2
0
0
0
143
270
1
53
0
0
0
0
837
1
0
0
0
0
0
21
27
16
494
0
0
0
0
0
0
0
0
0
0
0
0
8
1635
135
4
17
719
0
0
131
0
0
990
0
0
58
1418
19
257
19728
0
6
40
30
0
0
0
1959
0
121
1473
0
1051
183
1233
0
0
0
0
0
0
0
0
0
0
0
0
4036
388
3
1
0
4132
3
0
0
3646
768
4676
227
0
154
445
0
0
0
0
0
0
0
0
1386
0
0
164
745
0
0
0
136
2622
0
0
0
1610
0
63
19544
7
0
0
0
0
0
16892
4978
16
0
0
0
29
0
0
79
0
2
566
0
4012
3531
624
0
0
0
0
0
0
0
0
0
0
0
1
1
4977
0
0
0
0
1010
6
6
0
0
0
0
0
0
1
0
0
0
748
13
32
11
23788
0
0
0
0
7
0
587
0
2630
36
0
224
1206
0
730
0
0
121
196
0
0
0
0
0
0
4
19
0
0
13
52
0
0
123
285
4553
0
97
0
0
499
22071
0
0
0
0
0
0
0
2
0
0
0
0
0
0
0
0
0
0
588
673
40
0
11
16993
0
0
20
25
1
0
418
0
298
269
0
18
0
0
0
4
0
1
0
9
0
40
0
282
95
1
32
46
0
1463
0
83
16988
1
2
2
0
32
0
0
0
20798
0
314
0
0
2
0
464
104
1560
90
0
170
206
0
38
57
1
0
66
7
0
0
1
0
0
150
0
0
0
0
0
0
0
3
0
0
0
447
4183
0
0
0
0
0
0
0
56
2
0
0
460
0
0
0
0
0
0
0
0
0
0
0
0
0
0
0
0
0
0
0
0
0
0
0
0
0
0
1
0
0
0
0
108
0
0
0
0
0
0
0
0
0
0
117
0
0
0
0
24
0
20
0
682
0
0
0
0
2202
2
14
0
9
0
0
0
0
2
0
0
744
133
0
1
0
0
0
3
540
0
0
0
5
126
2161
3825
0
11
0
0
0
0
208
645
0
0
0
0
0
0
142
799
0
469
388
0
1
0
0
17
68
31
0
1790
481
0
0
0
0
105
1101
249
356
5
0
103
0
25
0
0
16
0
25
0
7745
980
9
18
0
157
2
0
1851
76
307
1
0
103
4117
33
54
61
28
0
31
159
0
0
0
451
0
0
7
1
295
0
0
0
0
0
3
0
0
0
0
0
0
1
0
0
0
1597
0
4
1768
1305
0
110
0
0
0
102
125
0
0
0
74
63
0
6
0
62
0
1
76
188
1
0
832
1202
11
93
79
0
3629
32
1
0
0
0
1073
0
15615
602458
106
0
0
1217
0
1585
0
2
0
125
9
19
1468
1072
122
0
0
1
213
337
0
65
185
0
1193
41
0
3
3286
0
1182
4
15
8
0
0
0
0
0
7
0
142
0
744
0
1949
0
0
0
0
0
0
293
4
35
25857
45947
0
0
0
170
25
0
0
1
1006
52
0
0
12
0
0
0
0
0
0
4
358
2588
0
0
11
48
18723
32
0
43
1
11
0
0
0
0
438
1363
32
37
22
173
0
0
0
0
68
2
73
51
434
0
1489
75
0
0
79
67
1761
0
4635
16
0
0
0
3
90
0
2
483
4
64
0
731
1717
2909
23
1
0
10
545
0
24
111
1
5
0
0
0
246
2534
4500
0
0
0
45
216
0
169
0
0
0
0
0
0
0
0
0
0
0
0
390
165
6
2786
0
4
461
0
0
0
7088
18
0
145
0
0
0
0
0
0
0
0
0
0
591
0
0
0
0
3
0
2668
7
6
366
24
232
0
1
5
1
0
0
0
0
1
0
4
0
482
8
311
0
3992
0
0
15295
2
3908
0
39
29
2393
0
0
0
0
0
0
0
1473
0
0
0
0
0
0
0
1138
0
0
11
0
211
0
0
4
0
0
1859
600
22
0
0
0
0
85
0
0
47
751
0
1228
956
0
0
2
0
25
1691
0
1021
0
6
7
0
778
0
599
3
0
18
0
0
19
0
1
217
1
0
0
0
0
3
2
0
0
137
0
646231
1
2229
0
4369
0
0
1
0
239
0
0
0
1
0
139
0
0
1
0
0
0
188
445
1045
0
955
0
55
0
3
0
0
0
0
0
0
0
0
0
0
0
177
4
2675
0
104
24
12
114
0
2
58
0
0
0
16
1
0
2592
27220
76
0
68
0
6357
0
0
109
0
0
0
199
0
201
542
0
0
1481
0
3
0
0
0
41
0
0
0
95
104
1264
20
344
15189
177
0
127
9
0
0
0
0
2292
0
0
0
476
439
0
0
6
1069
1
2755
0
0
19
0
0
0
0
0
7
0
0
0
0
16
0
5484
15
0
736
29
0
1189
258
0
0
406
0
0
52
0
2
0
27
1
155
229
7
2
0
1878
204
821
0
132
0
4
0
0
773
0
4127
81
1
5
9
107
660
1571
0
0
912
2237
0
0
0
25
0
0
3
0
213
5
0
0
4
30
0
25
26
0
0
1807
0
239
0
6
0
0
0
0
6736
67
0
0
2
105
1
6639
132
379
56
4
0
0
0
144
0
876
6
692
0
163
0
0
95
60616
30
209
6
0
10
0
3812
0
78
0
75
4
1569
4
26
0
1522
0
1
0
5
0
3
0
15
188
107
0
44
0
81
430
205
8
37
0
0
99
183
453
2
0
6472
1
0
0
57
313
0
209
2
14
3738
7
0
5
0
21
1
1
111
392
2409
0
0
5
14554
0
0
11252
0
0
2
1577
1347
4
0
0
0
0
0
0
2
5
0
119
7
1
0
0
0
0
0
728
1606
0
0
0
0
0
2
0
0
0
0
0
0
0
0
0
0
0
0
0
0
0
0
0
0
0
0
0
0
0
0
0
0
0
0
0
0
0
0
0
0
0
0
0
0
0
0
0
0
0
0
0
0
0
0
0
0
0
0
65
0
8293
155
3
519
8
5056
2
0
283
7
1889
0
0
2424
0
0
0
0
0
1979
2
179
0
0
4
0
0
0
0
0
0
0
0
0
0
0
0
105
1
621
0
453
473
9344
0
0
0
8
0
0
0
130
109
31
6851
0
0
0
0
0
0
0
0
0
0
0
0
0
0
0
0
0
0
0
0
0
0
0
0
1
4018
8
0
5480
362
153
338
0
0
0
0
0
0
0
0
0
0
0
8
0
0
0
0
0
0
0
0
0
0
2970
0
0
0
1539
0
0
0
0
9
0
0
272
0
2311
568
0
300
0
102
22438
0
467
1
10
0
1927
8
0
0
2652
0
1812
11
1206
65
1179
0
0
250
2865
1485
327
0
0
0
0
0
431
173
279
6
32
51
83
0
0
0
5
80
25
0
0
0
61
1
116
1
144
0
1
1697
0
19
0
16
0
0
0
0
48
2533
0
34
290
0
0
0
0
0
0
0
0
0
0
0
0
0
0
0
0
0
0
0
0
0
0
0
0
1
5
0
5
2
330
0
0
11394
17
0
2
104
0
230
9
3198
0
0
0
0
3616
0
0
3
0
0
12125
151
1
17
481
283
0
53
23
0
38
61
12
530
119
80
44
4242
423
0
8
6
30
87
33
0
0
336
25
29
1
394
0
0
0
19
0
1544
0
755
1010
3
48
18
5
67
7
822
0
818
235
0
14
12
71
244
13745
5
59
13
897
92
0
0
498
0
0
0
10
0
385
692
714
92
0
502
0
0
1
0
22
0
219
0
1
198
801
566
0
579
11
26
17
0
0
157
0
1494
162
641
36
0
0
831
485
0
274
0
0
0
254
511
0
132
37
0
21
830
1224
0
4
125
0
0
0
0
0
0
102
0
0
0
0
36
4
1
19
0
0
0
1
0
0
49
0
0
0
1708
19
1368
188
0
158
107
47
0
0
1398
28
0
25
0
0
0
32
0
0
0
3
0
0
0
0
0
0
0
0
2013
0
0
2
0
0
3285
88
699
0
516
388
0
10
0
112
0
1
0
3032
1
0
48
0
0
0
0
0
1
0
1936
0
396
5113
4162
0
0
0
0
0
0
0
0
0
0
0
28
305
0
0
0
0
0
79
0
0
0
0
97
0
0
0
0
1
0
126
0
0
0
1
3
0
0
0
0
0
13
0
0
9
0
1
912
300
1
0
392
1
1
0
0
0
345
0
0
83
0
2181
18
1505
0
4
0
6
414
0
0
0
0
0
0
0
0
0
17
8410
208
4
0
4
0
0
2027
0
90
14
58
0
1
0
0
0
0
0
1
0
51
0
3613
0
43
2137
176
0
668
488
3
23
0
224
0
0
0
0
6
20
0
951
0
0
86402
1786
1
2
0
0
4
0
0
0
0
0
0
0
0
0
0
0
0
188
0
0
0
0
0
0
0
0
0
0
12
0
0
0
11
28
0
0
954
0
105
0
0
0
0
0
725
0
0
14
0
0
240
0
0
0
0
1
3
18
0
0
40
0
1680
0
113244
54
9
20
164
0
705
0
404
0
0
0
0
10
14610
39
7828
0
101
0
0
0
0
480
0
0
0
0
1
0
26
0
3243
0
3
894
46
1175904
0
0
86
80
61
1
0
4
58
3
531
689
3
16368
1
0
0
0
494
0
2
102
0
0
618
0
0
25
4
40
4
4
0
94
0
0
0
1
2
302
0
870
0
0
0
6
3315
0
113
0
0
9
0
0
35
636
0
0
0
0
2285
70
0
49
1057
245
1886
392
11
118
5165
0
1
82
11
0
3
229
205
367
0
0
0
45
6
0
0
0
223
0
0
0
77
832
169
0
0
79
0
1348
7157
0
0
45
0
0
0
234
0
0
0
0
0
0
0
1
0
0
0
0
0
1
0
3
5
0
1
149
0
3
3
48
44
2030
0
0
0
2847
39
186
364
0
1208
5
758
0
0
1170
292
7
0
1
408
0
0
0
0
1
607
1
8
1850
89
0
330
87
1
85
0
12677
1
62
595
4
0
0
536
491
40427
172
777
107
0
0
0
32
1
371
4
0
0
6
18
2
29
102
2560
0
3293
2248
0
3447
0
2913
73
0
170
49
1799
0
0
0
0
1
0
237
11339
949
0
1
0
3237
0
1
29
0
0
0
1
272
4
782
0
0
10
91
337
490
810
35
4186
41
178
359
1
797
0
658
31
0
0
3
3192
240
0
17
11235
0
0
0
18
28
30
6293
3
0
0
0
5
0
0
0
11
30
0
1442
82
2
0
47
37
0
287
1846
91
132
8
154
2
2197
2
181
418
0
0
901
6
7695
11
4240
12
11
22
3165
299
35
10
0
5
1
0
0
67
0
882
514
0
0
48
937
178
46
0
25
1119
0
0
0
0
0
360
132
459557
0
631
16
15
0
0
113
172
21
4
0
0
0
5525
0
0
0
0
0
0
0
0
0
0
0
0
0
1
1060
0
0
1
0
0
0
0
0
0
0
100
0
600
0
372
411
2
0
0
0
0
0
0
0
0
0
0
58
1021
1
0
0
0
0
2
0
0
594
0
0
0
0
0
4
393
0
0
0
3
0
0
1
0
0
0
0
0
0
59
0
0
0
0
0
4
14
39
0
0
0
32
0
47
1
0
0
0
0
0
0
2
1557
2565
0
15117
0
138
113
221
0
0
3241
0
2
87
126
0
327
120
0
0
0
133
2
0
0
844
0
0
28
0
31
0
2854
2
5
2
544
0
2
2
24
0
0
56
148
0
2
222
368
1815
1
12
106
16
2771
2
0
430
5
98
0
0
11
2
0
4
32
0
241
0
421
0
3
0
1
10
0
0
0
3
0
0
0
0
0
204
0
0
0
35
54
0
0
0
0
0
0
13
0
1129
0
0
0
0
1
671
0
0
527
0
845
0
0
6
0
0
0
0
0
0
0
455
0
0
0
791
0
0
135
4
5
7
269
0
0
1
0
1
0
0
0
0
0
0
0
0
0
0
0
0
0
1826
0
143
0
0
440
0
0
0
49
0
140
0
0
0
0
0
288
1757
25
298
450
0
0
0
13
0
7
0
0
0
0
76
625
25
0
72
0
3
2564
0
84
2757
0
180
297
293155
0
2
36
0
0
4
0
0
18
89
0
579
0
0
7
294
0
0
4
0
0
869
0
1
0
779
0
0
1801
0
7
569
171
0
0
0
2349
0
0
0
24
0
0
4653
1
0
2
0
0
463
0
726
2807
0
0
0
0
0
2
1450
0
0
393
0
0
388
0
766
0
0
251
0
0
1534
0
64
9
610
474
0
0
0
0
0
103
4112
0
6266
418
0
0
1704
0
0
697
0
3242
0
0
0
0
0
4004
5
46
0
0
0
2
0
0
13
0
0
0
0
0
0
0
0
1
0
0
0
0
0
15
0
0
8
1
8
0
0
0
0
271
22
185
95
0
0
0
20
1
69
0
0
0
12
499
310
792
0
0
842
51
498
0
0
0
4
0
214
6
869
9482
0
0
15
0
0
0
5
11
2425
0
11
0
0
0
0
0
0
0
0
16
0
8
77
841
0
3
13
4
57
0
1
0
0
0
93
58
12
8446
19
8
0
0
4
0
0
0
5103
0
231
0
1131
0
1
6403
1710
0
0
0
0
0
0
1
0
0
0
0
437
0
77
4
1
0
0
0
1
324
0
725
0
0
26964
209
2496
2
253969
732
0
0
82
0
0
0
47
4
1
34
608013
0
244
5
649
736
0
0
0
0
211
0
0
11
39
381
0
822
3
46
689
3
0
5
407
1
0
149
283
56
624
1086
3
55
30
523
2
0
0
469
0
0
9
31
3966
0
0
0
0
0
0
0
0
0
1517
0
0
0
0
0
13
0
0
0
0
0
0
0
0
0
0
0
0
0
0
0
0
0
0
0
0
0
0
0
0
0
0
0
0
0
0
0
0
0
0
0
0
0
0
0
0
0
0
0
0
0
0
0
0
0
0
0
0
0
0
1
153610
0
1
98
11
0
113
1
26
1167
0
2
52
11796
54
3
0
89
38
0
0
478
2
0
0
46
931
0
407
4765
0
972
15
2
0
471
1849
22
105
75
17
6
4
2
8
0
2360
0
0
1
102
0
569
1
2052
1184
0
0
17
0
2
202
1
55
204009
4167
70
1
137
4
1102
246
0
36
0
0
2195
0
0
3
1
0
138
1
0
18
0
5
5
0
0
2
0
0
6
51
3235
20
2342
0
2
0
25
42
971
0
7173
0
0
0
0
0
249
0
3321
0
120
2205
0
0
0
1631
0
48
0
0
0
0
0
1143
0
0
0
0
0
0
0
37
540
2
50
0
0
49
1
0
436
2530
1
39
0
232
0
255
0
622
0
0
60
12
0
0
0
0
0
14
0
0
1055
0
356
25
5
98
5
0
2379
2
0
0
2
239
10
0
2683
0
77
2
0
0
4
500
0
2157
41
5717
0
13
105
141
54
2
484
0
0
0
112
21
0
696
0
0
1974
0
139
75
0
0
2527
123
7153
0
0
0
0
0
263
0
2
0
26
0
1
8
0
0
0
28
1
0
0
0
0
0
9145
11425
592
9620
1
0
0
0
0
0
532
357
0
128
11
2
5
2745
0
0
6
0
0
0
895
2119
0
310
1578
0
0
0
0
0
1
0
0
0
6
0
103
0
0
1
307
0
1
0
64
0
0
0
0
0
0
18
600
7
609
0
271
0
0
61
0
5
0
295
0
0
0
0
58
134
0
18675
0
0
0
79
0
0
0
2021
0
1535
9
924
482
3552
0
0
0
0
0
0
0
0
0
0
1
313
0
261
0
0
0
295
0
0
73
0
0
0
32
205
1014
0
0
1746
0
2882
90
196
0
834
0
0
0
0
626
303
0
0
388
44
36
2108
0
552
0
0
1
0
43
0
7
40
39
0
1910
2
30
141
7
239
0
6
0
801
0
0
1066
11
1348
207
0
0
192
129
254
0
0
769
0
4572
349
3205
192
908
0
553
17
803
0
0
0
2629
13
609
3
0
315
715
0
0
0
0
0
0
0
0
0
0
0
81
353
1880
9
668
1981
0
0
2
0
4
0
0
0
113
0
0
0
0
0
0
22
0
11
0
0
572
705
1096
165
640
0
3811
5051
1962
14562
253
0
0
0
0
3
226
0
0
0
0
3602
378
2529
91
3007
780
874
35587
1548
757
23
0
2
0
514
0
294
0
87
0
70
1
2145
0
0
0
0
0
0
3930
0
0
4866
1158
2094
8492
0
9
648
0
0
0
0
0
0
0
0
785
53
163
271
3194
13
0
0
0
0
0
8
46
16
720
284
0
3
0
0
0
0
0
4
0
0
0
0
0
0
0
0
0
6
0
0
0
307
0
0
622
0
286
300
1
0
26
0
0
0
0
0
0
0
0
0
190196
0
98
0
5
0
2
0
0
1
273
50
79
2
0
32
127
233
0
131
0
400
83
56
0
36
0
0
0
0
10
0
0
936
48
26228
210
34
870
6868
5106
1006
395
601
53
1
220
12038
0
0
69
0
127
276
235
103
1
0
1438
0
0
1
3274
8982
76
0
412
222
4
0
88
1
25
0
12
657
0
205
7
1
876
0
0
1833
0
0
259
169
22
331
4
284
0
210
0
4
2
0
9
0
63
0
330
0
416
1438
0
881
239
0
0
0
0
5489
1
0
1752
0
0
0
0
0
0
0
234
3448
300
1
71
11
68
63
0
0
0
0
10
1
137
1
5
3621
763
2961
0
0
0
19
42
0
0
47
5
0
0
1
6
11
0
0
119
0
1
0
1
0
0
0
155
3885
0
1
46
57
29
20155
0
0
99
0
0
196
0
0
0
0
106
0
3
0
5
112
3
0
0
254
0
25
0
3122
319
0
52
7
0
0
0
2
0
0
23
0
0
9501
0
2
27
456
2
7
37
1531
237
155
0
0
515
0
2
0
176
0
1252
0
853
0
0
0
1665
4664
0
73
633
8
0
0
0
0
0
0
0
0
1393
134
52
1
6985
14
29
556
1486
52
601
0
1
0
48
737
0
3
0
539
154
0
0
2
771
582
173
0
786
0
327
0
0
579
6
0
31
0
9
1503
0
0
0
399
0
686
0
0
0
1
0
0
0
0
0
3100
1198
0
0
33
0
0
1
0
39
688
0
173
0
0
0
0
0
0
0
1
0
0
0
0
0
956
400
27424
0
651
5967
0
3
0
35
0
0
8193
7
5964
0
0
0
39
0
4
210
1
0
2
0
0
0
0
0
1
0
0
317
395
13
0
3046
0
0
0
0
0
96
0
0
2
0
0
0
0
0
0
0
0
0
0
0
66
0
0
0
401
0
0
2
17519
0
145
5359
1
51
0
5424
626
0
1
2557
0
0
3766
0
0
0
0
2
2691
0
1
0
0
0
0
0
0
0
0
0
0
0
0
0
10
0
0
0
0
554
0
0
150
0
0
1
0
0
0
0
0
26
1163
6
0
0
210
6174
239
0
4
5197
236
0
2036
0
0
56
0
0
0
0
0
0
0
0
874
4692
0
0
81
0
0
0
0
1
0
0
0
0
0
0
0
0
14642
0
0
0
1254
9028
660
0
250
0
0
0
0
0
3
0
0
0
0
0
9
3
1326
4
74
3
6982
1212
379
12
1
0
1718
162
1
0
11
0
1143
0
0
1435
1
0
0
1
0
0
0
0
4
0
592
53
138
0
34
0
0
0
0
0
0
0
0
0
0
1
0
0
0
0
0
0
0
667
0
51
0
0
0
0
0
0
10
0
0
15
0
0
1308
0
0
1859
5
550
0
1
1
0
0
0
0
56
0
0
0
0
0
0
0
0
0
27
0
0
599
0
132
51
0
0
0
538
18
0
1
3
175
3873
0
1
1055
472
786
2586
5
21
0
1478
287
0
0
0
0
0
0
0
13
0
0
0
0
2129
2
0
0
1
0
35
0
2
0
0
16
6
485
6425
21576
2622
127
6
36
0
0
411
16
0
0
0
0
0
0
0
48
2
390
0
0
0
983
0
0
35
0
1
11
0
0
886
0
0
1686
145
0
6495
0
0
0
2071
0
0
3
9
185
549
0
12
0
0
3964
68
16
880
89
0
0
0
0
0
0
8910
0
255
2
30
0
48
0
0
35
0
1617
0
0
0
0
0
0
0
0
0
0
0
0
8498
811
0
0
0
0
0
0
0
0
70
0
4153
211
44
1
0
76
0
0
0
0
0
0
0
0
27
3079
0
0
0
2
122
0
10516
0
0
0
6383
0
0
0
0
0
0
0
61
0
0
0
0
0
0
1
3
1
0
0
1
288
1025
0
7
0
1723
0
169
959
0
258
139
7331
0
0
0
0
0
0
0
94
199
4
3
1293
0
0
0
0
0
0
0
0
0
0
0
0
18
0
0
0
4
0
0
0
0
2169
139
0
0
0
0
1
0
0
416
238
109
3
0
0
103
0
0
0
0
0
0
0
35
2
0
0
20
151
0
664
0
0
0
1119
1
0
20
119
6
0
63
10
0
0
0
0
0
0
0
0
0
0
0
0
0
0
216
0
1
0
0
0
0
0
24
0
907
2
870
0
0
0
0
0
0
0
0
0
0
0
0
0
0
0
0
999
0
0
103
0
0
0
0
717
0
0
0
0
0
99
216
2689
4
327
2
40
0
1
0
0
0
0
0
0
0
67
0
0
0
0
2
0
0
1
12
374
6451
42
1081
0
1266
0
0
404
0
35
31
3
0
0
0
611
0
80
0
39
20207
130
256
0
641
0
818
0
0
178
0
264
665
1045
288
30534
263
223
0
0
30764
86
10572
0
618
0
0
653
0
12836
0
0
140
805
302267
0
1
0
224
2
4
3
10
0
1
21
1
25254
497
0
0
24
110
0
0
10
0
0
0
1164
15
0
2779
0
253
967
313
86
3488
323
0
141
246
0
8
75620
0
6
0
13076
26
0
1593
350
0
2280
777
3
0
0
12
118
60
24
23
0
7
22
1
42
8
88
0
1406
8
0
0
78
0
0
340
0
0
1802
4
0
4
312
146
5
0
0
502
2
3
0
71
357
0
76
467
0
4490
0
438
1
0
0
56
15386
121
139
3580
0
46
4
0
145
43
56
35
38
0
2208
0
0
69
0
507
0
538
0
0
0
1700
0
1
0
1
0
3
479
0
143
0
0
2
0
0
1
0
107
0
13
290
94
0
0
0
0
4541
5540
303689
11686
31
485
0
1
0
1050
0
0
0
0
0
30
17856
0
0
57
0
8
803
4
39
0
0
1
72
0
0
6
1336
14072
0
2823
610
0
37
27
255
0
1
0
0
0
8
10
143
1297
42
0
31
2930
311
0
0
0
0
0
0
237
124
651
72
1
8
0
2
0
1
0
1238
19
2796
1
2421
7063
70
68
0
13309
5761
198
0
510
169
3
10
0
33
0
0
0
0
173
0
26
0
45
0
821
314
0
0
2
0
66
0
76
0
507
243213
37
0
333
602
165
0
8622
7182
927
5045
0
60
0
0
0
0
72
0
0
4
0
0
0
0
82
0
0
0
0
182
42
0
0
236
3
0
116
1
205
99
117
0
0
240
0
7
42061
0
206
6
10
0
0
529
0
8
0
442
1
36689
8897
1
462
0
0
60
0
57
2
61
0
19
0
47
0
10928
433
2381
82
203
2
80
1144
26
1
367
0
7148
1476
1367
39
710
155
271
2
2509
0
92
9
2
9
0
0
0
5
122
1948
1440
41
13
3
1
5
95
3297
0
0
32
122
1
45
78
45
0
18
29
0
4
54
0
36
111
111
5
2
9
0
1
113
0
16
1
4
86
195
44
2
3
9
0
11
3
0
4
0
51
0
0
172
227
26
715
1
563
6375
5282
0
0
92
0
45
0
3922
1363
0
137
0
0
3989
0
0
9
0
0
0
55
0
0
367
3
430
0
9915
0
7025
2734
0
264
0
0
63
3410
26
0
0
844
3
0
4
1305
186
0
2004
9
0
0
2
16
129
1
194
156
0
0
0
621
0
19
0
99
599
15
9
125
11
3
0
8
0
3119
0
4053
8311
0
66
383
4741
18749
49
346
167
608
0
0
0
0
0
0
0
0
0
0
92
0
1
0
0
7183
0
1614
1208
44
3316
39
8
0
0
9
2
0
0
0
0
0
0
0
0
0
0
0
6897
0
7965
0
634
1
704
0
310
1
926
0
760
0
0
1
2
87
0
123
0
0
0
5
1
0
0
910
3
0
1495
0
24
0
369
0
3272
0
0
0
0
3172
807
3
0
1
219
0
1
11
11
350
27
27
8
0
0
5675
290
493
0
0
0
0
0
0
50
28
8061
0
594
145
0
0
1202
0
1191
0
1
603
133180
5
285
0
49
144
309
0
8
0
84
17
4
1
0
0
0
2
9
140
126
1
149
3115
209
0
441
0
1029
0
109
0
0
335554
0
13394
0
1
160
0
1108
0
0
0
26281
0
565
260
1
434
24
68
34
7
1
80
4124
177
0
0
0
1498
102
1063
0
2
7098
1
34
0
84
0
7
406
980
243
59
4
4
794
85
0
221
72
36
35
291
0
384
1
0
227
0
120
141
0
595
114
627
413
778
152
0
0
140
2
1
0
565
0
497
40
0
0
61
1
0
0
0
3
0
0
0
0
27
0
0
0
0
0
0
3
0
0
6
35
29
0
854
0
0
454
40
0
69
0
168
22
0
0
219
0
6
0
0
0
7
0
0
2
0
0
0
0
0
0
0
0
0
0
0
242
0
0
0
0
0
4
829
15
5
26
7294
0
0
0
0
0
0
0
1
0
2
0
0
0
0
0
0
0
0
0
0
0
113
0
87
10335
362
0
0
94
122
0
18
3
0
780
7
11
1136
0
8
1
0
0
0
0
0
0
0
32
767
0
1
7
0
8047
1013
0
1290
0
505
1
3198
0
3
0
627
0
343
17
14
0
0
25
0
0
0
0
1
37
8
649
0
0
1
1
0
0
0
0
537
65
20493
0
284
0
820
16
0
172
0
0
0
0
0
0
1
0
49
0
1
2
7330
0
4
0
0
0
67
3102
136
50212
0
0
2
178
425
39
1764
3233
0
0
42
0
0
208
0
8
0
0
0
0
74
52908
142631
1
0
0
0
11
83
21
0
18
11
0
9451
6597
1389
0
0
16
149
1
57
570
0
0
125
139
0
142
0
130
27
62
28
0
87
159
32
0
0
23
66
14
50
245
265
0
4
148
1
61
121
9
0
149
0
30
341
123
10
0
15
0
2
220
45
99
64
5
28
0
62
0
119
0
2
327
1339
4
18
345
40
48
1
10746
7
0
0
827
226
280
0
0
2253
0
75244
827
0
96
0
0
0
21
5179
1
0
1763
1181
1
157
853
3
207
0
70
0
1
0
0
0
15
0
0
0
1
0
24
0
74603
0
35
941
742
83
16
363493
1893
1495
56
0
3
0
0
0
0
0
4
31
0
0
100
11687
255
5341
131
549
1341
0
40
0
1
133
30
405
0
0
1
0
5
0
14990
2
1182
223
6
68
22
46
1004
5
4
18
2
4
9
0
0
1
0
0
0
0
20
2
0
1176
10768
264
2
1531
91
653
6
0
1
68
0
0
0
57
680
271
252
0
0
0
0
0
21
0
0
0
435149
623
4718
8
12373
0
5
1
1
1073
1
37
4
187
0
9
81
903
0
0
11
130
267
17
0
40
0
0
0
0
0
0
0
0
0
0
0
0
0
0
10
0
0
1
1
162
5944
8
2059
0
0
0
100
0
9
0
150
14
837
0
95
47
0
3
59
19
8
1
55
14
22
3
24
0
13
3
8
3
99
0
21
191
819
268
70
8
1
0
3
7
216
0
0
0
0
21
1
0
38
3
0
0
11
3
166
1
60
0
0
0
4
318
151
2401
8
5
11
202
33
0
0
4299
3
3
3
0
2
0
466
5
31
5213
34
12
376
4619
2
0
294
12
19210
38
2
0
0
3
5
0
93
0
1919
0
0
0
3
0
0
499
2
2
0
0
0
2
0
0
0
0
0
0
137
0
0
0
0
0
4
0
0
11089
0
10
0
0
0
444
327
0
298
94
0
6033
34
0
5670
684
538
11
426
0
0
0
190
1
0
78
91
1016
1
1
0
58
0
0
58839
0
2052
0
0
0
0
0
0
0
23
0
1011
0
0
16
2662
1
50
1
2
3
64308
18
3
7120
4
407
0
0
0
1586
6
0
15
0
0
480929
0
229
559
204
0
1
3
1
0
0
0
179
25
16
186
1
2096
0
24
9480
0
499053
68
1876
5
0
0
0
0
0
0
0
0
0
0
0
0
0
1482
331
0
6
0
150
15
10
17928
2
0
0
0
1
1
0
0
4323
959
0
4758
526300
372623
11387
29
20684
0
161
0
1353
367
3632
979
5239
1
0
1
94
589
32
3
904
0
1960
0
4
1908
22
471
14
16
0
185
4
1986
10
0
0
0
0
0
18
225
173
3
445
0
74
10
15
186
0
21
3742
0
0
0
31
1
9
0
5
0
1
39
0
215
0
0
0
0
0
0
0
0
0
0
0
0
0
0
0
0
0
0
0
0
1
26
312
85
0
545
0
0
0
0
7
0
10643
0
0
6
42594
24
0
0
400
0
1
0
0
7
21
0
63
0
5
0
54
0
43
0
29
11
0
86
0
0
366
79
0
557
101
110
74
0
209
59
0
739
0
556
0
414
0
2215
0
33
795
580
0
83
0
733
317
0
484
339
63
119
49
18
0
30
1
1
94
0
0
0
482
22
32
79
0
204
0
0
0
0
0
135
86
118
125
33
330
0
0
0
0
477
1
0
23
0
0
0
0
0
2621
0
83
20876
1561
956
0
1065
2070
109
106
177
0
331070
1655
0
72
0
1833
782
298
219
0
0
0
0
30
475
0
0
4064
0
1695
0
466
1805
0
566
0
9
10
10
83
11
79
0
53
20
71
28
0
58
20
276
537
0
0
0
0
0
0
0
0
1349
305
3
0
104
0
32
0
0
0
0
0
0
1421
695636
234
0
320
0
0
0
3
1
0
0
0
3
3
4
0
0
1
2
8
586
0
336
0
0
0
0
0
0
0
0
0
0
24
22
0
1
0
75
17
0
0
68
0
58
145
5
39
5
0
32
30
8
44
43
0
2
9
0
0
0
0
0
0
0
0
0
894
11
108
0
3
104
0
33
0
7
3
94
0
31
0
0
4
54
0
0
0
8
0
30
0
17
8
31
4
11
29
26
0
38
0
37
0
84
15
76
65
39
16
34
172
19
0
16
24
20
13
85
0
29
63
10
100
149
0
475
2
0
131
641
4
2890
4
0
0
0
0
286598
0
0
2
1
0
0
0
5
11
5
0
244
0
3
1908
18309
601
1
16
0
2
0
2140
2963
16
0
0
0
0
0
0
0
0
0
1783
0
0
0
0
0
0
0
0
0
1
9
0
0
0
12
0
0
0
0
6
0
0
0
0
0
0
0
0
0
0
0
111
892
0
0
327
1
51
1
990
152
345105
0
0
0
0
0
0
0
0
0
0
0
0
0
0
0
0
0
3
5
220
608
0
225
0
0
3
2035
0
4
16
0
0
3
0
13
5273
3264
92
0
0
0
232
4461
2475
1171
1164
2
0
1588
0
0
0
1428
0
4
0
0
0
43
0
0
0
8
10
0
101
568
0
0
1811
0
0
0
4
2
6844
0
0
0
1
1
1221
3534
0
0
0
188
3
0
0
1069
0
0
0
0
0
122
0
0
0
0
0
0
2556
0
3843
0
0
0
0
0
0
0
0
0
0
0
0
0
0
0
0
1409
0
0
0
0
3416
134
0
0
0
54
0
0
0
9
0
0
0
0
19
456
0
187
0
0
1064
0
0
0
1870
0
0
0
193
0
0
0
141
0
0
0
3
1
0
0
0
0
0
0
0
0
0
0
0
0
0
0
0
0
3310
794
0
7
11
10855
446
364
6
3
0
5
0
8895
7
2382
2044
46
39
0
330
15
0
0
0
583
2
308
1
1259
1
5390
1
15032
3257
1
84
0
82
0
0
0
0
24
16
0
0
65
122
41
0
0
0
40149
0
149
0
14
77
0
0
16
3884
196
0
0
1
0
243
231
0
3
988
1217
19
9283
1406
125
226
0
0
0
640
24
425
272
2988
0
5406
149
1064
0
0
58
0
0
148
0
4
1084
2
0
284
3813
25
0
0
854
0
0
1
4
831
4388
0
123
0
2
0
2
4
0
0
0
0
0
68
1734
0
1989
0
334
901
539
0
7241
0
866
0
0
26
165
5
1468
1
0
0
1
0
0
0
0
0
49
0
3540
0
1871
1138
2741
9369
0
1731
5340
372
597
0
284
11
2420
0
5
339
0
12
125
1
0
0
657
0
0
978
0
319
4
8314
222
989
0
560
4
0
3578
1
712
162
0
811
2
1084
0
0
0
0
0
0
17
7029
1199
0
450
0
61
0
0
0
0
220
0
79
890
37
0
171
0
0
4504
0
713
1
650
307
0
0
0
0
0
0
0
2004
138
0
0
0
3
0
0
0
36
0
3643
0
799
1234
24
0
0
0
0
0
1136
622
0
0
2
4
0
10931
4
0
1
1183
0
0
1573
3188
10
3
824
0
1768
1
0
0
0
0
0
0
0
0
0
0
0
0
0
0
0
67
0
12
3679
0
1382
241
0
0
0
3393
0
0
0
45
0
3424
31
0
601675
2973
6
8481
2425
5093
0
2216
0
0
0
0
0
0
1680
338
0
0
6
0
1
0
0
0
0
520
0
1079
0
6072
245
229
344
647
1
6464
21
6328
72
8700
0
3466
0
150
0
0
0
767
0
0
0
221
3316
2263
803
0
595
620
0
0
1
0
40
0
0
1633
0
41
1
12
1
40
4
169
894
8520
4
0
0
0
0
0
0
0
7
0
0
0
0
0
0
0
1
0
413
0
0
0
2631
36
1
941
309
0
0
2
0
13806
172
137
0
664
3
0
0
0
0
1
587
2327
2655
1887
0
1716
2668
444
0
0
0
5
78
1546
155
13265
1386
0
0
8
86
0
0
0
3
0
0
0
0
0
1
33
0
21
9019
0
190
3192
270
6061
1
2065
0
398
0
0
0
243
4
0
38
29
2237
21
0
493
0
4398
0
746
0
2026
2
7711
68
19
116
0
2033
6
5369
0
468
0
11
1545
0
2
0
1260
3
11
1
53
60
66
23
414
0
0
0
1430
0
1
6691
587
28
23
1
25
0
220
3
0
0
5504
0
0
2
0
0
765
779
0
0
0
0
0
0
0
0
0
0
0
0
0
0
0
0
0
0
0
0
0
0
0
0
0
6347
60
313
296324
469
0
1
6083
70
97
0
15708
0
857
279
3924
2028
13599
41
1024
176
0
59826
2
0
775
0
0
280
1626
4048
0
1874
0
1263
833
3
0
36
446
301
824
1
0
0
0
26
1560
0
0
17
179
0
0
10
0
0
0
193
5
380
0
0
0
0
0
0
32
1
0
0
15
0
0
1
1
0
9
0
0
0
1
1
1
0
0
7
0
0
0
2
0
0
0
0
2
0
0
0
0
0
0
0
0
0
2
0
1
0
0
0
0
0
0
0
0
0
0
0
0
0
0
0
0
0
0
0
0
0
0
1
0
0
0
0
1
0
0
0
0
0
0
0
0
0
0
0
0
0
0
2
2816
0
5966
11
57
36
0
0
527
0
0
0
0
0
114
2243
56
0
0
9
0
725
39
414
4072
16
7
64
0
1
115
328
0
29
15
8
37
10
317
36
13
0
0
0
226
2007
0
0
0
0
0
0
0
0
0
0
3
0
1384
43440
220
26
375
4543
1
0
0
1083
1380
1163
1989
171
6
470
35
24
99
20
2957
1080
0
21
868
8188
1746
0
843
0
0
1
8
0
1594
0
0
0
14
0
0
141963
1480
0
317
1184
1
2
0
5037
63
93
36
0
0
5
366
89
0
0
35
22
0
0
0
0
0
0
0
0
0
0
1
0
0
0
0
0
0
0
0
0
2233
0
3
0
0
286
0
0
948
1
0
1058
0
0
75
829
0
10
8
0
0
0
0
0
0
0
0
0
0
0
0
0
0
0
2
7202
1
2267
0
2689
252
19
0
44
366
0
0
1
0
0
0
0
27
881
0
0
0
0
0
0
130
0
0
798
0
106
0
0
0
0
0
2
0
0
869
67
1398
37
1844
1445
30
245
384
6060
0
36
1834
14
13
0
729
0
0
0
0
0
0
78
201
1
75
0
1
0
1581
0
0
0
0
47
0
0
364
0
144
0
15231
0
0
0
0
0
0
0
2
7786
1
2439
0
0
439
0
0
0
4024
0
0
3
0
461
14135
0
0
0
0
16
2680
103
0
0
2189
0
0
0
0
0
0
0
0
0
1
556
0
8
8639
569
0
0
0
0
0
0
0
0
0
673
0
0
0
1053
0
364
1626
0
0
2610
0
35
0
3
0
3124
0
53
36
0
297
1591
1
0
0
0
0
0
0
0
0
0
94
21217
0
74
2931
721
0
0
0
0
0
0
0
0
0
0
0
0
0
2
0
223
492
0
0
0
0
2
6124
0
0
0
0
1
0
0
0
0
0
0
0
0
0
16
0
1
0
804
0
53
0
390
0
1812
241
1922
16308
0
0
253
5234
9
0
16
0
1225
0
22
0
879
0
0
0
0
0
0
0
9
3048
4190
0
0
0
0
0
0
0
0
0
175
3785
0
80
9
1
0
0
0
0
0
0
0
0
115
0
704
578
1607
0
279
2
0
2123
0
0
0
0
0
0
0
0
0
0
0
0
781
6075
151
2170
109
91
0
15
0
1571
469
19135
59
0
0
0
0
0
0
0
0
0
6
0
15
226
0
0
26
3493
23
0
121
0
0
0
0
2
397
0
0
0
6
393
6791
0
1
83
3267
2393
21
26
0
0
0
5310
0
2993
0
2
1458
0
0
135
801
1
0
0
0
1
4573
4167
0
0
0
0
1
653
18
11
60
2
0
534
26
0
1
1222
0
0
183
0
0
0
0
0
0
1098
602
2
37
0
0
214
0
0
3
1
0
771
15039
0
39
41
20405
5858
1411
9
0
0
0
0
0
2
0
1
0
437
5786
498
772
113
4811
376
1132
26
0
0
0
0
2472
0
10
157
328
0
2
584
0
36
0
0
1034
0
2
0
3876
1
0
10268
334
730
12
0
1322
0
0
8
1768
0
19093
0
0
0
582
0
0
0
0
0
0
0
0
0
0
0
0
0
0
0
215
0
0
0
0
0
1
0
1
0
17409
876
0
0
0
2377
0
0
0
0
0
1
528
8
39
482
7
16
3333
263
1117
0
0
0
0
0
0
0
443
683
0
0
3946
0
0
563
0
0
429
0
22962
0
0
0
0
0
967
0
2
3419
0
25
26
0
205
0
0
282
57
0
1
0
44
0
14448
332
0
12
0
0
85
20
0
0
0
0
3
0
1444
415
1086
312
382
3
0
2639
1191
4
0
1248
192
78
0
140
3
272
0
0
3886
33400
0
1624
0
61
772
0
53
1
0
0
0
0
0
0
0
0
0
0
11
0
1151
5
7603
0
10
1
0
31
946
0
144
4955
470
0
19831
464
12268
13691
0
212
1
5
0
0
39
0
0
0
0
10
0
0
0
271
85
58
468
1552
247
119
1
0
0
5416
1329
132
143
993
33
461
4892
0
2680
0
1669
3078
124
783
464
8
94
0
169
0
0
0
0
0
4
1045
5725
0
0
602
784
57
679
234
907
3322
295
0
55
223
37
128
0
0
0
0
7
23
0
0
973
3
2829
0
199057
0
9
31
0
0
0
1
0
1228
0
0
0
73
0
3
2
0
0
16
0
1725
207
250
205
0
2
47
4
0
0
0
0
515
14
1318
4
5
0
460
254
0
19
0
0
0
121
0
0
0
0
111
0
0
0
0
431
4
0
567
0
0
0
0
3161
5
0
0
0
0
0
0
3
0
0
0
55
159
7
30456
0
0
0
0
1
757
0
409674
0
0
7
0
0
0
0
0
0
0
0
0
0
0
20
42
0
51
11
0
78917
50
338
1213
300
0
43
1475
166
0
4
897
350
0
0
70
210
81
27
142
340
0
0
0
0
0
0
0
0
0
0
0
0
0
0
6
0
0
94
142
675
3
0
51
1244
18
174
118
0
96
0
0
1
3133
0
1
0
5
0
0
820
0
2
0
0
7
0
0
141
0
41
0
0
0
0
0
0
0
136
0
0
1
0
0
3
0
1062
21
1330
0
0
0
0
0
84
701
576
0
33
0
0
4137
0
7076
2
0
0
27
0
245
147
56
10
3514
0
0
2759
0
0
0
0
0
0
0
0
0
0
0
0
0
0
0
0
295
0
4699
27
0
1
27349
4621
5903
19400
0
1
1134
54
0
0
0
1
0
0
0
6557
0
11
2
0
26852
31
0
0
261492
253
178
0
852
0
0
0
0
0
0
0
0
0
0
0
6745
0
0
4254
0
16
0
0
1845
453
8
0
2315
470
0
0
0
0
0
0
0
0
0
0
0
14
0
0
0
0
0
0
5
13
0
5
0
0
67
0
0
0
0
42
0
0
0
0
0
0
449
0
1
17
1
1
0
0
0
0
0
13748
21
0
1136
10
71
2
0
0
2338
1
658
0
0
720
162
0
0
0
0
3
0
293
10
0
0
0
0
1217
0
0
9256
0
0
6
205
418
174
0
81
1
0
0
0
0
0
0
2
0
33
0
0
1077
285
6207
0
5770
4561
0
265
153
0
2
0
489
316
61
1228
0
25
0
0
0
0
0
0
0
3
0
0
43
0
0
0
0
0
0
0
0
0
0
138
0
8
0
0
1
1970
116
3591
0
4
0
0
0
8
0
1
473
13
0
0
0
7
2
0
26
0
875
780
91
97
10
134
118
0
3
81
645
0
0
54
2
0
0
13148
3
46
0
5140
1873
0
5
4
0
0
0
126
1244
3774
0
242
22
8
0
9
39
0
2675
274
3
0
321
569
0
0
133
1
104
0
0
281
23
8
59
4
1791
0
234
0
9
0
0
0
0
51
0
0
0
889
235
0
0
0
0
508
535
427
0
0
0
0
1
0
0
0
6585
143
0
2099
80
0
0
481
0
0
0
0
0
0
0
0
0
0
0
0
2239
0
1346
10
0
24
0
0
0
66
0
0
0
0
308
0
306
13
1
0
0
0
0
0
0
0
0
0
15
0
0
0
0
0
0
8
4
0
0
0
739
1937
619
6
164
0
0
0
0
305
0
0
9245
0
0
0
38
2097
4374
0
0
5310
0
1616
0
22
124
25
0
0
0
108
248
53
671
3573
0
226
0
1
0
0
0
2
0
0
0
11
0
164
375
1866
2
0
0
0
0
1129
0
0
0
1059
0
0
0
17603
0
0
0
0
0
0
0
0
0
0
0
0
0
0
0
0
0
0
0
0
0
0
0
55
0
0
0
2
0
12
9
17
136
0
0
0
0
0
0
0
0
69168
0
1
0
0
0
0
0
0
0
0
0
0
0
0
0
6856
424
130
0
0
1
114
0
0
224
0
0
253
53
16
2
58
506
0
10
0
0
0
0
0
3
0
0
0
0
0
0
0
0
0
0
1990
1
0
8
0
34
22
0
180
0
0
0
0
98
0
0
0
1408
2297
21
29
235
0
2271
264
0
0
1
0
0
0
0
128
5
1333
0
0
1
0
0
0
0
0
0
0
0
0
0
959
10
205
0
59
0
0
0
7
39
0
27
3
2804
33
3201
0
10352
31
131
2517
0
3899
43
75
313
1
60
264
457
4
1065
266
3
0
306
0
23
5786
0
0
118
0
0
507
363
0
6719
6
6036
0
44
88
11777
18969
3691
65
3
0
0
0
0
2
0
0
31
875
6
5
17
0
308
56
493
82
46
0
20229
630
0
21
9662
1
40
40
6
0
0
0
0
5704
0
63
591
0
20
0
0
0
0
0
129
0
0
0
0
606
0
0
0
125
164
4
0
0
360
0
0
0
0
0
0
0
15464
5
201
16
2
0
1396
0
0
0
0
0
0
1261
85
0
0
1
0
814
35
0
0
33
0
67
12
0
2
0
0
0
0
0
0
48
1054
38
826
0
0
0
0
0
0
39585
294
162
0
11852
0
0
0
0
0
0
16
0
0
7
41
0
0
2
193
0
2
0
0
0
0
0
0
0
0
0
0
0
0
13
1596
152
61
3
1054
36
8
0
65
1307
0
54
233
129
33
0
15
103
205
0
0
167
0
259
2
0
0
15
0
0
0
0
1947
0
0
13
2921
904
0
0
0
0
0
0
6
0
0
0
0
1378
3
1186
4
1707
5093
5321
2656
38580
0
0
227
372
4
2845
1
5
4022
8
18
0
0
0
2
0
6524
2
0
5915
0
0
0
86
412
1296
14
1485
0
0
1
108
4
0
0
45
0
0
0
0
0
18
0
1
0
0
0
0
1350
0
0
4
5
4
3267
0
0
0
0
0
0
0
127
117
284
10
5915
0
6
3
0
0
0
0
0
0
0
0
0
579
0
1
59
0
0
0
315
2
0
0
0
0
0
0
717
447
0
0
0
364
40
17
0
0
2
0
6598
14
0
1089
1482
12
116269
643
6
1
0
0
0
7
0
293
452
0
27
0
0
65
0
0
0
0
0
0
0
27
0
269
0
1034
50321
102
112
0
975
7233
0
11
0
0
422397
12
0
0
0
0
0
0
0
0
0
0
0
0
0
0
1
0
0
1
0
2
366
1
187
8
60
1479
0
532
16
0
0
0
0
0
0
0
0
191
0
30
0
0
321
0
0
0
13
0
0
3
0
2614
6
0
0
0
108
40
32
79
8
0
0
324
22
1
0
14
13
219
1
11
0
0
0
202
390
1561
0
277
10
6796
111
0
1058
0
294
16
165
1
0
768
12
0
0
0
43
0
37
0
0
0
0
0
0
0
0
0
0
0
0
0
0
17
0
0
0
0
0
0
0
0
0
0
0
0
0
0
0
0
1
0
0
0
0
0
0
0
4
0
14
0
0
0
0
1
0
0
0
0
0
0
4
0
8
186
1738
0
0
0
3
4
0
469
0
0
0
4
0
3414
9
0
0
0
0
0
0
7
184
0
0
555
0
0
1
0
0
0
0
0
0
0
0
0
0
4
0
0
0
0
0
0
0
0
0
0
0
0
0
0
0
0
0
0
0
0
52
0
0
0
0
0
0
0
1
0
2
0
1340
24
25927
598
2428
0
0
0
0
0
0
4
15
0
79
0
0
0
0
0
0
0
6
0
368
2740
386
0
9596
15845
86
0
4206
0
3
0
0
0
0
0
0
0
0
0
0
0
0
0
0
0
0
0
0
0
0
0
0
0
0
0
0
0
0
0
0
0
0
0
0
0
0
0
0
0
0
1295
7
2
15691
0
770
0
0
0
0
0
546
0
0
0
272
0
43
7
1
1819
914
0
1686
41
0
0
1
0
0
0
10
0
0
0
2034
5
218
63
5688
1188
821
0
3
2267
18819
34
35
613
872
28092
290
7
735
138
0
1
0
0
0
0
0
0
0
6
334
1
0
2
221
0
0
0
243
0
116
0
0
48
792
0
5305
29
0
0
0
0
0
0
43
6
0
1153
12096
0
0
3
377
0
0
1032
0
0
0
1
2
2
2
1
1809
0
0
0
0
0
0
0
1794
1946
0
0
0
3200
41
1
32
0
0
0
0
0
0
0
0
39
0
0
3
7425
11496
0
0
0
0
0
0
0
0
0
170
0
93
24
0
0
57
0
0
0
17
481
12
175
0
0
0
261
2
0
0
0
385
2475
1
0
1035
0
0
0
0
0
0
0
0
12
0
0
0
7
0
4252
5355
3832
417
8
1931
5847
4
22
68
1
0
0
0
0
0
0
41
446
163
0
0
0
173
0
2
0
0
0
0
0
0
0
0
0
0
0
0
0
0
0
0
0
0
0
0
0
0
0
310
0
1459
5625
7306
39
4
0
2050
0
0
0
0
220
0
0
163
0
0
0
0
0
116
0
0
32
9
6
0
0
0
11
0
0
0
0
81
2
0
39
0
51
0
17
1199
0
0
2204
1
1459
581
256
2687
0
0
0
0
0
0
0
0
0
0
0
0
21
0
0
0
0
0
0
0
0
0
0
0
0
412
0
7
68
7
2349
0
48
0
0
960
1421
9623
0
344
0
1
78
0
0
276
0
0
0
0
0
0
1
306
0
0
0
6
20
0
0
0
59
0
0
75
0
0
0
31
68
22
1630
367
3
7703
0
0
44
0
0
0
1
1
0
0
16
4
1086
491
12
154
0
0
98
0
128
5345
13
1
0
0
2
179
0
0
4
0
9
0
0
68
753
0
774
0
2762
0
118
642
91
0
138
52
31
0
0
0
0
0
0
0
0
0
0
0
4
79
0
3176
16
1
0
975
711
130
2115
107
0
120
0
3
0
0
1
0
0
0
0
0
0
0
1
0
0
0
2
0
0
0
0
0
0
0
0
7
0
0
0
0
0
0
3
1
0
0
0
4
0
0
0
0
53
0
0
0
0
0
0
0
0
0
0
0
0
0
0
3
0
0
5
0
0
2
0
0
1
0
0
0
6
0
0
6
4
0
9
0
0
0
0
0
0
2
1255
0
0
0
0
0
0
0
0
0
0
0
0
0
0
2
1
1
187
0
0
0
0
0
0
2
0
10
822
9
108
44
14226
1
952
429
0
416
1
0
15496
0
0
0
7
0
12546
0
635
0
4
118
2
0
0
1
0
75
11540
123
0
0
0
0
10
0
11
0
0
0
0
0
0
0
32
0
0
31
0
0
0
2
2950
0
1
0
0
0
0
2
20
0
36
194
204
341
7
313
13
1
7
0
239
1
3
0
0
0
0
0
0
0
0
0
0
0
0
0
0
0
0
0
0
0
3022
4
416
964
449
495
107
5
0
0
11
0
2
66
0
4551
3
3
253
2
0
0
74
1353
106
580
0
0
0
223
14540
390
585
0
1
0
0
0
0
0
0
1
0
45
962
8
18
48
3
4
0
0
0
0
0
0
397
46
0
47
3
0
602
0
0
45
0
978
0
0
73
0
156
631
12
118
0
1297
945
0
1093
81
1061
136
0
1416
0
0
0
0
1
0
2
0
0
0
0
0
0
0
0
2
0
0
0
721
0
775
2
0
0
0
0
0
20
0
0
0
0
0
0
0
0
0
0
0
973
0
327
0
0
68
647
0
0
0
1813
0
0
10
0
0
0
0
316
49
91
330
12008
1
0
359
8
14003
0
0
0
1581
18
0
0
1224
174
0
1
80
26
58
0
0
116
0
29
1
1100
383
0
0
425
0
0
2
23899
67
301
1
0
2
80513
132
0
620
0
31
0
26
31540
88
0
0
6761
0
0
0
94
0
0
1
0
30
0
2
32
0
32
92
0
0
0
20658
9
1
61
0
0
1026
94
221
0
537
0
0
0
0
9
4
37
0
2867
104
2
199
0
84
158
3655
63
200
0
28
0
0
562231
631
183
1
0
66
0
184
613
25
0
341
0
0
0
4694
677
1
70
0
238
0
0
0
63
10119
244
0
26927
4779
0
0
915
0
24
982
90
10
0
208
172
619
138
0
126
2241
6655
2299
1
1282
63
0
156
0
159
16
0
0
9
577
0
8884
7185
35
0
0
91
0
1
0
5
104
3
441
7
369
0
173
0
0
4905
1176
0
370
5
31
5743
58
2
0
0
0
0
0
0
6
0
1
0
0
2784
700
4998
0
0
0
0
0
0
0
21
0
0
0
15
0
1453
573
0
262
197
32
18
0
0
0
2385
0
0
0
1
0
0
872
7
0
6
194
10
0
69
0
45
370
17
0
153
545
0
2879
0
0
2
0
0
0
0
0
0
0
0
0
0
0
0
8
0
0
0
0
0
1247
0
0
0
57
49
0
2286
0
66
0
0
67
12
3
760
0
51
208
0
3
763
461
10
10
458
1013
0
0
1143
287
0
1
59
737
11
39
0
123292
3258
0
0
0
16
2
5
261
61
0
0
209
0
0
0
0
99
0
0
50
0
2
0
0
0
0
0
0
0
14
1346
3948
0
0
200
0
14
0
1691
0
99
5
278
2324
29
0
237
0
0
0
2
0
0
0
11
0
5
0
0
0
0
0
0
0
633
12
0
0
0
1
4
254
3084
1537
0
871
3
210
173
2832
611
1127
26
102
0
285
0
0
6
16
91
57
9
0
4261
0
402
0
329
257
56
36
0
0
185
2
918
0
0
0
0
0
0
0
2143
555
0
0
946
2
0
35
91
0
400
970
138
1
0
596027
0
364
1276
0
16
2
0
3
257
294
2
2
2740
5912
0
0
428
0
0
0
3615
0
0
0
1
566
365
449
507
1754
99
690
603
190
0
59
1531
121
192
0
199
6250
1777
0
0
5
0
0
0
0
1000
0
2097
0
0
616
48
18
969
0
1063
29
0
0
6
2
0
1
370
0
281
157
73526
381
0
5
0
0
0
7313
2243
50
0
0
0
7
2201
0
0
80
3
0
1
3334
1607
35
8
6
0
0
0
0
0
4257
0
3488
402
0
7
65
209
118
1059
4437
1380
0
0
7
548
1
739
0
0
0
931
864
0
0
0
3368
0
0
0
19
0
5
0
0
1687
0
6
753
3583
0
0
0
3799
4
29
489
108
22
1276
1144
2914
0
1
29
0
114
160
1
0
0
1
2481
12
110
26
0
0
0
67
0
226
217584
0
0
1835
323
0
133101
135
83
69
0
0
0
0
690
805
180
0
0
0
60
1
105
218
4790
30
2
0
20
1
0
0
8
1
138
0
0
0
6
0
21
0
0
0
0
1834
0
0
365
356
0
0
0
0
0
0
458
0
259
119
68
1
7
181
0
253
0
18
43
1305
112
5
0
0
1179
2161
12
19
0
241
0
160
1951
1
208
0
194
0
0
0
54
188
141
13
55
0
1
0
2
0
0
0
0
18
39
0
0
0
0
0
0
0
2325
615
1625
67
251
196
0
87
272
122
0
6655
1882
877
0
174
76
36
4
2
2
3
56143
0
283
4
267
123
0
12
9194
2
235
2
0
0
25
662
1759
2
58
0
1877
0
0
0
104
44
1758
8363
4766
0
341
5656
191
89
7
6
0
0
0
20
2654
6541
27
1
0
1
8
0
0
0
2044
46
255
0
176
28
0
2
2406
8
0
0
0
1
225
5745
2519
0
0
0
0
0
3891
0
0
1
0
178
0
1
0
3
2005
69
0
0
4
1259
26
0
7
24
54
3
392
0
13
1631
3
6
886
0
707
299
143
0
0
0
0
0
0
0
1217
123
0
13
68
509
0
9
23181
16
35
1499
2
0
478
0
136
1293
379
276
154
179
1
26
130
3677
97
343
6956
3857
388
2051
508
12
0
10
3
0
0
1
76
650
14
226
925
42768
743
7
0
0
4
0
675
2559
516
0
0
0
0
0
0
0
0
0
0
0
0
2625
1858
1183
0
0
0
0
53
9163
0
6
39
1492
86
525
0
0
1845
375
0
0
970
58
18
8
0
3409
2702
0
0
9
91
0
0
0
4
8
0
0
0
0
1759
2
180
0
0
0
0
0
0
0
6886
0
63
96
0
1
0
4754
1
0
0
0
1
0
0
0
0
0
0
0
0
0
0
614
54
67
0
989
45
8
0
77
0
6214
1563
3148
0
954
0
0
104
0
0
4428
0
0
3
0
1302
0
125
478
0
0
0
0
0
0
566
0
272
2
2916
0
0
0
0
0
0
53
0
0
56
0
0
0
0
31
1
1
0
0
0
371
0
0
0
0
0
5
0
0
0
0
0
0
3933
0
0
0
541
227
448
0
0
26
833
0
5
359
0
0
0
0
47
0
554
0
470
0
0
0
0
0
0
0
0
0
0
0
0
0
528
124
0
0
5
640
81
0
0
0
0
0
0
0
885
4
1731
2546
1740
4
0
0
598
0
4
2944
215
1370
1101
0
286741
82
349
0
1480
3
8
1
0
723
501
2
0
0
0
0
0
5433
0
0
10144
142
2406
0
6
280
1052
0
385
0
3
0
0
0
0
0
41
0
0
0
2
0
35
2143
0
0
15
0
87
209
0
2
4
91
0
5
0
50
0
173
14514
219
0
1
2
165
0
1850
1229
4
0
0
2
166
0
508
340
0
1721
699
0
723
41
0
25
553
1605
0
22
0
96
871
3
0
0
0
0
2
0
0
0
0
0
0
0
0
0
0
1
0
0
0
0
177
0
272
0
235
824
0
1412
15
0
44
0
5
7789
6
0
0
1994
4
0
107
0
4
12917
19
247
274
0
0
20
0
0
8020
3149
712
2468
49
6
3196
0
23703
713
4268
0
49
727
4061
1326
1073
9805
367
205
0
0
384
113
0
0
0
357
34
72
1
0
724
0
37
419
4
0
0
209
3
2522
2063
919
0
3
12
0
185
0
0
0
0
0
0
0
0
0
0
95
0
0
0
0
0
40
471
9
0
0
0
0
0
0
23
30
13
179
518
0
366
1976
0
369
0
0
0
0
0
489
3074
0
0
176
13
4
1
17
2
0
370
0
3769
793
111
0
4
0
1221
204
0
0
147
336
3
0
0
1
1
0
0
0
258
766
0
322
88
0
2232
2271
1
0
321
4288
51
0
0
1617
94
0
0
0
0
34
5
0
4725
2899
1
465
10
0
0
0
1303
0
0
0
199
3369
32
0
11
0
47
845
2109
0
0
0
52
700
3
0
0
0
0
0
0
24
0
293
1121
3
294
0
420
148
1445
0
0
0
0
3300
0
0
0
0
0
5667
36
0
0
1
29
0
0
0
0
0
0
0
0
0
2034
0
0
84
0
201
3858
410
0
782
0
2458
433
11073
1653
59
0
27
0
0
0
0
16420
0
0
0
1002
0
0
312
0
0
0
0
3
2
8
4754
0
0
1
0
0
0
0
0
0
0
0
0
0
0
0
0
0
13
344
3498
0
975
0
0
0
0
0
0
0
1
0
204
1
2625
10
0
0
0
0
0
1
133
27751
6335
271
0
181
10
0
1
1
0
0
0
34
15
25
0
73
8
0
0
0
0
0
0
0
5955
0
0
0
0
0
0
0
0
0
0
0
0
10750
0
0
0
0
36
0
0
0
0
2
0
0
8
0
140
3376
0
0
0
0
8166
336
439
3
14
1
0
0
9531
0
8
6
0
0
0
0
5164
0
53
1233
236
0
0
0
3279
0
0
0
0
0
8
1
7
0
0
0
88
3008
3
2789
0
0
144
5
981
5
0
0
0
0
0
0
0
0
0
0
0
0
0
0
0
0
0
0
32
201
3458
161
0
930
0
0
0
0
0
1
0
0
0
0
541
0
66
0
0
0
0
0
2
20550
0
460
1034
0
712
0
585
0
0
1
0
0
8449
249
0
1437
3
149
0
0
747
0
26175
2
89
283
1
0
0
0
11
0
0
0
0
0
0
2191
0
0
0
0
0
0
0
0
0
0
0
0
1
62
0
936
8
405
0
1626
1500
1
0
1264
0
0
5054
1699
291
0
0
0
0
0
0
3679
0
0
0
0
6761
6196
0
0
0
0
0
0
0
0
0
0
0
2066
0
870
690
0
5
26
8
137
0
611
519
0
1
0
2412
285
0
0
0
0
0
0
14
920
309
1157
309
0
1443
22
0
0
0
5088
4148
21
4
717
0
0
0
0
0
1
0
3
0
0
0
1060
0
0
19
988
78
1
1006
393
0
2959
13
0
171
0
0
0
8
108
730
5
0
0
0
0
0
0
7781
916
0
0
0
0
990
96
0
0
0
0
91
0
0
0
0
110
0
0
0
0
0
0
0
726
0
21
64
0
3
40
2
0
0
0
195
0
0
0
0
21
5
3119
0
0
0
0
0
0
0
8
0
4
0
0
22
0
2919
0
0
0
0
0
0
0
3
0
0
0
1
0
0
0
694
9
26
1
0
0
2320
0
0
0
0
0
83
0
0
14242
6084
4
0
0
622
4
0
0
72
1
0
902
0
59
0
1463
1
0
916
0
6
1
713
0
1412
0
0
44
15
22
13
336
136
23042
355
882
0
0
4
1
13
1469
0
0
0
0
0
74
0
0
397
2344
0
1067
0
343
373992
81
0
117
3
0
233
0
0
945
411
0
0
61
0
0
25614
871
104
155
0
0
43
0
1
0
1163
30
40
1
467
9
0
108
1
0
85
0
0
169
14
202
194
0
0
56
1
814
0
7
3513
0
509
409
148
11262
0
52
0
813
286
122
0
2
1065
635
528
634
4024
935
90
2922
19
0
1388
0
143
0
0
1124
0
0
0
0
0
0
135
4527
17
0
98
810
48
0
0
4
9
31
15
0
0
179
0
0
8
0
172
173
239
10
2
192
297
0
1235
1079
0
0
36
888
11
2
0
0
248
0
5
0
0
614
0
0
0
298
122
0
0
0
0
0
0
0
0
0
0
0
0
0
0
0
0
0
0
0
0
0
0
0
0
0
0
0
0
117
0
0
0
2398
36
20
0
0
0
1
0
0
0
0
0
0
263
0
0
0
10396
0
0
0
3
0
0
2
0
104
1
0
2
30
0
4995
1926
2390
654
0
1002
0
826
0
5
0
33
0
0
300
0
17632
0
991
0
90
119
773
0
0
0
0
0
134
0
0
0
0
0
0
0
45
0
0
0
0
0
12
0
832
0
0
299
0
309
181
1
0
88
263
1457
0
0
663
0
210
0
0
5977
0
228
1947
4
0
0
0
0
0
0
0
0
0
0
0
0
0
0
0
0
3
0
0
0
0
0
0
4286
4
170
0
0
0
0
0
0
356
1200
1777
0
0
9
0
0
0
0
2235
36
392
52
326
588
1311
0
1
167
8502
0
82150
1222
277
13
416
11
5217
3158
1224
48
0
15
0
210
0
8
9
0
0
2
10
0
0
0
0
0
0
517
0
0
1768
19
1
1
0
721
0
0
0
0
0
0
0
0
0
827
584
0
0
0
0
0
0
0
2
0
2308
992
0
0
0
0
769
0
6
2433
456
528
0
0
3482
6395
0
6816
0
440
0
0
107
0
2
661
13
0
0
0
0
417
0
2741
0
0
0
0
2462
0
0
0
0
0
0
0
17
0
0
0
0
1
188
0
1544
636
0
2
18
0
2658
2194
3
1767
0
557
0
986
14738
3
0
73
233
780
0
1584
6122
2890
0
0
0
0
0
0
0
0
0
0
0
0
0
0
0
0
0
0
0
0
0
0
0
0
0
0
0
0
0
0
2
4502
588
2047
22
0
1
0
0
0
4770
2
1
0
0
0
0
0
0
0
0
0
0
0
634
0
0
0
0
0
0
0
0
0
0
0
0
0
0
0
0
0
0
14
763
0
0
2363
4544
276
1557
92
0
0
0
0
0
332
3718
9
0
0
0
0
28
0
21
0
10
1
1783
1629
7
6
1
87
0
0
19
0
51
0
0
15
0
0
2
0
0
0
0
0
179
551
0
12
6894
4175
0
2
4287
6596
0
137
0
147
34
964
1678
0
0
20
0
0
0
0
0
1633
3855
840
0
0
5656
3759
0
3
9
0
1081
49
2
0
0
1
0
0
0
1570
0
33
0
3
0
13
0
331
0
15633
13
23408
190
0
0
4
6014
135
53
296
704
25911
7
966
1678
648
8735
1036
453
0
0
0
3
1023
0
485
3
0
193
0
0
27
8
1152
310
0
5
2488
1022
0
0
1
0
0
0
0
0
149
22
2596
7
746
3866
1398
0
0
7
2003
0
15
537
15
0
18
0
142
0
0
0
0
33
95
0
0
0
0
0
0
0
0
0
0
2281
20
1624
0
0
0
0
0
0
0
0
6
0
1
1443
396
0
0
945
0
213
0
4402
10
0
0
0
0
0
0
0
303
0
0
0
1317
333
2439
1953
2
3
0
0
923
4
2815
0
298
14
0
4587
889
8437
5
559
87
155
900
466
0
0
0
0
0
0
1
0
0
0
2
1
1043
1
4230
0
0
410
38
0
0
0
0
628
9132
0
0
0
0
892
284
0
114
1
588
3602
10
765936
1582
0
0
0
21
684
10800
96
0
72
0
0
0
1302
0
0
2
19
0
0
0
0
0
0
0
0
0
199
0
1016
0
840
445
0
1
144
8349
0
0
3
0
0
0
1645
0
0
13
0
0
0
0
0
0
0
0
0
18035
0
0
1050
581
3
0
440
8745
2
0
0
45
0
0
0
39
6
0
14
0
0
84
0
14195
0
0
0
3057
51
708
0
5
4152
0
4
3
0
1
4
0
51
468
104
0
0
1
0
0
1
128
2
0
0
0
0
18
0
1
0
33
186
401
915
954
5
2
0
0
0
249
5551
584
0
0
0
0
0
0
0
54
1
3
0
0
0
0
0
0
0
0
0
0
0
0
0
0
0
0
0
0
0
0
0
0
0
0
0
0
0
5
0
0
0
0
0
0
0
0
16
3066
0
10851
2231
140
67
138
0
0
3591
22
0
396
112
1
0
468
0
1254
0
0
0
1555
0
873
0
0
1259
2440
0
47
23
328
0
94
9036
0
1
6
0
0
0
2
0
333
0
4577
507
0
224
0
0
0
144
0
0
43
0
0
0
0
4698
0
0
162
0
0
0
0
0
0
0
0
151
269
1021
29
0
0
0
0
0
0
0
0
11
1247
0
0
394161
3
0
0
1
0
19
0
267
0
0
0
0
48
18
0
0
1
0
960
0
2097
0
0
1996
3
0
11
41
3934
152
27
0
0
0
0
0
0
2273
0
0
0
0
0
0
0
0
0
0
555
0
142
251
0
0
273
0
0
0
0
75
0
0
0
0
0
337
116
0
122
3
0
9
223
3257
446
0
1084
0
0
0
0
0
0
0
0
562
0
0
0
1948
398
0
0
0
35
0
0
0
0
386
485
0
245
0
0
0
0
7
0
0
0
4433
5205
310
0
0
490
0
109
0
1494
1850
2726
0
0
0
0
0
0
0
0
0
0
0
0
7
14
1685
3
6964
57
794
16
0
0
0
0
0
0
0
0
0
256
944
0
608
0
7
0
0
0
0
113
0
32
0
0
0
6999
0
0
0
0
0
116
0
1557
8
0
0
0
0
0
0
0
0
0
0
0
0
0
695
0
0
0
344
0
0
0
638
24
112
0
2813
1475
0
0
0
0
1
11163
6
0
969
266
257
2018
0
84
0
0
0
0
91
487
222
1
1
300
2295
1
2
4
0
2
0
0
0
6
2
306
1
0
0
0
0
0
0
0
0
0
0
0
0
0
0
0
0
0
0
0
0
0
0
0
0
0
0
0
0
0
0
4
0
8370
0
0
0
2
0
239
1513
1
369
2
0
1280
0
0
0
39
1
0
1
2
1111
6
0
0
0
0
0
139
0
0
0
0
721
0
0
688
1
0
0
165
20200
0
0
0
0
0
0
0
0
0
0
1
0
0
0
0
0
0
0
0
0
0
0
0
0
0
0
0
0
0
0
0
0
0
0
0
0
0
0
0
4170
0
0
1
921
0
0
1226
267
0
104
0
0
0
0
0
0
0
0
0
0
0
0
0
0
386
183
1
1
0
0
164
0
0
0
0
6
0
0
35
0
0
0
0
0
0
0
501
0
8634
0
0
8
0
1601
0
124
1
0
0
0
3
0
174
0
0
1
0
0
0
0
0
0
879
880
1
570
203
0
0
0
0
0
0
0
0
0
0
2202
802
12
0
65
14
0
0
0
0
0
4
5
0
0
0
0
0
0
0
0
0
0
0
0
0
0
0
0
1
0
0
0
0
0
0
0
0
0
0
0
0
5
0
0
0
0
0
1
1
0
0
0
0
0
0
0
0
0
0
0
0
0
0
1
717
432
6
0
0
0
3
379
0
698
4553
19312
0
5
0
0
0
0
0
0
2338
0
0
0
0
62
0
1
0
0
1
0
1
1
223
1400
7755
0
24
460
2
21759
0
0
0
0
426
472
208
1
1
66
0
18
0
10463
519
721
2322
0
0
0
0
0
0
0
0
0
0
0
0
0
0
0
0
0
0
0
0
1142
50749
1
1043
0
0
0
0
277
50
590
578685
170
0
0
0
0
1239
907
181
0
0
1247
1
0
0
0
0
20
74
0
2364
0
0
278
222
42
90
1
0
2676
184
960
0
0
0
0
0
4
0
697
0
0
0
0
4789
0
3413
0
0
0
0
0
0
0
0
0
0
75
3
0
18
0
1650
4
238
6994
0
0
229
0
0
268
0
5
949
0
0
15536
1
0
0
0
0
5295
2682
56
222
0
60
3434
0
6
0
105
0
6
1
0
3658
0
0
180
580
0
0
6023
0
0
0
0
0
0
0
21
766
0
7
0
0
440
0
0
0
10
10
0
416
0
1583
1824
0
0
498
0
0
0
12908
955
183
0
0
0
1
0
4027
4599
0
0
31
2
1432
1731
455
630
1
1624
1193
0
7090
2463
0
0
0
0
119
4
89
0
1
0
0
0
0
3459
0
12
0
0
0
0
0
0
600
6
242
312
4617
846
1036
256
82
1284
18
0
11
493
0
217
0
0
0
478
0
1351
305
0
0
0
6605
376
0
0
386
96
9
0
0
0
2545
0
0
676
3
0
0
0
0
0
0
0
0
0
42114
435
394
12
0
0
0
0
0
0
0
0
65
7479
522
24993
80
0
1
0
12
56
0
1058
6873
0
1837
0
0
4
808
0
0
1
17276
0
0
0
38
2
1399
6
314
0
1
0
6
0
0
1292
0
12862
0
5252
27
663
29
136
4
0
0
880
26
1470
0
1
0
135
9
4
728
0
0
2136
64
161
5
0
392
0
1896
20
364
0
16
1
899
0
578
0
197
0
612513
13
0
0
0
0
0
0
0
0
1201
1760
20717
0
0
0
0
0
0
0
0
0
0
0
0
0
0
62464
0
0
2
0
1324
2868
0
0
0
396
713
0
0
0
0
0
0
3456
15
0
0
0
0
0
328
7
87
232
6
0
0
0
15
0
0
715
39
0
0
0
0
0
0
0
0
0
0
2450
0
0
184
1776
2303
0
0
8
5413
161
0
178
1
0
233
3773
0
0
0
174
1
0
0
0
0
0
48756
0
1215
0
0
2
2715
1661
28
0
1441
0
0
1
0
0
4
1
0
12298
0
0
0
4
14
0
505
0
105
0
0
0
0
0
298
354
4745
0
2
0
0
44
0
0
0
0
1
0
0
483
0
714
0
6
3199
0
0
0
0
1207
0
11
276
0
1
0
1421
565
0
0
108
5
108
0
80
7301
0
0
0
0
0
1367
0
1810
6663
4229
55
0
0
2438
0
0
1
0
0
0
25
0
1588
0
1435
223
5
38
194
8
0
0
0
1072
943
0
0
0
0
701
0
0
37
0
0
0
0
2
0
0
0
0
0
0
178
2
2630
310
2734
0
0
0
8
0
0
0
3137
1
0
0
0
0
0
0
0
0
0
0
12494
299
0
0
0
0
850
1985
0
0
0
0
0
0
23
0
0
0
0
0
0
0
186
0
89
2025
0
2
2798
13
136
4
0
0
210
0
0
0
2
0
359
332
253
1
174
0
0
0
0
0
21563
241
2573
210
0
536
5
1
0
31
0
0
0
1
0
0
12
1
73
10
151
2
1
31300
0
750
0
0
2
0
755
10
42
0
0
17
0
14801
30
894
0
2352
5965
0
0
3
0
0
0
0
96
5400
0
1822
11731
3
1303
0
133
6671
0
177
0
0
0
446
270
353
3905
19029
1221
579
394
16
0
0
0
0
0
0
0
11071
0
0
2
0
0
0
3
0
0
0
0
0
0
941
3
433
0
0
0
0
0
0
0
1
70
0
0
99
0
0
1946
0
0
0
0
2691
4
524
0
11
42
0
2025
0
7
2022
6277
2648
0
0
788
0
6
19
244
5085
0
0
1186
0
163
113
0
2
0
414
14838
0
1560
0
3
0
0
0
1
0
0
10
1
0
181
3026
205
0
0
0
685
19
776
37
24
50
24
12203
48
19066
490
0
586
167
7691
0
0
0
0
0
0
0
0
0
0
0
0
0
0
0
0
0
0
0
0
0
0
0
0
0
0
0
0
0
0
0
0
0
0
0
0
0
0
0
0
0
0
0
0
0
0
0
0
0
0
0
0
0
0
0
0
0
0
0
0
0
0
0
0
0
0
0
0
0
0
0
0
0
0
7552
0
0
189
82
97
47
0
1
352
1
0
434
0
1410
6488
0
0
0
0
0
4353
0
3469
0
0
6
249
0
0
0
0
43
0
1
5
0
9740
160
831
0
0
0
4151
0
0
472
0
0
1
0
0
218
0
3
0
0
0
0
0
0
0
0
3
0
2
726
0
0
0
0
0
0
5
0
0
3
27
0
14
0
2
0
0
10338
1
243
0
78
8
638
1153
11
0
0
0
0
711
11077
807644
4
53
0
0
0
0
3475
529
0
1
20
0
1296
3067
1
2534
83
0
0
85
0
0
0
22
0
0
10336
0
1
1622
0
0
0
0
0
0
0
1310
28
181
5
1135
0
0
3371
7
425
650
2387
0
1
0
0
50
27
386
0
251
1057
0
0
0
1867
0
0
496
1
0
1
0
638
21
7210
0
0
1
0
0
0
0
0
0
65
0
0
0
2295
0
0
1934
6
0
0
0
0
0
3507
379
0
0
3
0
1
7352
1029
0
0
0
0
0
0
0
0
0
0
0
1
677
609
201
0
1500
0
0
0
0
0
0
0
0
0
0
0
0
0
0
0
0
0
0
0
8
3324
0
245
0
1
0
0
0
354
7184
0
0
0
0
0
2441
4
2
0
29
0
0
0
0
0
24
0
0
31464
0
0
0
956
2163
0
20
20
0
0
0
0
0
487
0
142
0
0
1675
1515
881
0
92
0
0
0
0
0
0
0
146
0
0
0
0
74
0
0
0
0
0
0
0
0
0
0
0
0
0
298
473
0
639
0
1
0
1
0
0
64
134
0
0
5
305
2029
2039
1620
114
1
0
0
0
67
0
0
0
0
1333
825
127
0
3145
229
37
31445
4313
246
0
0
38
2795
2
2
198
480
0
29
1028
178
0
243
94
0
0
30
0
0
0
0
10
0
0
6
0
93
1893
4206
1421
8
0
1233
643
367
2
0
0
0
0
71
68
1
0
0
0
0
4038
0
4042
0
19
0
12835
92
294
278
727
125
7
511
19526
0
0
858
2
2
0
607
1324
8
0
0
80
36
147
1
0
11
0
0
0
102
19
0
0
33
0
264380
141
0
35
0
0
0
0
986
123
1208
0
0
0
0
1
0
0
0
0
0
0
0
0
0
0
0
0
385
333
0
0
0
6
83
16492
10
1186
0
782
9
1158
0
0
1486
0
81
0
2
0
0
3092
1
0
0
19
0
0
0
0
0
0
3255
0
0
2449
0
0
0
0
0
0
0
0
375
0
0
685
0
0
0
202
843
0
0
6
1
856
6
1309
0
0
0
0
0
216
1487
30
0
2464
0
83
2175
2
33
0
145
1
490
0
161
0
2
0
0
0
0
0
0
11
0
58
2192
2891
0
6484
1
46
0
0
116
0
0
68
0
0
396
0
0
108
0
229
0
0
0
388
19
0
497
1
602
0
2
0
248
0
14017
549
2365
0
0
0
39
0
0
0
0
13
0
0
1792
1
1877
0
1300
39
0
369
1
0
0
0
0
196
1091
0
1408
0
997
3403
29170
777
0
0
0
0
1089
7
568
1067
0
0
1
0
0
0
13
0
0
2
0
0
0
0
0
6
0
346
12
160
2
654
1202
0
786
0
0
280
1
0
25587
0
0
169
0
0
0
0
0
10
0
1667
0
0
0
0
0
0
0
0
0
0
0
0
51
0
0
56
354
0
25
0
0
0
5
0
0
0
0
0
0
1
0
0
0
0
0
0
0
9
4265
821
1155
957
555
0
0
136
0
9
0
2176
0
0
0
0
4
0
0
0
0
9
0
14
0
140
6
0
0
0
0
0
0
0
8
0
0
0
0
0
0
0
0
0
0
127
0
632
87
0
62
38
95
0
22
0
17
11
43
73
4
0
0
4
0
0
1
0
2
373
1
0
0
5
0
0
0
0
0
0
0
0
0
0
0
0
0
0
0
0
0
0
0
0
267
0
0
6
22170
0
291
0
34972
0
5528
277
0
0
0
1
0
0
477
1
320
10
0
851
12345
0
471
38
6627
5089
192
55
322
2078
166
28
222
0
316
0
2287
3
188
0
148
0
2
4
27
202
2
0
0
0
0
0
0
1
0
0
342
5
0
0
0
0
25220
25888
0
0
676
0
70
0
139
0
0
1
27
47
1
2180
42762
1718
166942
1901
3898
465
0
0
626
9478
4
2
20
64
0
43
0
0
0
7
0
1512
8043
15
0
0
0
3
1134
342
0
0
0
13481
54
0
0
1481
82
0
1
0
1
4932
740
561
117
1
0
1
0
0
4
594
0
2
13
3
2
0
43
71
498
472
609
10
5
0
0
28804
217
34513
8685
3907
0
3578
79
51
0
80
14596
141
50417
1037
4416
0
17409
3302
0
108
30795
62575
0
1
96
1010
1112
232
0
12
168
986567
0
2901
4880
118
1858
1
2897
1
83
943
16139
190
0
2
67
1
186
5075
0
403
0
0
0
0
563
189
338
6
33594
148
0
584
636
3187
125
508
691
0
0
0
57
740
144
12
265570
0
0
0
5639
0
6
0
0
0
1
3318
20
869
121
52
79
10
0
178
10
0
807
4054
8802
0
57
37
14
12
1580
0
32
413
625
220
0
60
2009
815
1192
0
1
40
0
557
199
0
1088
0
11
0
0
78
0
1
0
4
0
0
0
0
0
0
0
0
0
0
778
0
0
314
7
2
11
3
815
0
1
0
57
0
219
0
1
0
16
30
0
0
12
0
0
15
30
444
0
515
0
0
0
0
3
3560
394
7415
0
0
232
998
0
10
1399
29
22
97
141
641
249
778
0
66
55
2347
0
16
44
263
0
3384
0
0
21
917
63
2
111
2
464
243
0
751
208
0
130
19
13
178
0
78
0
0
0
0
0
0
0
170
42
0
0
22
48459
10
41
0
1
0
55
0
8186
0
753
379
0
0
7
33
15
12
12
0
0
2
0
1
2815
1
0
0
0
0
0
14
0
3635
0
0
0
0
0
485
436
0
0
0
0
0
0
0
0
0
0
0
0
0
0
0
0
0
0
0
0
0
0
0
0
1208
1
83
57
5
211
0
1
0
0
8
721
5383
0
635
0
512
0
0
0
0
0
3
29
0
0
0
0
0
0
0
0
0
0
0
0
5
1367
0
32
315
1222
0
55
18
324
0
0
0
0
0
0
128
0
0
247
0
4037
1
1
0
0
0
0
16
9
2289
471
0
1
1
1
456
225
0
7222
0
5227
0
0
0
0
0
59
0
0
0
2
5
0
0
1
0
49
1584
541
17
58607
3
134
0
93
0
0
0
0
33588
2095
3
0
0
0
7129
163
0
0
0
0
0
0
0
0
235
6999
2845
0
0
13
0
19
0
0
76
60
337
0
8
0
76
0
2
0
0
1918
0
89
0
618
255
3
49
1
0
0
0
3515
0
0
0
1659
0
0
0
0
107
3539
20
9504
0
0
0
1807
0
177
5
0
2
292
2923
1448
2573
0
0
0
1665
0
17062
1
219
0
2
800
506
24
0
1234
2012
0
1027
0
432
0
10
830
0
0
0
0
0
0
0
0
0
83
0
2
4819
0
0
0
358
12
147
1
0
0
0
0
194
0
118
15404
18
381
56
1357
0
0
0
0
0
0
4390
0
0
221
0
0
0
0
0
0
365
0
0
0
1699
175
0
2498
0
327
765
1
0
28
807
3
340
3
0
202
5032
0
0
1526
0
0
3659
0
140
34
0
154
3
314
0
493
4580
0
18
102
2235
67
0
1237
1223
1
0
75
13400
4
5
31
0
269
3030
2070
2243
101
0
48
1
0
1161
0
57
81
0
3559
0
1
205
154
0
0
0
0
0
0
0
0
0
3
0
3
0
4336
0
0
3244
86
0
0
0
0
1
1894
0
0
0
99
0
0
0
2841
0
8
0
0
14047
4
844
501
0
0
0
0
0
0
0
231
3627
332
0
1556
0
187
535
3
60
1241
221
0
659
2824
38
0
39
0
0
0
1
5
67
2
1105
0
0
0
1
2749
0
101
1661
0
1051
0
184
2386
6
4
0
0
0
744
77
17
0
23
0
0
2299
37
2335
5
1639
1
0
0
404
1024
0
892
4
0
0
9
0
1
0
1
1
6
3841
0
0
0
0
0
0
143
186
484
0
232
1052834
0
0
0
0
0
0
0
0
350
1
1230
0
0
0
0
0
0
0
0
1716
1
141
0
0
500
0
1
0
0
53
0
25
8101
0
153
0
2704
0
210
0
0
0
0
0
3880
0
0
0
0
17
365
7
0
9
1
0
0
7176
39
43
4
535
0
1567
739
187
0
117
67
45
0
1
0
0
30
0
0
0
0
1373
0
20
0
0
221
0
0
0
0
640
0
120
843
1054
2740
0
1
2325
0
0
33
0
17
16430
0
18
0
0
23
17
1435
0
296
0
2
25
0
0
0
509
0
0
0
0
0
0
646
35
0
0
1
282
5
23
0
19
5133
0
1162
0
0
1704
236
0
398
3433
0
11
3
0
0
0
0
2
0
0
0
2
2
0
60
0
211
0
0
0
1
29
376
577
468
9
0
3949
0
0
0
0
0
0
225
3
1052
8
0
0
0
735
2
1388
30
0
880
0
0
0
0
0
0
538
0
0
193
0
33
2476
0
0
0
76
104
966
396
0
138
2608
1309
11100
0
9
1
259
5
667
39
2
0
0
0
0
0
519
0
1600
0
1155
4433
1148
3
0
0
3743
0
15
0
0
0
0
0
0
0
0
0
0
1857
71
28
5
0
0
0
0
4520
0
0
0
0
0
0
0
0
0
0
0
0
0
0
0
0
3833
1675
0
29
83
0
27853
16
244
4
0
0
2
0
0
0
0
0
0
0
0
0
0
0
0
0
258
0
0
0
0
0
0
0
0
0
0
0
0
0
0
0
0
1
0
0
0
0
128
0
2411
0
0
0
508
0
0
0
0
0
0
0
2
12
370
0
14611
161
1658
0
0
2
0
0
0
0
17
2
0
0
0
16
0
0
0
43
17
98
0
5
31
1035
53
0
50
243
0
127
0
1
0
0
0
0
937
3
0
0
22
0
0
478
0
10
0
82
114
0
0
0
0
6
619
0
18
2606
994
1684
7
0
159
37
610
157
2
28
394
0
0
0
0
0
11
0
0
67
59
0
0
0
1263
88
0
3562
0
496
0
0
0
0
0
16
0
45719
0
1
2994
10
890
3
811
249
4868
0
0
338
39
39
33279
143
994
5
716
0
404
43
157
9
368
0
99
1569
0
0
2
869
0
3331
468
2
2
602
258
0
0
0
0
0
0
0
0
0
0
38240
0
6085
0
0
678
0
0
0
14
49
0
0
0
1
0
0
0
0
0
0
0
0
0
46
0
0
0
0
0
289
2585
0
87
1
0
365
277
0
0
0
0
1619
0
1168
1
0
1
0
0
0
0
0
1778
0
0
0
5
0
0
18
0
0
0
0
368
1
956
34
14
1
0
0
0
0
61964
782
0
450
971
0
2
3419
161
1882
444
42
0
4
0
0
0
849
14
420
1508
167
0
0
0
0
0
0
78
0
36222
4437
12408
1
1
0
0
0
4501
13
936
0
2
0
0
0
0
2
3
18
0
0
1
0
0
0
0
0
0
0
0
0
150
0
23528
618
4
176
0
0
0
0
20625
0
0
1
87
0
0
0
1
458
9
45
636
0
224
0
240
2
3
197
0
918
13
0
0
3026
0
0
0
4
0
0
0
0
0
0
0
0
45
0
0
5446
411
0
0
0
736
19
2167
2573
204
0
0
0
0
0
0
0
231
0
0
0
847
0
0
17
36697
0
0
18
0
0
1
36
0
10645
0
0
0
0
1268
0
286
10
321
0
514
50
0
0
42
0
0
0
0
0
0
36
0
6
10
39
0
257
0
25
16
44
19
0
2
4114
0
0
0
0
136
0
4052
0
30
0
1466
865
34
0
0
0
0
0
0
0
0
0
3
0
2175
105
0
0
0
0
2221
460
4003
163
0
54
96
0
4
8
921
8
64
55
1837
1
1
731
1
149
0
1644
3594
685
107
0
17857
4838
0
0
0
11252
1094
185
4
1014
0
0
0
0
0
6
5
0
0
0
0
0
0
0
0
488
0
0
1477
0
9
0
3
3
8660
5
0
0
0
1
0
1
0
0
3674
14
102
0
0
29
0
0
4
0
0
0
0
0
0
0
0
0
0
0
20091
0
0
0
0
216
206
0
0
0
0
0
7
1681
161
88
11258
838
2
28887
21
0
0
0
0
0
0
0
0
0
0
0
0
0
0
0
0
2
0
0
5
0
0
0
201
180
364
245
212
0
99
80
0
346
0
16
1092
1790
1
1658
0
26
177
14
4
461
0
0
386
2293
883
0
12
0
0
0
0
0
0
0
0
109
0
0
181
518
0
0
1206
0
0
0
2142
97
43
0
0
0
2212
6
192
0
0
8
0
0
0
0
82
1829
680
301
35
12
0
6583
42012
24
9
342
70
0
0
1
528
1
416
2
0
83
859
1222
1528
4088
0
2357
217
0
489
100
0
1
3
172
0
500
1284
0
2347
135
2130
9
3316
222
1260
0
3
0
0
0
51
0
0
13144
0
126
0
352
0
0
1
0
0
5
0
8
5
0
1
0
0
110
0
174
1846
683
1917
574
116
363
3
448
1107
69
10213
0
0
470
0
0
0
0
0
0
0
0
0
0
0
1103
4
396
0
0
0
0
0
107
9232
301
0
0
2573
1163
255
8
0
606
488
4897
357
1
888
2710
1
1749
0
0
0
0
65
779
0
0
0
0
0
1260
24
1
35
0
0
0
158
0
0
0
76
4
2
1273
15235
0
0
0
112
0
196
0
370
1
375
5680
10
0
0
0
1252
242
1
1
7
1021
22682
3217
9561
5
7
61
20889
106
559
17
188
316
0
1
173
2
0
0
0
0
1
0
1561
0
0
0
970
127
123
4230
454
105
212
0
152
0
0
11070
100
3
10
632
34
21
0
214
6101
691
100
0
3331
6
3
225
0
0
180
600
2120
4
0
101
1016
7
0
1097
387
14
0
0
6
163
16
246
3283
0
0
0
1
4
99
0
7
3
76
0
0
0
317
11754
24
10114
0
2
27
14
0
0
3153
0
0
209
0
1899
0
23
4
457
10051
5
0
36
4
4
0
22
33
0
0
0
0
0
157
29
1
2
0
628
162
5188
5936
3059
0
0
0
452
0
27
1
0
15802
0
7040
0
321
232
0
0
524
30
1476
3244
0
0
0
0
0
489
1386
1320
0
1487
0
214
0
2402
2
1
8
1435
0
1054
0
0
0
150
2467
827
167
0
0
0
0
0
0
319
167
124
0
1546
0
585
3
0
100
278
1
1
339
0
1
0
1599
0
0
0
0
0
2664
3010
0
0
0
1
0
0
0
0
9170
0
193
0
0
0
0
0
0
0
0
39
0
7544
8
0
0
0
0
0
0
1164
817
34
1303
0
0
10
0
0
0
1
0
0
0
0
0
0
9
0
3183
0
0
0
1519
0
0
0
0
0
1
0
0
0
0
0
427
39
0
0
0
0
0
0
0
0
699
0
0
36
848
4
0
0
2245
0
0
0
0
2907
0
198
2
228
0
0
4
0
0
483
0
69
0
0
1
950
0
111
1662
0
48
1
0
243
3
6
0
189
0
2656
0
103
180
5
252
0
0
1
0
101
0
163
0
0
23
0
355
0
0
0
0
1115
1
4
0
0
806
0
2
0
5
0
0
0
0
739
0
1288
7
0
136
0
3
400
0
0
174
0
27
18
41
2
0
130
0
0
2016
656
880
0
0
0
0
29845
0
12
6
0
0
0
0
0
0
654
0
0
0
1452
8
0
0
0
3
2183
28
1106
533
559
3
0
0
0
388
4817
599
2400
165
12
1182
0
95
26225
0
416
1979
1
0
0
0
0
374
19
212
9
0
22636
0
0
0
0
44
0
106
0
0
0
1
0
1
15
6
13
6
0
3
31
0
0
0
0
1
0
0
17
0
0
0
1
1
0
2
0
7
3
0
1
0
4
3
1
0
0
7
2
0
0
1
1
2
13
2
0
0
23
31
12
3
0
0
1
0
0
0
0
0
6
68
7
1
15
0
0
0
0
0
0
0
17391
0
0
0
0
0
0
0
0
22703
7
1475
0
0
0
0
0
0
0
1
0
0
0
8797
0
0
218
6
1
0
21
599
15
38
0
0
0
10
0
0
111
0
0
0
0
0
0
0
0
0
0
9
0
2
0
0
94
0
9
0
739
0
60
0
0
0
0
0
4419
839
0
1174
39
9
104
46
17
73
0
0
20
209
12
663
19
36
0
3
73
0
0
0
0
117
14
0
3
0
4
0
3
0
5
154
1499
126
1834
189
115
10
0
11
14924
8927
2
0
5
7
172
0
9
774
893
0
2914
27
77
0
0
0
0
122
67
9
2508
0
0
12378
5
0
12
859
1672
3
0
0
540
0
5951
0
1
110
0
0
0
0
0
0
743
352
0
0
0
0
0
0
0
1
0
197
0
0
0
0
1
0
373
2725
0
0
0
0
2
0
29
0
499
0
158
0
0
0
0
0
595
0
1437
0
0
0
205
0
31
0
0
0
0
181
1375
1423
4
0
0
27
0
0
0
0
731
0
0
6333
1
0
0
0
0
0
0
0
0
0
9
0
829
1
0
0
4
1
0
0
30
0
0
0
0
0
2
0
0
0
0
0
0
28
1682
6
0
2
1204
0
0
9
0
0
0
0
0
0
0
8
0
0
0
0
0
0
0
0
0
0
0
0
0
0
0
0
0
0
0
0
1
0
0
8
0
91
0
0
0
0
0
0
0
242
330
1
2
3
0
0
0
0
0
0
0
0
754
1
0
749
0
0
0
0
0
0
0
1
0
0
561
0
136
0
0
0
0
143
0
0
0
0
1
1
140
0
0
0
0
33
1302
13
1064
0
0
0
0
0
4
0
0
1
11
0
17
0
1
0
483
0
0
1
12
0
0
0
1
0
0
0
212
0
0
0
526
0
1327
2380
782
1
0
0
207
0
0
0
0
1
12036
6025
14
16
0
28
0
0
0
0
0
0
8
604
0
2201
2
0
12
2569
0
0
0
0
0
0
0
0
0
0
0
124
467
376
20
0
51
50
8
0
69
0
0
9
0
1684
0
2
10
866
0
85
0
179
0
15
363
0
317
0
16
0
2
45
64
0
2
0
0
129
109
0
349
0
618
1460
2
488
0
0
305
0
0
0
0
0
4
437
16
24
0
0
0
7
66
0
0
1385
32
3
458
53
0
0
0
0
3252
1403
0
411
0
0
0
0
51
792
1
866
575
0
4530
0
39
7
0
0
142
604
0
56
0
7
0
10
32
0
110
0
235
2561
0
0
1
0
0
0
0
0
0
0
0
4687
0
4300
0
0
748
0
0
0
12
602
0
0
1352
118
283
0
0
625
0
0
0
138
401
0
21
511
1076
23
0
0
0
0
0
0
0
0
0
0
0
0
0
0
0
0
0
0
0
0
9
0
0
669
607
8
20
4469
0
0
319
0
988
0
0
0
298
183
769
580
2275
0
0
0
41
0
0
125
0
0
0
0
4796
0
316
0
11
54
440
1
0
0
86
0
0
5
0
0
0
0
0
0
0
5
0
0
0
652
45
7
0
167
0
0
27
1
0
1797
0
0
289
0
2
541
2830
0
1351
194
0
605
0
0
1
408
106
5416
0
1117
88
442
0
0
0
0
0
1176
0
13396
267
1270
1
0
0
0
0
0
0
1
0
0
0
0
0
0
0
0
0
2
0
4340
11
0
0
0
3
0
0
1
0
3447
0
0
0
0
0
0
0
909
0
0
3899
6
457
228
0
0
0
0
0
0
140
4775
6572
240888
0
0
37
3171
0
8
0
0
3
0
0
152
0
0
0
0
1
0
0
0
0
8
0
0
1070
0
4794
1198
232
5
0
0
0
18
2
16060
0
0
0
0
767
0
4
111
0
0
0
1068
0
0
0
0
0
0
0
0
95
0
0
0
124
0
0
0
0
0
0
0
0
0
0
2
0
0
0
0
330
265
0
2245
0
59
0
4
0
0
8
0
122
3
1249
176
1370
140
22
0
0
5289
2059
5254
0
2
0
3
0
0
0
0
0
0
0
0
15
0
0
0
816
0
0
9484
65
990
6
0
1
0
0
21
1
0
0
0
0
0
0
2722
0
1
0
5
173595
62
0
0
0
0
1140
0
1
116
4893
123
8743
0
0
0
0
223
0
0
0
2
0
0
2
0
0
2
0
0
0
0
0
0
0
154
0
0
0
182
1532
47
0
0
1
0
0
0
1415
5
0
317
0
0
0
145
0
0
4
711
0
0
10
0
0
2538
0
0
0
0
0
0
1029
0
1011
7
0
446
0
0
0
1
0
0
0
0
735
0
59
0
13959
64
0
0
0
0
4
118
0
1
1
0
0
0
0
2493
3438
9061
0
0
0
0
0
0
38
0
0
0
14
1068
222
5119
12545
0
2
0
0
31
0
0
0
72
311
0
1319
646
116
3
0
0
0
0
0
0
0
0
0
0
0
381
0
1
0
0
233
0
0
258
1
0
45
0
50
0
0
0
3
56
29
2832
0
0
0
0
167
0
2515
30
0
904
187
1
0
1027
10
0
34
0
0
0
0
77842
0
489
401
0
4
901
0
0
0
19384
6
1
648568
0
3
65
527
193
0
918
0
0
0
0
0
0
162
2072
0
0
35617
1
4
987
101
2545
0
0
0
0
0
52
0
0
66418
15319
0
2
0
0
8654
0
0
0
0
0
0
0
293
0
421
50
3082
0
0
0
212
0
1436
0
36
0
1
0
1329
0
0
1
1
0
18
0
0
463
2193
0
0
0
0
1
0
11
0
0
0
0
0
0
17
819
6
0
53
0
65756
0
1629
0
0
4
0
1213
0
12070
57
2607
4
0
0
0
0
0
0
0
0
0
0
0
0
0
253
0
0
0
28139
1985
9180
4
1
3
812
273
34
93
0
2
0
0
1
0
3
0
84
1340
22
0
15
0
0
3309
150
158
4
0
1
0
0
0
0
0
0
1
4
1
0
0
0
150
0
0
1321
661
0
0
0
592
16
201
1131
149
225
0
0
0
0
1072
0
0
0
0
0
0
0
356
0
1
26
3859
1
10659
4716
0
0
0
0
4
0
54
919
0
1291
0
6
0
0
1504
0
0
0
0
1
6
78
0
0
5
0
0
0
326
629
5
0
0
0
0
5642
0
0
4502
0
0
0
0
0
4997
0
0
0
1
0
117
1034
5770
0
5
1639
0
286
149
0
0
0
0
0
176
0
0
0
0
3
0
0
0
17
0
0
0
0
0
0
0
0
0
0
0
0
617
0
0
699
527
0
603
0
703
18
37
0
0
0
0
0
0
0
24
35
0
0
0
69
0
4
0
0
0
17
0
0
0
13
0
0
1060
0
0
0
28
0
0
0
0
0
0
1
875
0
0
0
27
0
11
273
14
0
1121
0
43
0
4
0
105
11
0
2303
13
0
3751
0
79850
0
1
1498
1
11
33
0
0
0
0
0
0
0
211
803
140
1
899
143
86
3
299
0
182
1076
3932
3280
530
35
32
577
1752
32
203
294
0
0
0
0
114
531
473
1228
0
1161
11814
21
0
43
0
37
0
12
8
494
46
0
9
0
60
0
0
0
0
184
109
361721
50
43
6
164
3
0
0
1727
519
0
0
0
0
0
0
1494
0
17621
0
0
19
0
0
0
0
0
4228
0
0
0
4
0
4458
0
195
52
2
0
5
0
1
0
1
38
0
39
770
133
196
0
9738
0
0
0
10
3
0
748
88
12
0
748
1
104
1419
0
25
0
0
0
986
0
9
4
2
18
1299
0
2782
0
0
0
0
0
0
0
0
0
0
0
0
0
0
0
0
0
0
0
3
0
0
0
394
0
1
0
734
780
12804
222
0
3
0
0
0
0
0
1700
0
0
0
1
0
1109
2795
1015
0
0
0
471417
8
0
0
644
201
0
4924
0
0
0
0
0
0
0
0
0
0
0
0
0
0
0
0
0
0
595
0
0
0
95
16
0
0
0
0
0
0
0
0
0
0
0
0
0
0
0
0
0
0
1160
604
1651
4
0
0
0
0
12
0
0
2533
0
4
0
0
574
5856
11
1355
6321
0
0
0
0
0
694
10239
4295
1105
1
0
6708
2517
582
0
0
79
70
0
124
0
0
0
0
0
0
0
7
0
0
0
3
5
4
0
1836
1374
0
285
340
6
108
0
22
20
0
4
0
0
0
7
5342
1
29
1073
0
61
1
72
4
12
0
0
0
0
0
2
0
4093
41
32
0
2947
20
8
15
1
60
566
0
0
40
0
2324
2
2
1385
36629
411
89
93
6
0
24
21
22
4245
32
41
0
0
1
0
375
2955
0
4739
67
295
28
109
0
123
0
0
85
0
2688
0
2722
0
480
0
3
1
2210
3
0
703
668
109
74
5
0
0
0
29
15
0
0
0
0
0
0
0
0
0
12
0
9
4
0
0
0
0
0
0
0
186
0
0
0
0
0
0
0
1
0
0
0
0
0
0
0
0
0
0
0
0
6
0
0
0
0
1
7
0
0
2
115
0
4
37
0
1
0
0
0
0
475
0
0
0
0
0
44
0
0
0
0
5
1
199
0
0
0
13
0
36
0
0
622
131
0
0
0
163
3
8
0
0
3
0
0
123
0
118
0
0
0
5879
18
0
0
0
1183
87
733
0
1
0
44
4225
0
1
1638
23846
0
0
0
0
0
29
0
591
713
7491
0
607
732
60
44
0
0
0
1709
1
0
344
733
30
0
0
1048
0
0
0
0
0
151
0
0
0
0
0
0
0
0
1
0
332
0
43
1227
1
1095
0
2
282
93
11809
0
143
0
8
0
0
4807
0
0
1165
411
0
656
3956
0
0
0
0
0
0
920
481
0
0
0
0
3
145
0
0
0
3
7
0
552
3570
2841
2
1
0
0
0
0
0
0
0
2597
0
0
11
0
0
0
0
230
68
0
0
992
0
964
3276
76
6
0
0
1
82
203
147
1388
82
0
2545
83
0
3
0
0
1
465
916
997
0
0
0
70
3
0
0
83
0
40
262
0
0
3566
105
0
37
0
0
97
0
0
0
0
0
601
0
794
0
0
0
0
0
0
149
8
226
104
267
3
338
68
690
0
3
1
13
0
76
724
26
0
318
576
0
4472
0
0
0
235
19
21309
0
3833
212
33
90
0
35
16
0
3
0
421
0
78
18332
0
0
3
0
28
2403
0
7951
304
603
82
1
0
0
0
0
33
172
0
0
0
2974
8
0
0
0
0
0
0
0
2390
0
0
0
0
0
0
0
0
0
395
24
201
2
0
853
220
1
145
0
512
3
0
0
0
0
1
0
0
1226
0
194
0
0
0
0
435
170
75
285
0
0
3
0
0
1
67
0
25392
0
1
0
0
30
28
0
3116
64
47
0
285
92
464
0
1294
621
2759
2522
7
14
637
0
421
28
0
0
96
0
0
203
5346
52
749
542
0
3
3
5
242
3881
4
88
1
0
0
40
3
0
0
11
9
642
81
2
1477
54
0
0
4
340
0
0
0
0
0
0
0
0
0
0
0
12
0
0
3
0
1
11
112
9
0
0
0
0
0
0
0
2208
882
130
9
362
808
46
228
9336
6088
1522
0
0
547
50
3
0
10
0
1859
0
0
527
359
46
0
214
0
0
0
0
0
0
2
2
0
0
0
0
0
0
0
216
0
917
31
3
1631
0
1485
0
1661
0
0
0
0
0
149
0
8554
0
0
0
10
8
0
0
1
270757
3408
1446
198
623
421
5534
0
1816
1144
0
378
0
0
99
1
0
0
0
20
5
70
0
0
21
26
13
418587
369
79
31
0
620
0
182
39
122
109
277
52
2
0
7
5
87
1
1
43
135
0
11
85
0
3
142
0
37
548
926
14
2393
682
36
0
98
25
124
0
0
6
786
0
312
46
3804
1
108
56
12727
10
68
198
131
46
655
218
23
6
22
0
0
312
0
284
92
30
42
0
275
0
0
0
2
0
0
83
0
0
582
0
0
0
1
411
0
19
0
0
0
1
107
253
7979
128
9748
0
0
317
0
6
0
4
837
0
118
134
0
11
0
0
0
14600
0
0
20
8
1423
0
27
1
25
0
707
0
218
8
5401
734
0
0
224
15
9
63
425
1
186
1
12
0
60
0
0
335
135
452386
7092
2661
138
4
390
2
6
46
0
0
0
0
0
0
16
112
6
1077
0
0
261
0
0
775
0
0
0
3
0
1
9206
12
119
0
0
0
0
1
2
3
11
0
0
0
0
0
0
0
0
0
0
399
0
1853
89
0
49
0
0
152
1
0
0
10
422
190
562
632
252
19
958
0
151
0
1
18
0
17
107
1
1011
1
0
0
8
0
424
5
37
0
2944
0
8286
56
34776
86
145
23
10
0
3332
3
6
12337
4307
59
31
6
0
162
0
0
0
2
0
37
0
248
13540
1
32
0
2
64
202
18
0
31
0
0
1
0
0
42
0
0
0
198
4
0
217
156
0
65
10
279
67
20
2105
19
2531
0
0
2
0
0
0
0
0
0
0
0
0
0
0
0
0
21
519
0
296
5
0
0
0
0
1177
1249
7384
49
43
563
64
1627
3
13
0
345
8
0
4959
4
0
0
161
0
0
0
0
0
0
319
0
409
5
4
0
0
0
0
0
0
86
46
0
1093
0
0
0
1
0
0
3
0
1975
0
0
0
998
0
25
0
1
7
1384
53
0
0
5967
0
0
298
31
0
233
66758
5
0
0
0
0
0
0
0
12
74
744
6769
3
0
0
31
0
120
1886
1
0
28
0
2
7
0
0
4
711
0
2473
3006
0
0
0
189
0
1713
2034
1381
244
18
0
316
0
0
19
65
192
0
1
0
0
571
0
1596
0
11721
220
18
7360
0
2756
1
0
0
105
0
0
65
0
1877
99
0
0
0
0
0
0
0
3510
1854
0
41049
546
4
12
8101
0
2372
922
2
0
538
0
0
0
0
0
0
0
0
0
0
0
0
0
0
0
0
0
0
0
0
112
2037
0
128
0
0
0
9
0
0
0
0
0
0
0
0
0
0
2
0
1
0
30750
980
0
0
0
1
0
667
0
1
0
10
2
7
2
0
1
0
0
452
0
4435
0
2170
663
12
2790
0
12651
0
1350
0
22
27
0
0
0
0
5
0
0
0
105
572
0
2230
0
0
0
11
0
3
0
0
144
44
4
39
59
326
1
31
0
21563
2028
2320
410
834
0
3
166
0
317
1
15474
19379
120
33543
0
81
133
33
0
0
0
0
0
0
0
0
0
41
157
3
43
140
15
4
7142
0
1378
12016
7
0
0
7
296
0
149
1014
5570
127
115
897
0
3443
181
5
24
1609
633
3
2536
65
2
0
16
734
7
91
0
2
0
0
0
0
0
0
0
0
0
0
0
0
0
0
0
0
80
0
9
7
0
0
0
0
23
4
0
2
0
0
0
0
0
512
0
0
0
0
0
0
0
0
0
0
0
0
0
0
0
1
0
295
0
9
455
25
8250
4
2999
0
5708
528
92
4
1331
0
1242
0
1311
5
1
25
0
3
0
235
0
33
0
0
1
0
159
124
2
0
2
4353
31
0
11
14
0
64
0
0
0
0
0
223
18
0
61
36
19
1457
27251
0
101
4
0
0
3
0
94
452
26
12
3
0
0
0
54
0
0
4612
0
0
0
0
0
0
0
185
57
0
0
274
1
1
1
177
19
1
35
593
818
1
21
0
107
3745
4
1742
1377
11
2
0
13
0
0
70
0
5115
0
485757
0
1017
27
0
0
0
0
0
0
0
0
0
0
0
0
0
115
0
104
941
583
0
0
1
559
1
1785
172
4
0
0
3643
0
0
0
10474
1721
22752
264
3459
0
113
212
0
1
197
1884
1989
0
0
1907
0
222
9950
0
0
3
117
758
0
0
57
29
1178
0
0
0
0
0
0
0
0
0
0
0
0
4568
0
1
0
0
0
17
0
10
404
0
0
0
301
0
35
0
0
102
1512
3165
1
979
41
105
12
33
989
0
16
0
190
4
0
13
0
0
0
0
0
0
120
1
41
4
7
30
94
0
0
1
1
185
186
0
154
0
18
78
0
0
0
662
190
0
27
531
11
0
0
0
0
12
5
0
0
3
83
10
846
0
0
0
0
0
0
55
0
50
386
0
0
341
12
1
0
5
403
147
1
16
0
0
217
707
657
0
0
0
0
0
0
39
0
3366
105
601
0
1
25
0
0
0
1499
0
0
0
0
1
34
0
0
0
0
0
0
0
23
0
0
0
0
0
0
7
898
6322
2100
0
1
109
0
0
330
0
0
60
2705
335
3320
30
13319
0
70386
2737
0
20130
3
4773
1
0
14
1
0
13
1
0
2962
1179
6473
51
0
0
0
0
0
0
0
0
0
0
0
0
0
0
0
0
1
9733
1258
0
19
10132
300
0
56
0
0
0
0
0
0
0
0
67
180
0
1
308
14
1
2085
66
399
1833
4
195
74
0
3642
888
0
0
0
0
40
1999
0
160
25
508
0
0
0
0
4
2
0
2755
734
0
0
0
0
288
378
463
0
0
0
0
25
0
1
0
0
0
172
0
0
0
102
0
0
403
0
0
0
0
0
0
0
0
0
0
971
163
55
1648
0
0
2373
0
321
4158
0
1925
0
0
0
0
2
0
0
0
18
1316
0
0
0
0
0
0
0
0
0
0
0
0
0
0
0
0
0
0
0
0
0
0
0
35
0
0
0
0
0
0
0
0
0
3257
0
0
43
940
4
0
53
35
0
0
0
91
0
0
0
0
0
0
47
0
27
4
901
649
78
0
304
0
0
0
3441
0
0
0
0
0
0
0
0
0
0
0
0
0
0
0
0
0
0
0
0
0
0
981
59
129
0
0
0
0
0
0
12
0
0
0
129
0
0
102
0
0
4
1729
27
0
0
0
9248
54717
39
1
0
0
827
3981
735
441
2
0
120
554
0
0
0
0
0
11
0
5310
0
69
922203
0
122
258
505
55
188
7120
9
2725
12
5
70
386
174
0
0
0
0
0
173
3301
1053
0
18
0
0
546
394
8
882
2159
12
125
0
0
0
0
0
0
0
533
1
753
9
0
0
1
0
0
0
0
0
0
0
0
0
0
0
0
0
0
0
0
0
0
0
0
0
0
0
0
0
0
0
0
0
0
0
0
0
0
0
0
0
0
0
0
1
0
0
0
0
0
0
0
0
0
0
0
0
0
0
0
0
0
0
0
0
0
0
0
0
0
0
0
0
0
0
0
0
0
0
0
0
0
0
0
0
0
0
0
0
0
0
0
0
0
0
0
0
0
0
0
0
0
0
0
0
0
0
0
0
0
0
0
0
0
73
0
0
0
1436
0
2
0
0
0
0
1217
0
3
723
0
0
